         2         1         1     2.615
         2         1         2    0.2382
         2         1         3    0.3955
         2         1         4     4.174
         2         1         5     16.97
         2         1         6      28.8
         2         1         7     15.01
         2         1         8     2.939
         2         1         9    0.5755
         2         1        10   0.04632
         2         1        11     1.383
         2         1        12      1.58
         2         1        13    0.9741
         2         1        14    0.4398
         2         1        15  0.009588
         2         1        16    0.1792
         2         1        17      4.24
         2         1        18     10.17
         2         1        19      6.44
         2         1        20    0.7338
         2         1        21   0.05312
         2         1        22     3.264
         2         1        23     10.21
         2         1        24     5.495
         2         1        25     1.073
         2         1        26     0.288
         2         1        27   0.07878
         2         1        28    0.5538
         2         1        29     10.76
         2         1        30     49.06
         2         1        31     54.76
         2         1        32     5.497
         2         1        33      15.9
         2         1        34     44.66
         2         1        35     26.64
         2         1        36     4.742
         2         1        37 0.0001795
         2         1        38    0.3986
         2         1        39   0.07507
         2         1        40    0.1499
         2         1        41     0.955
         2         1        42    0.1731
         2         1        43    0.8253
         2         1        44     1.196
         2         1        45    0.3798
         2         1        46    0.5266
         2         1        47     1.794
         2         1        48     8.202
         2         1        49        27
         2         1        50     36.15
         2         1        51      17.4
         2         1        52     2.594
         2         1        53   0.02626
         2         1        54     2.547
         2         1        55     13.95
         2         1        56     43.15
         2         1        57     54.35
         2         1        58     19.27
         2         1        59    0.1455
         2         1        60     3.789
         2         1        61     8.997
         2         1        62     9.277
         2         1        63     3.938
         2         1        64     4.469
         2         1        65     22.38
         2         1        66     33.65
         2         1        67     6.214
         2         1        68     2.226
         2         1        69      8.81
         2         1        70     7.553
         2         1        71     3.797
         2         1        72    0.8479
         2         1        73    0.9044
         2         1        74      23.3
         2         1        75     87.82
         2         1        76     98.01
         2         1        77     32.93
         2         1        78     6.201
         2         1        79     6.259
         2         1        80     11.34
         2         1        81      12.8
         2         1        82     8.991
         2         1        83     4.288
         2         1        84       2.9
         2         1        85     5.255
         2         1        86     5.215
         2         1        87    0.1844
         2         1        88     21.86
         2         1        89     43.57
         2         1        90     27.85
         2         1        91     15.59
         2         1        92     14.89
         2         1        93     7.937
         2         1        94    0.5363
         2         1        95    0.4458
         2         1        96     5.216
         2         1        97     28.06
         2         1        98     55.79
         2         1        99     43.45
         2         1       100     14.04
         2         1       101   0.04269
         2         1       102     16.06
         2         1       103     42.95
         2         1       104     29.16
         2         1       105     9.367
         2         1       106     3.632
         2         1       107     3.574
         2         1       108     5.499
         2         1       109     7.897
         2         1       110     10.28
         2         1       111     6.157
         2         1       112  0.001866
         2         1       113     4.561
         2         1       114     2.549
         2         1       115  0.003325
         2         1       116    0.5116
         2         1       117    0.8051
         2         1       118     1.066
         2         1       119    0.2459
         2         1       120    0.2867
         0         0         0         0
         4         2         1    0.9008
         4         2         2     2.941
         4         2         3    0.3341
         4         2         4     1.067
         4         2         5     1.198
         4         2         6     16.36
         4         2         7    0.2914
         4         2         8     16.42
         4         2         9     5.397
         4         2        10     2.806
         4         2        11     6.153
         4         2        12    0.4958
         4         2        13     1.811
         4         2        14     4.692
         4         2        15  0.004629
         4         2        16     5.779
         4         2        17  0.003215
         4         2        18     2.201
         4         2        19     2.454
         4         2        20    0.2685
         4         2        21     14.07
         4         2        22    0.4362
         4         2        23     19.55
         4         2        24     2.122
         4         2        25     11.94
         4         2        26     3.094
         4         2        27     10.26
         4         2        28     2.594
         4         2        29     21.52
         4         2        30      1.43
         4         2        31     30.63
         4         2        32 4.424e-005
         4         2        33     18.13
         4         2        34     1.113
         4         2        35     3.961
         4         2        36    0.1859
         4         2        37  0.006154
         4         2        38     1.466
         4         2        39     2.099
         4         2        40     4.749
         4         2        41     7.411
         4         2        42     3.198
         4         2        43     10.44
         4         2        44   0.05426
         4         2        45     5.779
         4         2        46     2.913
         4         2        47    0.4928
         4         2        48     9.591
         4         2        49    0.3945
         4         2        50     10.04
         4         2        51    0.4685
         4         2        52     3.673
         4         2        53    0.6363
         4         2        54    0.4339
         4         2        55     10.29
         4         2        56    0.2161
         4         2        57     22.28
         4         2        58     1.223
         4         2        59        17
         4         2        60     6.006
         4         2        61     5.481
         4         2        62     21.71
         4         2        63    0.3635
         4         2        64     47.69
         4         2        65    0.7741
         4         2        66     52.23
         4         2        67     3.025
         4         2        68     22.25
         4         2        69     1.854
         4         2        70      1.17
         4         2        71 8.009e-005
         4         2        72     4.838
         4         2        73     3.052
         4         2        74     26.98
         4         2        75     12.75
         4         2        76     42.39
         4         2        77     18.98
         4         2        78     22.32
         4         2        79     10.39
         4         2        80     2.784
         4         2        81     2.146
         4         2        82    0.2584
         4         2        83    0.8976
         4         2        84     3.527
         4         2        85     3.561
         4         2        86     7.756
         4         2        87     12.17
         4         2        88     9.972
         4         2        89     21.35
         4         2        90     11.94
         4         2        91     18.89
         4         2        92     16.38
         4         2        93     8.337
         4         2        94     21.45
         4         2        95     1.381
         4         2        96     23.56
         4         2        97   0.03832
         4         2        98      19.4
         4         2        99     3.066
         4         2       100     9.063
         4         2       101     15.04
         4         2       102    0.9707
         4         2       103     22.31
         4         2       104    0.1911
         4         2       105     10.08
         4         2       106   0.09764
         4         2       107     2.692
         4         2       108    0.2084
         4         2       109     4.349
         4         2       110    0.4635
         4         2       111     12.49
         4         2       112    0.1896
         4         2       113     18.43
         4         2       114    0.0146
         4         2       115      13.4
         4         2       116    0.7395
         4         2       117     4.871
         4         2       118     1.168
         4         2       119     1.266
         4         2       120     0.387
         0         0         0         0
         6         3         1     6.967
         6         3         2     40.04
         6         3         3     23.13
         6         3         4     2.527
         6         3         5     53.63
         6         3         6     44.92
         6         3         7  0.002958
         6         3         8     36.96
         6         3         9     33.34
         6         3        10   0.01487
         6         3        11     18.95
         6         3        12     10.64
         6         3        13     1.462
         6         3        14     13.38
         6         3        15     2.911
         6         3        16     4.663
         6         3        17     15.44
         6         3        18     3.812
         6         3        19     4.107
         6         3        20     20.15
         6         3        21     9.485
         6         3        22     1.064
         6         3        23     16.26
         6         3        24     12.02
         6         3        25    0.4118
         6         3        26     2.733
         6         3        27     5.814
         6         3        28     4.597
         6         3        29     1.009
         6         3        30    0.6521
         6         3        31     3.812
         6         3        32     1.943
         6         3        33   0.03282
         6         3        34  0.006419
         6         3        35   0.03606
         6         3        36    0.2862
         6         3        37     3.357
         6         3        38     2.042
         6         3        39     1.329
         6         3        40     8.936
         6         3        41      1.74
         6         3        42     5.213
         6         3        43     11.22
         6         3        44   0.09184
         6         3        45     10.06
         6         3        46     7.397
         6         3        47     1.178
         6         3        48     12.45
         6         3        49     2.822
         6         3        50     5.062
         6         3        51     14.59
         6         3        52     1.757
         6         3        53     7.165
         6         3        54     16.82
         6         3        55         2
         6         3        56     6.569
         6         3        57     11.81
         6         3        58    0.2289
         6         3        59     4.639
         6         3        60    0.8993
         6         3        61     3.159
         6         3        62     1.321
         6         3        63     6.811
         6         3        64     14.84
         6         3        65    0.0434
         6         3        66     23.19
         6         3        67     15.86
         6         3        68     1.386
         6         3        69     16.24
         6         3        70     2.103
         6         3        71     5.136
         6         3        72       2.5
         6         3        73      6.84
         6         3        74     17.04
         6         3        75  0.001764
         6         3        76     27.67
         6         3        77     26.52
         6         3        78    0.0158
         6         3        79     19.94
         6         3        80     14.77
         6         3        81    0.1408
         6         3        82      3.42
         6         3        83     3.071
         6         3        84    0.4787
         6         3        85    0.1811
         6         3        86     1.467
         6         3        87    0.5372
         6         3        88     1.118
         6         3        89     3.765
         6         3        90   0.02631
         6         3        91     4.986
         6         3        92     3.289
         6         3        93    0.7988
         6         3        94     3.747
         6         3        95   0.01537
         6         3        96     1.208
         6         3        97    0.3079
         6         3        98     4.593
         6         3        99  0.003453
         6         3       100     14.34
         6         3       101     16.47
         6         3       102    0.2245
         6         3       103     25.06
         6         3       104      23.2
         6         3       105    0.3374
         6         3       106     11.67
         6         3       107     17.34
         6         3       108     3.191
         6         3       109     2.482
         6         3       110     10.39
         6         3       111     2.788
         6         3       112     2.392
         6         3       113     8.147
         6         3       114    0.5513
         6         3       115     4.786
         6         3       116     6.317
         6         3       117   0.05371
         6         3       118     3.155
         6         3       119     2.762
         6         3       120   0.08513
         0         0         0         0
         8         4         1     34.89
         8         4         2      39.1
         8         4         3     7.006
         8         4         4      8.54
         8         4         5     47.56
         8         4         6     45.58
         8         4         7     8.209
         8         4         8     3.715
         8         4         9     21.61
         8         4        10     18.68
         8         4        11     4.803
         8         4        12   0.02112
         8         4        13    0.9048
         8         4        14     2.224
         8         4        15     4.168
         8         4        16     5.487
         8         4        17     2.367
         8         4        18    0.4234
         8         4        19     9.947
         8         4        20        17
         8         4        21     6.007
         8         4        22     1.267
         8         4        23     19.18
         8         4        24     26.57
         8         4        25     8.353
         8         4        26     1.065
         8         4        27     18.38
         8         4        28     26.22
         8         4        29     10.96
         8         4        30  0.007092
         8         4        31     7.696
         8         4        32     15.51
         8         4        33     9.688
         8         4        34     1.007
         8         4        35     1.343
         8         4        36     5.168
         8         4        37      3.71
         8         4        38    0.3539
         8         4        39    0.4689
         8         4        40     1.116
         8         4        41    0.2143
         8         4        42    0.1491
         8         4        43    0.5133
         8         4        44    0.1567
         8         4        45  0.003188
         8         4        46   0.02151
         8         4        47 2.122e-005
         8         4        48   0.02243
         8         4        49    0.6654
         8         4        50     2.016
         8         4        51     1.194
         8         4        52    0.1318
         8         4        53     4.245
         8         4        54     7.179
         8         4        55     2.549
         8         4        56    0.3283
         8         4        57     6.104
         8         4        58     8.937
         8         4        59     3.624
         8         4        60   0.03516
         8         4        61     5.201
         8         4        62      11.4
         8         4        63     8.036
         8         4        64    0.5454
         8         4        65     3.846
         8         4        66     14.84
         8         4        67     15.33
         8         4        68     4.649
         8         4        69    0.2582
         8         4        70     8.599
         8         4        71     18.41
         8         4        72     17.15
         8         4        73     5.531
         8         4        74    0.4886
         8         4        75     14.77
         8         4        76     29.44
         8         4        77      18.9
         8         4        78     1.109
         8         4        79     6.565
         8         4        80     19.67
         8         4        81     14.29
         8         4        82     2.206
         8         4        83    0.6076
         8         4        84     3.476
         8         4        85     3.062
         8         4        86     1.292
         8         4        87    0.3784
         8         4        88   0.05353
         8         4        89   0.07069
         8         4        90    0.8376
         8         4        91     1.828
         8         4        92     1.228
         8         4        93   0.00515
         8         4        94     1.727
         8         4        95     5.035
         8         4        96     3.928
         8         4        97    0.1053
         8         4        98     4.393
         8         4        99     15.35
         8         4       100     14.08
         8         4       101     1.465
         8         4       102     6.222
         8         4       103      26.1
         8         4       104      23.8
         8         4       105     3.627
         8         4       106     3.443
         8         4       107     16.38
         8         4       108     13.27
         8         4       109      2.29
         8         4       110    0.2884
         8         4       111     1.694
         8         4       112    0.8804
         8         4       113     0.199
         8         4       114    0.2818
         8         4       115    0.9728
         8         4       116     1.141
         8         4       117    0.1261
         8         4       118    0.6353
         8         4       119       2.5
         8         4       120      2.12
         0         0         0         0
        10         5         1     30.24
        10         5         2     17.34
        10         5         3    0.7977
        10         5         4     9.058
        10         5         5     34.29
        10         5         6     40.87
        10         5         7     19.51
        10         5         8    0.7228
        10         5         9     7.511
        10         5        10     23.95
        10         5        11     23.91
        10         5        12      8.93
        10         5        13   0.04375
        10         5        14     4.705
        10         5        15     10.03
        10         5        16      6.17
        10         5        17    0.3557
        10         5        18     2.185
        10         5        19     6.989
        10         5        20     5.046
        10         5        21    0.1755
        10         5        22     3.783
        10         5        23     13.01
        10         5        24     13.07
        10         5        25     3.299
        10         5        26     1.059
        10         5        27     13.02
        10         5        28     22.27
        10         5        29     14.91
        10         5        30     2.144
        10         5        31     1.877
        10         5        32      11.8
        10         5        33     15.93
        10         5        34     9.265
        10         5        35     1.516
        10         5        36    0.3268
        10         5        37     2.873
        10         5        38     3.718
        10         5        39      2.25
        10         5        40    0.7236
        10         5        41    0.1272
        10         5        42   0.02549
        10         5        43   0.02515
        10         5        44   0.01693
        10         5        45   0.01208
        10         5        46    0.3446
        10         5        47     1.295
        10         5        48      2.18
        10         5        49     1.776
        10         5        50    0.3738
        10         5        51    0.2532
        10         5        52     2.471
        10         5        53     4.307
        10         5        54     2.832
        10         5        55     0.223
        10         5        56     1.071
        10         5        57      4.36
        10         5        58     4.335
        10         5        59    0.8234
        10         5        60    0.8679
        10         5        61     6.332
        10         5        62     8.735
        10         5        63     3.427
        10         5        64    0.2008
        10         5        65     8.733
        10         5        66     20.01
        10         5        67     17.27
        10         5        68     3.741
        10         5        69     1.949
        10         5        70     20.09
        10         5        71     35.87
        10         5        72     26.93
        10         5        73     5.347
        10         5        74     2.339
        10         5        75     23.05
        10         5        76     38.54
        10         5        77     27.55
        10         5        78     5.812
        10         5        79     1.171
        10         5        80     14.74
        10         5        81     24.03
        10         5        82     16.75
        10         5        83     3.949
        10         5        84    0.1815
        10         5        85     4.878
        10         5        86     7.984
        10         5        87     5.195
        10         5        88     1.036
        10         5        89   0.08909
        10         5        90     1.153
        10         5        91     1.014
        10         5        92   0.04378
        10         5        93     0.693
        10         5        94     2.139
        10         5        95     1.372
        10         5        96   0.01184
        10         5        97      3.57
        10         5        98     10.87
        10         5        99     12.14
        10         5       100     4.405
        10         5       101    0.2144
        10         5       102     10.07
        10         5       103     23.44
        10         5       104     22.08
        10         5       105     7.712
        10         5       106   0.01415
        10         5       107     7.921
        10         5       108     18.63
        10         5       109     17.76
        10         5       110     7.633
        10         5       111    0.4256
        10         5       112     1.786
        10         5       113     6.888
        10         5       114      8.78
        10         5       115     5.833
        10         5       116     1.599
        10         5       117   0.00803
        10         5       118     1.527
        10         5       119     3.441
        10         5       120     3.292
         0         0         0         0
        12         6         1     15.51
        12         6         2     4.876
        12         6         3    0.1211
        12         6         4     8.712
        12         6         5     22.73
        12         6         6     27.17
        12         6         7     17.38
        12         6         8      4.11
        12         6         9    0.2271
        12         6        10     6.477
        12         6        11     13.07
        12         6        12     12.55
        12         6        13     6.728
        12         6        14     1.664
        12         6        15   0.02202
        12         6        16    0.2785
        12         6        17     0.547
        12         6        18    0.5265
        12         6        19    0.6165
        12         6        20     1.181
        12         6        21     2.431
        12         6        22      3.69
        12         6        23     3.347
        12         6        24     1.163
        12         6        25   0.06721
        12         6        26     3.304
        12         6        27     9.386
        12         6        28     12.32
        12         6        29     8.558
        12         6        30     2.057
        12         6        31    0.2666
        12         6        32     5.408
        12         6        33     11.94
        12         6        34     13.05
        12         6        35     7.986
        12         6        36     1.952
        12         6        37   0.05212
        12         6        38     2.628
        12         6        39     6.188
        12         6        40     7.387
        12         6        41     5.604
        12         6        42     2.543
        12         6        43    0.3616
        12         6        44    0.1703
        12         6        45     1.609
        12         6        46     3.309
        12         6        47     3.856
        12         6        48     2.804
        12         6        49     1.043
        12         6        50   0.03086
        12         6        51    0.3909
        12         6        52     1.323
        12         6        53     1.592
        12         6        54    0.9545
        12         6        55    0.2231
        12         6        56  0.000137
        12         6        57    0.0298
        12         6        58 5.921e-006
        12         6        59    0.1711
        12         6        60    0.5962
        12         6        61    0.5713
        12         6        62   0.03203
        12         6        63    0.7746
        12         6        64     4.253
        12         6        65       8.1
        12         6        66     7.645
        12         6        67     2.658
        12         6        68    0.1129
        12         6        69     6.434
        12         6        70      17.6
        12         6        71     21.64
        12         6        72     13.19
        12         6        73     1.906
        12         6        74     1.971
        12         6        75     14.53
        12         6        76     25.51
        12         6        77      22.4
        12         6        78     9.024
        12         6        79    0.2215
        12         6        80     4.128
        12         6        81     14.02
        12         6        82     17.94
        12         6        83     12.34
        12         6        84      3.84
        12         6        85   0.02254
        12         6        86     1.895
        12         6        87     5.259
        12         6        88     6.475
        12         6        89     5.243
        12         6        90      3.13
        12         6        91     1.369
        12         6        92    0.3066
        12         6        93   0.01601
        12         6        94     0.871
        12         6        95     3.377
        12         6        96     7.074
        12         6        97     9.614
        12         6        98     8.189
        12         6        99      3.24
        12         6       100   0.00218
        12         6       101     3.918
        12         6       102     13.56
        12         6       103      20.2
        12         6       104     16.72
        12         6       105     6.358
        12         6       106   0.05342
        12         6       107      4.41
        12         6       108     14.26
        12         6       109      18.7
        12         6       110     13.23
        12         6       111     3.976
        12         6       112  0.002908
        12         6       113     3.536
        12         6       114     8.911
        12         6       115      9.83
        12         6       116     5.792
        12         6       117      1.26
        12         6       118    0.0762
        12         6       119       1.9
        12         6       120     3.699
         0         0         0         0
        14         7         1     6.141
        14         7         2    0.8363
        14         7         3     0.951
        14         7         4     7.614
        14         7         5     16.13
        14         7         6     19.76
        14         7         7     15.61
        14         7         8     7.054
        14         7         9     0.756
        14         7        10     1.012
        14         7        11     6.642
        14         7        12     12.63
        14         7        13     14.44
        14         7        14     11.17
        14         7        15      5.45
        14         7        16     1.015
        14         7        17    0.1503
        14         7        18      2.63
        14         7        19      6.31
        14         7        20     8.601
        14         7        21     7.978
        14         7        22     4.842
        14         7        23     1.333
        14         7        24   0.01895
        14         7        25     2.064
        14         7        26     6.128
        14         7        27     9.101
        14         7        28     8.493
        14         7        29     4.663
        14         7        30    0.8052
        14         7        31    0.3579
        14         7        32     3.952
        14         7        33     8.708
        14         7        34     10.66
        14         7        35     8.199
        14         7        36      3.42
        14         7        37    0.2171
        14         7        38    0.9369
        14         7        39     4.565
        14         7        40     7.847
        14         7        41     8.127
        14         7        42     5.364
        14         7        43      1.83
        14         7        44   0.03801
        14         7        45     0.816
        14         7        46     2.978
        14         7        47     4.564
        14         7        48     4.411
        14         7        49     2.815
        14         7        50    0.9953
        14         7        51   0.04752
        14         7        52    0.2642
        14         7        53     1.191
        14         7        54     2.124
        14         7        55     2.565
        14         7        56     2.367
        14         7        57      1.66
        14         7        58    0.7515
        14         7        59     0.084
        14         7        60    0.1676
        14         7        61     1.341
        14         7        62     3.361
        14         7        63     5.174
        14         7        64     5.393
        14         7        65     3.504
        14         7        66    0.8653
        14         7        67    0.1272
        14         7        68     2.943
        14         7        69     7.872
        14         7        70     10.97
        14         7        71     9.279
        14         7        72     4.058
        14         7        73    0.1917
        14         7        74     1.685
        14         7        75      7.54
        14         7        76     12.41
        14         7        77     11.69
        14         7        78     6.061
        14         7        79    0.8176
        14         7        80    0.7198
        14         7        81     5.527
        14         7        82     10.49
        14         7        83     11.01
        14         7        84     6.761
        14         7        85      1.66
        14         7        86   0.08559
        14         7        87     3.163
        14         7        88     8.125
        14         7        89     10.86
        14         7        90     9.231
        14         7        91     4.586
        14         7        92    0.6181
        14         7        93    0.5847
        14         7        94     4.884
        14         7        95     10.63
        14         7        96     13.61
        14         7        97     11.42
        14         7        98     5.562
        14         7        99    0.6529
        14         7       100    0.9264
        14         7       101     6.624
        14         7       102     13.41
        14         7       103     15.74
        14         7       104     11.64
        14         7       105      4.49
        14         7       106    0.1565
        14         7       107     1.812
        14         7       108     7.267
        14         7       109     11.22
        14         7       110     10.19
        14         7       111     5.344
        14         7       112    0.9531
        14         7       113    0.2046
        14         7       114     2.619
        14         7       115      5.13
        14         7       116     5.256
        14         7       117     3.129
        14         7       118    0.7967
        14         7       119  0.005504
        14         7       120    0.7785
         0         0         0         0
        16         8         1     1.668
        16         8         2  0.001175
        16         8         3     2.111
        16         8         4     7.307
        16         8         5     12.55
        16         8         6     14.45
        16         8         7     11.67
        16         8         8     5.997
        16         8         9     1.147
        16         8        10    0.2173
        16         8        11     3.548
        16         8        12     8.586
        16         8        13     11.76
        16         8        14     10.97
        16         8        15     6.898
        16         8        16      2.32
        16         8        17   0.05079
        16         8        18     1.033
        16         8        19     3.888
        16         8        20     6.123
        16         8        21     5.997
        16         8        22     3.704
        16         8        23     1.053
        16         8        24  0.002524
        16         8        25     1.163
        16         8        26     3.407
        16         8        27     4.817
        16         8        28     4.229
        16         8        29     2.139
        16         8        30    0.2909
        16         8        31     0.269
        16         8        32      2.22
        16         8        33     4.715
        16         8        34     5.869
        16         8        35     4.811
        16         8        36     2.352
        16         8        37     0.337
        16         8        38    0.2215
        16         8        39     1.988
        16         8        40     4.226
        16         8        41     5.253
        16         8        42     4.358
        16         8        43     2.252
        16         8        44    0.4362
        16         8        45   0.06783
        16         8        46     1.173
        16         8        47     2.747
        16         8        48      3.56
        16         8        49     3.044
        16         8        50     1.621
        16         8        51    0.3268
        16         8        52   0.05059
        16         8        53    0.9398
        16         8        54     2.336
        16         8        55      3.25
        16         8        56     3.035
        16         8        57     1.832
        16         8        58     0.489
        16         8        59   0.01216
        16         8        60    0.8711
        16         8        61      2.62
        16         8        62     4.128
        16         8        63     4.328
        16         8        64     3.016
        16         8        65     1.097
        16         8        66   0.01732
        16         8        67    0.7016
        16         8        68     2.776
        16         8        69     4.749
        16         8        70      5.11
        16         8        71     3.547
        16         8        72     1.255
        16         8        73   0.01722
        16         8        74    0.7543
        16         8        75     2.748
        16         8        76     4.244
        16         8        77     3.948
        16         8        78      2.13
        16         8        79    0.3659
        16         8        80    0.1384
        16         8        81     1.532
        16         8        82     3.182
        16         8        83     3.525
        16         8        84     2.227
        16         8        85    0.5103
        16         8        86   0.07636
        16         8        87     1.557
        16         8        88     3.877
        16         8        89     5.113
        16         8        90     4.157
        16         8        91     1.769
        16         8        92   0.07387
        16         8        93     0.846
        16         8        94     3.974
        16         8        95     7.385
        16         8        96     8.577
        16         8        97     6.596
        16         8        98     2.877
        16         8        99    0.2295
        16         8       100    0.7121
        16         8       101     4.043
        16         8       102       7.8
        16         8       103     9.255
        16         8       104     7.414
        16         8       105      3.67
        16         8       106    0.6403
        16         8       107    0.1511
        16         8       108     1.993
        16         8       109     4.316
        16         8       110     5.202
        16         8       111     4.085
        16         8       112     1.946
        16         8       113    0.3232
        16         8       114   0.07066
        16         8       115      0.87
        16         8       116     1.721
        16         8       117     1.847
        16         8       118     1.224
        16         8       119    0.4209
        16         8       120   0.01268
         0         0         0         0
        18         9         1    0.1461
        18         9         2     0.425
        18         9         3     2.736
        18         9         4     6.093
        18         9         5     8.778
        18         9         6     9.321
        18         9         7     7.388
        18         9         8     4.026
        18         9         9     1.059
        18         9        10  0.003808
        18         9        11     1.199
        18         9        12     3.663
        18         9        13     5.767
        18         9        14     6.255
        18         9        15     4.945
        18         9        16     2.706
        18         9        17    0.7883
        18         9        18  0.009828
        18         9        19    0.3351
        18         9        20      1.07
        18         9        21     1.455
        18         9        22     1.193
        18         9        23    0.5588
        18         9        24   0.07276
        18         9        25   0.04897
        18         9        26    0.3714
        18         9        27    0.6489
        18         9        28    0.5859
        18         9        29    0.2473
        18         9        30  0.003498
        18         9        31    0.2064
        18         9        32    0.8685
        18         9        33     1.611
        18         9        34     1.933
        18         9        35     1.594
        18         9        36    0.8157
        18         9        37    0.1414
        18         9        38   0.04937
        18         9        39    0.6108
        18         9        40      1.44
        18         9        41      1.97
        18         9        42     1.851
        18         9        43      1.18
        18         9        44     0.409
        18         9        45   0.01215
        18         9        46    0.1588
        18         9        47    0.6245
        18         9        48    0.9879
        18         9        49    0.9538
        18         9        50    0.5611
        18         9        51    0.1317
        18         9        52   0.01001
        18         9        53    0.2955
        18         9        54    0.7669
        18         9        55     1.054
        18         9        56    0.9252
        18         9        57    0.4742
        18         9        58   0.06517
        18         9        59   0.06641
        18         9        60     0.567
        18         9        61     1.288
        18         9        62     1.761
        18         9        63     1.659
        18         9        64     1.042
        18         9        65     0.325
        18         9        66 0.0002875
        18         9        67    0.2894
        18         9        68    0.9873
        18         9        69      1.61
        18         9        70     1.736
        18         9        71     1.297
        18         9        72    0.6031
        18         9        73   0.09552
        18         9        74   0.02779
        18         9        75    0.3095
        18         9        76     0.621
        18         9        77    0.6851
        18         9        78    0.4702
        18         9        79     0.171
        18         9        80  0.008305
        18         9        81   0.03689
        18         9        82    0.1287
        18         9        83    0.1311
        18         9        84   0.03923
        18         9        85  0.008699
        18         9        86    0.1899
        18         9        87    0.5399
        18         9        88    0.8078
        18         9        89    0.7426
        18         9        90    0.3599
        18         9        91   0.01967
        18         9        92    0.1965
        18         9        93     1.087
        18         9        94     2.363
        18         9        95     3.312
        18         9        96     3.307
        18         9        97     2.287
        18         9        98    0.8825
        18         9        99   0.03544
        18         9       100    0.3804
        18         9       101     1.795
        18         9       102     3.458
        18         9       103     4.375
        18         9       104     4.017
        18         9       105     2.634
        18         9       106     1.049
        18         9       107    0.1014
        18         9       108    0.1376
        18         9       109    0.8689
        18         9       110     1.649
        18         9       111     1.933
        18         9       112      1.59
        18         9       113    0.8987
        18         9       114    0.2812
        18         9       115  0.009441
        18         9       116   0.07315
        18         9       117    0.2646
        18         9       118    0.3695
        18         9       119      0.31
        18         9       120    0.1554
         0         0         0         0
        20        10         1   0.02263
        20        10         2    0.8284
        20        10         3     2.558
        20        10         4     4.539
        20        10         5     5.929
        20        10         6     6.113
        20        10         7     5.011
        20        10         8     3.115
        20        10         9     1.242
        20        10        10    0.1378
        20        10        11    0.1371
        20        10        12     1.043
        20        10        13     2.282
        20        10        14     3.217
        20        10        15     3.454
        20        10        16     2.973
        20        10        17     2.062
        20        10        18     1.113
        20        10        19    0.4196
        20        10        20   0.07484
        20        10        21 0.0005828
        20        10        22   0.04991
        20        10        23    0.1057
        20        10        24     0.122
        20        10        25    0.1082
        20        10        26   0.09039
        20        10        27   0.08763
        20        10        28     0.112
        20        10        29    0.1761
        20        10        30    0.2892
        20        10        31    0.4394
        20        10        32    0.5802
        20        10        33    0.6433
        20        10        34    0.5782
        20        10        35    0.3937
        20        10        36     0.169
        20        10        37   0.01837
        20        10        38   0.02639
        20        10        39    0.1942
        20        10        40    0.4344
        20        10        41      0.62
        20        10        42    0.6574
        20        10        43    0.5363
        20        10        44    0.3277
        20        10        45     0.133
        20        10        46    0.0222
        20        10        47  0.001265
        20        10        48   0.02517
        20        10        49   0.04163
        20        10        50   0.02974
        20        10        51  0.006545
        20        10        52   0.00169
        20        10        53   0.02492
        20        10        54   0.05515
        20        10        55    0.0605
        20        10        56   0.03208
        20        10        57  0.001509
        20        10        58   0.02376
        20        10        59    0.1344
        20        10        60    0.3128
        20        10        61    0.4816
        20        10        62    0.5494
        20        10        63    0.4704
        20        10        64     0.281
        20        10        65   0.08615
        20        10        66 8.85e-005
        20        10        67   0.07895
        20        10        68    0.2871
        20        10        69    0.5181
        20        10        70    0.6565
        20        10        71      0.64
        20        10        72    0.4872
        20        10        73     0.277
        20        10        74   0.09915
        20        10        75  0.009164
        20        10        76   0.01072
        20        10        77   0.06971
        20        10        78     0.143
        20        10        79    0.2013
        20        10        80    0.2363
        20        10        81    0.2542
        20        10        82    0.2644
        20        10        83    0.2721
        20        10        84    0.2737
        20        10        85    0.2573
        20        10        86    0.2089
        20        10        87    0.1261
        20        10        88   0.03593
        20        10        89  0.001695
        20        10        90    0.1053
        20        10        91    0.4012
        20        10        92    0.8628
        20        10        93     1.359
        20        10        94     1.693
        20        10        95     1.692
        20        10        96     1.319
        20        10        97    0.7217
        20        10        98    0.1862
        20        10        99   0.00336
        20        10       100     0.312
        20        10       101     1.012
        20        10       102     1.802
        20        10       103     2.325
        20        10       104      2.35
        20        10       105     1.879
        20        10       106     1.138
        20        10       107    0.4442
        20        10       108   0.05185
        20        10       109   0.03653
        20        10       110    0.2906
        20        10       111    0.6083
        20        10       112    0.8038
        20        10       113    0.7949
        20        10       114    0.6159
        20        10       115    0.3702
        20        10       116      0.16
        20        10       117   0.03834
        20        10       118 0.0006413
        20        10       119  0.008649
        20        10       120    0.0234
         0         0         0         0
        22        11         1    0.1932
        22        11         2     1.019
        22        11         3      2.28
        22        11         4     3.572
        22        11         5      4.45
        22        11         6     4.606
        22        11         7     3.987
        22        11         8     2.811
        22        11         9     1.488
        22        11        10    0.4512
        22        11        11  0.007478
        22        11        12    0.2319
        22        11        13    0.9666
        22        11        14     1.902
        22        11        15     2.704
        22        11        16     3.128
        22        11        17     3.085
        22        11        18     2.637
        22        11        19     1.951
        22        11        20     1.219
        22        11        21    0.6021
        22        11        22    0.1932
        22        11        23    0.0136
        22        11        24   0.03147
        22        11        25    0.1873
        22        11        26    0.4157
        22        11        27    0.6589
        22        11        28    0.8716
        22        11        29     1.021
        22        11        30     1.086
        22        11        31     1.056
        22        11        32     0.934
        22        11        33     0.739
        22        11        34    0.5047
        22        11        35    0.2762
        22        11        36   0.09947
        22        11        37  0.008724
        22        11        38   0.01559
        22        11        39    0.1047
        22        11        40    0.2388
        22        11        41    0.3714
        22        11        42    0.4627
        22        11        43    0.4912
        22        11        44    0.4576
        22        11        45    0.3798
        22        11        46    0.2831
        22        11        47    0.1902
        22        11        48    0.1148
        22        11        49   0.06132
        22        11        50   0.02756
        22        11        51  0.008731
        22        11        52 0.0006911
        22        11        53  0.001651
        22        11        54   0.01261
        22        11        55   0.03668
        22        11        56   0.07725
        22        11        57    0.1347
        22        11        58    0.2031
        22        11        59    0.2683
        22        11        60    0.3105
        22        11        61    0.3115
        22        11        62    0.2637
        22        11        63    0.1774
        22        11        64   0.08132
        22        11        65   0.01324
        22        11        66  0.005536
        22        11        67   0.07034
        22        11        68    0.1922
        22        11        69    0.3319
        22        11        70    0.4411
        22        11        71    0.4809
        22        11        72    0.4367
        22        11        73    0.3238
        22        11        74    0.1819
        22        11        75   0.06035
        22        11        76  0.001742
        22        11        77   0.02853
        22        11        78     0.137
        22        11        79     0.299
        22        11        80    0.4708
        22        11        81    0.6045
        22        11        82    0.6611
        22        11        83    0.6206
        22        11        84    0.4901
        22        11        85    0.3045
        22        11        86     0.122
        22        11        87   0.01064
        22        11        88   0.02931
        22        11        89    0.2062
        22        11        90    0.5221
        22        11        91    0.9068
        22        11        92     1.253
        22        11        93     1.449
        22        11        94      1.42
        22        11        95      1.16
        22        11        96    0.7473
        22        11        97    0.3237
        22        11        98    0.0461
        22        11        99   0.02782
        22        11       100    0.2918
        22        11       101    0.7571
        22        11       102     1.266
        22        11       103     1.645
        22        11       104     1.766
        22        11       105     1.596
        22        11       106     1.203
        22        11       107    0.7229
        22        11       108     0.304
        22        11       109   0.05386
        22        11       110  0.005853
        22        11       111    0.1204
        22        11       112    0.3124
        22        11       113    0.4902
        22        11       114    0.5892
        22        11       115    0.5872
        22        11       116    0.5011
        22        11       117    0.3696
        22        11       118     0.234
        22        11       119    0.1236
        22        11       120    0.0506
         0         0         0         0
        24        12         1    0.4198
        24        12         2     1.199
        24        12         3     2.187
        24        12         4     3.117
        24        12         5     3.725
        24        12         6     3.828
        24        12         7      3.39
        24        12         8     2.534
        24        12         9     1.508
        24        12        10    0.6047
        24        12        11   0.07601
        24        12        12    0.0575
        24        12        13    0.5344
        24        12        14     1.353
        24        12        15     2.276
        24        12        16     3.049
        24        12        17     3.477
        24        12        18     3.468
        24        12        19     3.048
        24        12        20     2.339
        24        12        21     1.519
        24        12        22    0.7718
        24        12        23     0.243
        24        12        24   0.01009
        24        12        25   0.07609
        24        12        26    0.3792
        24        12        27    0.8157
        24        12        28     1.268
        24        12        29     1.629
        24        12        30     1.826
        24        12        31     1.828
        24        12        32     1.646
        24        12        33     1.327
        24        12        34    0.9411
        24        12        35     0.562
        24        12        36    0.2546
        24        12        37   0.06206
        24        12        38 7.789e-006
        24        12        39   0.05679
        24        12        40    0.1993
        24        12        41    0.3825
        24        12        42    0.5601
        24        12        43    0.6939
        24        12        44    0.7602
        24        12        45    0.7516
        24        12        46    0.6757
        24        12        47    0.5511
        24        12        48    0.4022
        24        12        49    0.2541
        24        12        50    0.1286
        24        12        51   0.04177
        24        12        52  0.002255
        24        12        53   0.01124
        24        12        54   0.06263
        24        12        55     0.144
        24        12        56    0.2379
        24        12        57    0.3248
        24        12        58    0.3855
        24        12        59    0.4055
        24        12        60    0.3785
        24        12        61    0.3088
        24        12        62    0.2117
        24        12        63     0.111
        24        12        64   0.03325
        24        12        65 0.0002973
        24        12        66   0.02264
        24        12        67   0.09497
        24        12        68    0.1964
        24        12        69     0.296
        24        12        70    0.3617
        24        12        71     0.371
        24        12        72    0.3188
        24        12        73    0.2208
        24        12        74    0.1095
        24        12        75   0.02489
        24        12        76  0.001323
        24        12        77   0.05572
        24        12        78    0.1804
        24        12        79    0.3435
        24        12        80    0.4975
        24        12        81    0.5936
        24        12        82    0.5981
        24        12        83    0.5048
        24        12        84    0.3404
        24        12        85    0.1594
        24        12        86   0.02881
        24        12        87  0.007908
        24        12        88    0.1277
        24        12        89    0.3776
        24        12        90     0.704
        24        12        91     1.023
        24        12        92     1.245
        24        12        93     1.302
        24        12        94      1.17
        24        12        95    0.8838
        24        12        96    0.5252
        24        12        97    0.2029
        24        12        98   0.01899
        24        12        99   0.03601
        24        12       100    0.2571
        24        12       101     0.624
        24        12       102     1.034
        24        12       103     1.373
        24        12       104     1.548
        24        12       105     1.516
        24        12       106     1.291
        24        12       107    0.9417
        24        12       108    0.5609
        24        12       109    0.2413
        24        12       110   0.04756
        24        12       111  0.002474
        24        12       112   0.08628
        24        12       113    0.2489
        24        12       114    0.4286
        24        12       115    0.5707
        24        12       116    0.6409
        24        12       117    0.6297
        24        12       118    0.5497
        24        12       119    0.4272
        24        12       120    0.2923
         0         0         0         0
        26        13         1    0.6838
        26        13         2     1.394
        26        13         3     2.173
        26        13         4     2.836
        26        13         5     3.216
        26        13         6     3.209
        26        13         7     2.806
        26        13         8     2.104
        26        13         9     1.278
        26        13        10    0.5409
        26        13        11   0.08457
        26        13        12   0.03053
        26        13        13    0.3982
        26        13        14     1.101
        26        13        15     1.968
        26        13        16     2.792
        26        13        17      3.38
        26        13        18     3.598
        26        13        19     3.405
        26        13        20     2.856
        26        13        21     2.083
        26        13        22      1.26
        26        13        23    0.5614
        26        13        24    0.1203
        26        13        25  0.003644
        26        13        26    0.2019
        26        13        27    0.6386
        26        13        28     1.193
        26        13        29     1.729
        26        13        30     2.129
        26        13        31     2.313
        26        13        32     2.254
        26        13        33     1.976
        26        13        34     1.546
        26        13        35     1.054
        26        13        36    0.5918
        26        13        37    0.2376
        26        13        38    0.0387
        26        13        39  0.007684
        26        13        40    0.1237
        26        13        41    0.3405
        26        13        42    0.5982
        26        13        43    0.8362
        26        13        44     1.005
        26        13        45     1.074
        26        13        46     1.034
        26        13        47       0.9
        26        13        48    0.7011
        26        13        49    0.4769
        26        13        50    0.2678
        26        13        51    0.1075
        26        13        52   0.01742
        26        13        53  0.003585
        26        13        54    0.0566
        26        13        55    0.1546
        26        13        56    0.2686
        26        13        57    0.3686
        26        13        58    0.4301
        26        13        59    0.4391
        26        13        60    0.3947
        26        13        61    0.3088
        26        13        62    0.2029
        26        13        63    0.1024
        26        13        64   0.03008
        26        13        65 0.0004557
        26        13        66   0.01572
        26        13        67   0.06553
        26        13        68      0.13
        26        13        69    0.1859
        26        13        70    0.2134
        26        13        71    0.2025
        26        13        72    0.1567
        26        13        73   0.09185
        26        13        74   0.03194
        26        13        75  0.001058
        26        13        76    0.0153
        26        13        77   0.07659
        26        13        78    0.1707
        26        13        79    0.2708
        26        13        80    0.3452
        26        13        81    0.3679
        26        13        82    0.3283
        26        13        83    0.2365
        26        13        84    0.1228
        26        13        85   0.03009
        26        13        86  0.001095
        26        13        87   0.06484
        26        13        88    0.2254
        26        13        89    0.4578
        26        13        90    0.7121
        26        13        91    0.9261
        26        13        92     1.043
        26        13        93     1.027
        26        13        94    0.8781
        26        13        95    0.6326
        26        13        96    0.3555
        26        13        97    0.1238
        26        13        98  0.006133
        26        13        99   0.04266
        26        13       100    0.2339
        26        13       101    0.5398
        26        13       102    0.8895
        26        13       103     1.201
        26        13       104       1.4
        26        13       105     1.443
        26        13       106     1.322
        26        13       107      1.07
        26        13       108    0.7473
        26        13       109    0.4255
        26        13       110    0.1704
        26        13       111   0.02621
        26        13       112  0.007182
        26        13       113   0.09774
        26        13       114    0.2596
        26        13       115    0.4437
        26        13       116    0.6027
        26        13       117    0.7014
        26        13       118    0.7232
        26        13       119    0.6701
        26        13       120    0.5597
         0         0         0         0
        28        14         1    0.9292
        28        14         2     1.526
        28        14         3     2.099
        28        14         4     2.522
        28        14         5     2.696
        28        14         6     2.574
        28        14         7     2.174
        28        14         8      1.58
        28        14         9    0.9286
        28        14        10    0.3717
        28        14        11   0.04624
        28        14        12   0.03906
        28        14        13    0.3655
        28        14        14    0.9644
        28        14        15     1.712
        28        14        16     2.448
        28        14        17     3.017
        28        14        18     3.296
        28        14        19      3.23
        28        14        20     2.835
        28        14        21       2.2
        28        14        22     1.459
        28        14        23    0.7641
        28        14        24    0.2517
        28        14        25   0.01248
        28        14        26   0.07538
        28        14        27    0.4051
        28        14        28    0.9132
        28        14        29      1.48
        28        14        30     1.981
        28        14        31     2.314
        28        14        32     2.417
        28        14        33     2.278
        28        14        34     1.935
        28        14        35     1.462
        28        14        36    0.9515
        28        14        37    0.4964
        28        14        38    0.1697
        28        14        39   0.01289
        28        14        40   0.03073
        28        14        41     0.194
        28        14        42    0.4487
        28        14        43    0.7288
        28        14        44    0.9706
        28        14        45     1.125
        28        14        46     1.164
        28        14        47     1.088
        28        14        48    0.9168
        28        14        49    0.6882
        28        14        50     0.447
        28        14        51    0.2352
        28        14        52   0.08395
        28        14        53  0.008881
        28        14        54   0.00826
        28        14        55   0.06554
        28        14        56    0.1545
        28        14        57    0.2461
        28        14        58     0.315
        28        14        59    0.3448
        28        14        60    0.3306
        28        14        61    0.2789
        28        14        62    0.2044
        28        14        63    0.1254
        28        14        64   0.05899
        28        14        65    0.0162
        28        14        66 0.0002728
        28        14        67  0.006541
        28        14        68   0.02483
        28        14        69   0.04327
        28        14        70   0.05232
        28        14        71   0.04786
        28        14        72   0.03227
        28        14        73   0.01331
        28        14        74  0.001028
        28        14        75  0.003878
        28        14        76   0.02514
        28        14        77   0.06112
        28        14        78    0.1017
        28        14        79    0.1336
        28        14        80    0.1445
        28        14        81    0.1288
        28        14        82   0.09007
        28        14        83   0.04216
        28        14        84  0.006243
        28        14        85  0.005121
        28        14        86   0.05609
        28        14        87    0.1644
        28        14        88    0.3197
        28        14        89    0.4963
        28        14        90    0.6582
        28        14        91    0.7682
        28        14        92    0.7972
        28        14        93    0.7339
        28        14        94     0.589
        28        14        95    0.3949
        28        14        96     0.199
        28        14        97   0.05293
        28        14        98 5.608e-005
        28        14        99   0.06399
        28        14       100    0.2421
        28        14       101    0.5048
        28        14       102     0.802
        28        14       103     1.074
        28        14       104     1.266
        28        14       105     1.338
        28        14       106     1.277
        28        14       107     1.097
        28        14       108    0.8355
        28        14       109    0.5458
        28        14       110    0.2831
        28        14       111   0.09357
        28        14       112  0.005336
        28        14       113    0.0237
        28        14       114    0.1321
        28        14       115    0.2975
        28        14       116     0.479
        28        14       117    0.6365
        28        14       118    0.7392
        28        14       119    0.7706
        28        14       120    0.7296
         0         0         0         0
        30        15         1     1.082
        30        15         2      1.53
        30        15         3     1.901
        30        15         4      2.12
        30        15         5     2.135
        30        15         6     1.936
        30        15         7     1.558
        30        15         8     1.074
        30        15         9     0.587
        30        15        10    0.2027
        30        15        11   0.01092
        30        15        12   0.06409
        30        15        13    0.3648
        30        15        14    0.8637
        30        15        15     1.469
        30        15        16     2.063
        30        15        17     2.531
        30        15        18      2.78
        30        15        19     2.762
        30        15        20      2.48
        30        15        21     1.991
        30        15        22     1.392
        30        15        23     0.799
        30        15        24    0.3227
        30        15        25   0.04823
        30        15        26   0.01779
        30        15        27    0.2238
        30        15        28    0.6128
        30        15        29     1.098
        30        15        30     1.577
        30        15        31     1.955
        30        15        32     2.162
        30        15        33     2.162
        30        15        34     1.963
        30        15        35     1.609
        30        15        36     1.169
        30        15        37    0.7243
        30        15        38    0.3493
        30        15        39   0.09928
        30        15        40  0.001414
        30        15        41   0.05191
        30        15        42    0.2198
        30        15        43    0.4553
        30        15        44    0.7016
        30        15        45    0.9058
        30        15        46     1.029
        30        15        47     1.052
        30        15        48     0.977
        30        15        49    0.8238
        30        15        50    0.6247
        30        15        51    0.4164
        30        15        52    0.2322
        30        15        53   0.09601
        30        15        54   0.01932
        30        15        55 0.0004789
        30        15        56   0.02727
        30        15        57   0.08105
        30        15        58    0.1417
        30        15        59     0.192
        30        15        60    0.2206
        30        15        61    0.2237
        30        15        62    0.2038
        30        15        63     0.168
        30        15        64    0.1254
        30        15        65   0.08436
        30        15        66   0.05073
        30        15        67     0.027
        30        15        68   0.01268
        30        15        69  0.005462
        30        15        70  0.002537
        30        15        71  0.001814
        30        15        72  0.002448
        30        15        73  0.004676
        30        15        74  0.009093
        30        15        75   0.01574
        30        15        76   0.02346
        30        15        77   0.02989
        30        15        78   0.03221
        30        15        79   0.02842
        30        15        80   0.01882
        30        15        81  0.007041
        30        15        82 8.392e-005
        30        15        83  0.007177
        30        15        84   0.03746
        30        15        85   0.09705
        30        15        86    0.1862
        30        15        87    0.2978
        30        15        88    0.4171
        30        15        89     0.524
        30        15        90    0.5973
        30        15        91    0.6195
        30        15        92    0.5817
        30        15        93    0.4874
        30        15        94     0.353
        30        15        95    0.2061
        30        15        96   0.08022
        30        15        97  0.008003
        30        15        98   0.01394
        30        15        99    0.1083
        30        15       100    0.2838
        30        15       101    0.5162
        30        15       102    0.7681
        30        15       103    0.9963
        30        15       104      1.16
        30        15       105     1.231
        30        15       106     1.194
        30        15       107     1.058
        30        15       108    0.8467
        30        15       109    0.5975
        30        15       110    0.3538
        30        15       111    0.1558
        30        15       112   0.03335
        30        15       113 0.0009734
        30        15       114   0.05602
        30        15       115    0.1803
        30        15       116    0.3446
        30        15       117    0.5147
        30        15       118    0.6586
        30        15       119    0.7515
        30        15       120    0.7799
