         2         1         1    -1.617
         2         1         2    0.4881
         2         1         3   -0.6289
         2         1         4     2.043
         2         1         5     -4.12
         2         1         6     5.366
         2         1         7    -3.874
         2         1         8     1.714
         2         1         9   -0.7586
         2         1        10   -0.2152
         2         1        11     1.176
         2         1        12    -1.257
         2         1        13     0.987
         2         1        14   -0.6632
         2         1        15   0.09792
         2         1        16   -0.4233
         2         1        17     2.059
         2         1        18    -3.189
         2         1        19     2.538
         2         1        20   -0.8566
         2         1        21    0.2305
         2         1        22    -1.807
         2         1        23     3.195
         2         1        24    -2.344
         2         1        25     1.036
         2         1        26   -0.5367
         2         1        27    0.2807
         2         1        28   -0.7441
         2         1        29      3.28
         2         1        30    -7.004
         2         1        31       7.4
         2         1        32    -2.345
         2         1        33    -3.987
         2         1        34     6.683
         2         1        35    -5.161
         2         1        36     2.178
         2         1        37   -0.0134
         2         1        38   -0.6313
         2         1        39     0.274
         2         1        40   -0.3871
         2         1        41    0.9772
         2         1        42    -0.416
         2         1        43   -0.9084
         2         1        44     1.094
         2         1        45   -0.6162
         2         1        46    0.7257
         2         1        47    -1.339
         2         1        48     2.864
         2         1        49    -5.196
         2         1        50     6.013
         2         1        51    -4.172
         2         1        52     1.611
         2         1        53     0.162
         2         1        54    -1.596
         2         1        55     3.734
         2         1        56    -6.569
         2         1        57     7.372
         2         1        58    -4.389
         2         1        59    0.3815
         2         1        60     1.946
         2         1        61    -2.999
         2         1        62     3.046
         2         1        63    -1.984
         2         1        64     2.114
         2         1        65    -4.731
         2         1        66     5.801
         2         1        67    -2.493
         2         1        68    -1.492
         2         1        69     2.968
         2         1        70    -2.748
         2         1        71     1.948
         2         1        72   -0.9208
         2         1        73    -0.951
         2         1        74     4.827
         2         1        75    -9.371
         2         1        76       9.9
         2         1        77    -5.738
         2         1        78      2.49
         2         1        79    -2.502
         2         1        80     3.367
         2         1        81    -3.578
         2         1        82     2.998
         2         1        83    -2.071
         2         1        84     1.703
         2         1        85    -2.292
         2         1        86     2.284
         2         1        87    0.4294
         2         1        88    -4.676
         2         1        89     6.601
         2         1        90    -5.277
         2         1        91     3.949
         2         1        92    -3.859
         2         1        93     2.817
         2         1        94   -0.7324
         2         1        95   -0.6676
         2         1        96     2.284
         2         1        97    -5.298
         2         1        98     7.469
         2         1        99    -6.592
         2         1       100     3.747
         2         1       101   -0.2066
         2         1       102    -4.008
         2         1       103     6.553
         2         1       104      -5.4
         2         1       105     3.061
         2         1       106    -1.906
         2         1       107     1.891
         2         1       108    -2.345
         2         1       109      2.81
         2         1       110    -3.206
         2         1       111     2.481
         2         1       112    0.0432
         2         1       113    -2.136
         2         1       114     1.597
         2         1       115   0.05766
         2         1       116   -0.7152
         2         1       117    0.8973
         2         1       118    -1.032
         2         1       119    0.4959
         2         1       120    0.5355
         0         0         0         0
         4         2         1   -0.9491
         4         2         2    -1.715
         4         2         3    -0.578
         4         2         4    -1.033
         4         2         5     1.094
         4         2         6     4.044
         4         2         7    0.5398
         4         2         8    -4.052
         4         2         9    -2.323
         4         2        10     1.675
         4         2        11     2.481
         4         2        12    0.7041
         4         2        13    -1.346
         4         2        14    -2.166
         4         2        15   0.06804
         4         2        16     2.404
         4         2        17    0.0567
         4         2        18    -1.484
         4         2        19     1.567
         4         2        20    0.5182
         4         2        21    -3.751
         4         2        22   -0.6605
         4         2        23     4.421
         4         2        24     1.457
         4         2        25    -3.455
         4         2        26    -1.759
         4         2        27     3.203
         4         2        28     1.611
         4         2        29    -4.639
         4         2        30    -1.196
         4         2        31     5.534
         4         2        32  0.006651
         4         2        33    -4.258
         4         2        34     1.055
         4         2        35      1.99
         4         2        36   -0.4311
         4         2        37  -0.07845
         4         2        38    -1.211
         4         2        39    -1.449
         4         2        40     2.179
         4         2        41     2.722
         4         2        42    -1.788
         4         2        43    -3.231
         4         2        44    0.2329
         4         2        45     2.404
         4         2        46     1.707
         4         2        47    -0.702
         4         2        48    -3.097
         4         2        49   -0.6281
         4         2        50     3.169
         4         2        51    0.6845
         4         2        52    -1.916
         4         2        53    0.7977
         4         2        54    0.6587
         4         2        55    -3.207
         4         2        56   -0.4649
         4         2        57      4.72
         4         2        58     1.106
         4         2        59    -4.123
         4         2        60    -2.451
         4         2        61     2.341
         4         2        62      4.66
         4         2        63   -0.6029
         4         2        64    -6.906
         4         2        65   -0.8798
         4         2        66     7.227
         4         2        67     1.739
         4         2        68    -4.717
         4         2        69    -1.362
         4         2        70     1.082
         4         2        71  0.008949
         4         2        72       2.2
         4         2        73     1.747
         4         2        74    -5.194
         4         2        75    -3.571
         4         2        76     6.511
         4         2        77     4.356
         4         2        78    -4.725
         4         2        79    -3.224
         4         2        80     1.669
         4         2        81     1.465
         4         2        82    0.5084
         4         2        83   -0.9474
         4         2        84    -1.878
         4         2        85     1.887
         4         2        86     2.785
         4         2        87    -3.489
         4         2        88    -3.158
         4         2        89     4.621
         4         2        90     3.455
         4         2        91    -4.346
         4         2        92    -4.047
         4         2        93     2.887
         4         2        94     4.631
         4         2        95    -1.175
         4         2        96    -4.854
         4         2        97   -0.1958
         4         2        98     4.405
         4         2        99     1.751
         4         2       100     -3.01
         4         2       101    -3.878
         4         2       102    0.9852
         4         2       103     4.724
         4         2       104    0.4371
         4         2       105    -3.175
         4         2       106   -0.3125
         4         2       107     1.641
         4         2       108   -0.4565
         4         2       109    -2.085
         4         2       110    0.6808
         4         2       111     3.535
         4         2       112   -0.4355
         4         2       113    -4.293
         4         2       114   -0.1208
         4         2       115     3.661
         4         2       116    0.8599
         4         2       117    -2.207
         4         2       118    -1.081
         4         2       119     1.125
         4         2       120    0.6221
         0         0         0         0
         6         3         1    -2.639
         6         3         2    -6.328
         6         3         3    -4.809
         6         3         4      1.59
         6         3         5     7.323
         6         3         6     6.702
         6         3         7   0.05439
         6         3         8    -6.079
         6         3         9    -5.774
         6         3        10    -0.122
         6         3        11     4.353
         6         3        12     3.261
         6         3        13    -1.209
         6         3        14    -3.658
         6         3        15    -1.706
         6         3        16     2.159
         6         3        17     3.929
         6         3        18     1.953
         6         3        19    -2.027
         6         3        20    -4.489
         6         3        21     -3.08
         6         3        22     1.032
         6         3        23     4.033
         6         3        24     3.467
         6         3        25    0.6417
         6         3        26    -1.653
         6         3        27    -2.411
         6         3        28    -2.144
         6         3        29    -1.005
         6         3        30    0.8075
         6         3        31     1.952
         6         3        32     1.394
         6         3        33    0.1812
         6         3        34  -0.08012
         6         3        35    0.1899
         6         3        36    -0.535
         6         3        37    -1.832
         6         3        38    -1.429
         6         3        39     1.153
         6         3        40     2.989
         6         3        41     1.319
         6         3        42    -2.283
         6         3        43    -3.349
         6         3        44    -0.303
         6         3        45     3.171
         6         3        46      2.72
         6         3        47    -1.085
         6         3        48    -3.528
         6         3        49     -1.68
         6         3        50      2.25
         6         3        51      3.82
         6         3        52     1.325
         6         3        53    -2.677
         6         3        54    -4.101
         6         3        55    -1.414
         6         3        56     2.563
         6         3        57     3.437
         6         3        58    0.4784
         6         3        59    -2.154
         6         3        60   -0.9483
         6         3        61     1.777
         6         3        62     1.149
         6         3        63     -2.61
         6         3        64    -3.852
         6         3        65    0.2083
         6         3        66     4.815
         6         3        67     3.982
         6         3        68    -1.177
         6         3        69     -4.03
         6         3        70     -1.45
         6         3        71     2.266
         6         3        72     1.581
         6         3        73    -2.615
         6         3        74    -4.128
         6         3        75     0.042
         6         3        76      5.26
         6         3        77      5.15
         6         3        78   -0.1257
         6         3        79    -4.466
         6         3        80    -3.843
         6         3        81   -0.3752
         6         3        82     1.849
         6         3        83     1.752
         6         3        84    0.6919
         6         3        85   -0.4255
         6         3        86    -1.211
         6         3        87    -0.733
         6         3        88     1.057
         6         3        89      1.94
         6         3        90    0.1622
         6         3        91    -2.233
         6         3        92    -1.813
         6         3        93    0.8938
         6         3        94     1.936
         6         3        95     0.124
         6         3        96    -1.099
         6         3        97    0.5549
         6         3        98     2.143
         6         3        99   0.05876
         6         3       100    -3.787
         6         3       101    -4.058
         6         3       102    0.4738
         6         3       103     5.006
         6         3       104     4.817
         6         3       105    0.5808
         6         3       106    -3.417
         6         3       107    -4.164
         6         3       108    -1.786
         6         3       109     1.576
         6         3       110     3.224
         6         3       111      1.67
         6         3       112    -1.547
         6         3       113    -2.854
         6         3       114   -0.7425
         6         3       115     2.188
         6         3       116     2.513
         6         3       117    0.2318
         6         3       118    -1.776
         6         3       119    -1.662
         6         3       120   -0.2918
         0         0         0         0
         8         4         1    -5.907
         8         4         2    -6.253
         8         4         3    -2.647
         8         4         4     2.922
         8         4         5     6.896
         8         4         6     6.752
         8         4         7     2.865
         8         4         8    -1.927
         8         4         9    -4.648
         8         4        10    -4.322
         8         4        11    -2.192
         8         4        12   -0.1453
         8         4        13    0.9512
         8         4        14     1.491
         8         4        15     2.042
         8         4        16     2.343
         8         4        17     1.539
         8         4        18   -0.6507
         8         4        19    -3.154
         8         4        20    -4.123
         8         4        21    -2.451
         8         4        22     1.126
         8         4        23      4.38
         8         4        24     5.155
         8         4        25      2.89
         8         4        26    -1.032
         8         4        27    -4.287
         8         4        28     -5.12
         8         4        29     -3.31
         8         4        30  -0.08421
         8         4        31     2.774
         8         4        32     3.938
         8         4        33     3.113
         8         4        34     1.004
         8         4        35    -1.159
         8         4        36    -2.273
         8         4        37    -1.926
         8         4        38   -0.5949
         8         4        39    0.6848
         8         4        40     1.056
         8         4        41     0.463
         8         4        42   -0.3861
         8         4        43   -0.7164
         8         4        44   -0.3959
         8         4        45   0.05646
         8         4        46    0.1467
         8         4        47 -0.004606
         8         4        48    0.1498
         8         4        49    0.8157
         8         4        50      1.42
         8         4        51     1.093
         8         4        52   -0.3631
         8         4        53     -2.06
         8         4        54    -2.679
         8         4        55    -1.596
         8         4        56     0.573
         8         4        57     2.471
         8         4        58      2.99
         8         4        59     1.904
         8         4        60   -0.1875
         8         4        61    -2.281
         8         4        62    -3.376
         8         4        63    -2.835
         8         4        64   -0.7385
         8         4        65     1.961
         8         4        66     3.853
         8         4        67     3.915
         8         4        68     2.156
         8         4        69   -0.5081
         8         4        70    -2.932
         8         4        71     -4.29
         8         4        72    -4.141
         8         4        73    -2.352
         8         4        74     0.699
         8         4        75     3.843
         8         4        76     5.425
         8         4        77     4.348
         8         4        78     1.053
         8         4        79    -2.562
         8         4        80    -4.435
         8         4        81     -3.78
         8         4        82    -1.485
         8         4        83    0.7795
         8         4        84     1.865
         8         4        85      1.75
         8         4        86     1.137
         8         4        87    0.6151
         8         4        88    0.2314
         8         4        89   -0.2659
         8         4        90   -0.9152
         8         4        91    -1.352
         8         4        92    -1.108
         8         4        93  -0.07176
         8         4        94     1.314
         8         4        95     2.244
         8         4        96     1.982
         8         4        97    0.3245
         8         4        98    -2.096
         8         4        99    -3.918
         8         4       100    -3.752
         8         4       101     -1.21
         8         4       102     2.494
         8         4       103     5.109
         8         4       104     4.878
         8         4       105     1.904
         8         4       106    -1.855
         8         4       107    -4.047
         8         4       108    -3.643
         8         4       109    -1.513
         8         4       110     0.537
         8         4       111     1.301
         8         4       112    0.9383
         8         4       113    0.4461
         8         4       114    0.5309
         8         4       115    0.9863
         8         4       116     1.068
         8         4       117    0.3551
         8         4       118    -0.797
         8         4       119    -1.581
         8         4       120    -1.456
         0         0         0         0
        10         5         1    -5.499
        10         5         2    -4.164
        10         5         3   -0.8932
        10         5         4      3.01
        10         5         5     5.856
        10         5         6     6.393
        10         5         7     4.417
        10         5         8    0.8502
        10         5         9    -2.741
        10         5        10    -4.894
        10         5        11     -4.89
        10         5        12    -2.988
        10         5        13   -0.2092
        10         5        14     2.169
        10         5        15     3.166
        10         5        16     2.484
        10         5        17    0.5964
        10         5        18    -1.478
        10         5        19    -2.644
        10         5        20    -2.246
        10         5        21   -0.4189
        10         5        22     1.945
        10         5        23     3.607
        10         5        24     3.616
        10         5        25     1.816
        10         5        26    -1.029
        10         5        27    -3.609
        10         5        28    -4.719
        10         5        29    -3.862
        10         5        30    -1.464
        10         5        31      1.37
        10         5        32     3.436
        10         5        33     3.992
        10         5        34     3.044
        10         5        35     1.231
        10         5        36   -0.5716
        10         5        37    -1.695
        10         5        38    -1.928
        10         5        39      -1.5
        10         5        40   -0.8506
        10         5        41   -0.3566
        10         5        42   -0.1596
        10         5        43   -0.1586
        10         5        44   -0.1301
        10         5        45    0.1099
        10         5        46     0.587
        10         5        47     1.138
        10         5        48     1.476
        10         5        49     1.333
        10         5        50    0.6114
        10         5        51   -0.5032
        10         5        52    -1.572
        10         5        53    -2.075
        10         5        54    -1.683
        10         5        55   -0.4723
        10         5        56     1.035
        10         5        57     2.088
        10         5        58     2.082
        10         5        59    0.9074
        10         5        60   -0.9316
        10         5        61    -2.516
        10         5        62    -2.955
        10         5        63    -1.851
        10         5        64    0.4481
        10         5        65     2.955
        10         5        66     4.473
        10         5        67     4.156
        10         5        68     1.934
        10         5        69    -1.396
        10         5        70    -4.482
        10         5        71    -5.989
        10         5        72    -5.189
        10         5        73    -2.312
        10         5        74     1.529
        10         5        75     4.801
        10         5        76     6.208
        10         5        77     5.249
        10         5        78     2.411
        10         5        79    -1.082
        10         5        80     -3.84
        10         5        81    -4.902
        10         5        82    -4.092
        10         5        83    -1.987
        10         5        84    0.4261
        10         5        85     2.209
        10         5        86     2.826
        10         5        87     2.279
        10         5        88     1.018
        10         5        89   -0.2985
        10         5        90    -1.074
        10         5        91    -1.007
        10         5        92   -0.2092
        10         5        93    0.8325
        10         5        94     1.462
        10         5        95     1.171
        10         5        96   -0.1088
        10         5        97     -1.89
        10         5        98    -3.297
        10         5        99    -3.485
        10         5       100    -2.099
        10         5       101    0.4631
        10         5       102     3.173
        10         5       103     4.841
        10         5       104     4.699
        10         5       105     2.777
        10         5       106   -0.1189
        10         5       107    -2.814
        10         5       108    -4.316
        10         5       109    -4.215
        10         5       110    -2.763
        10         5       111   -0.6524
        10         5       112     1.336
        10         5       113     2.624
        10         5       114     2.963
        10         5       115     2.415
        10         5       116     1.264
        10         5       117  -0.08961
        10         5       118    -1.236
        10         5       119    -1.855
        10         5       120    -1.814
         0         0         0         0
        12         6         1    -3.938
        12         6         2    -2.208
        12         6         3     0.348
        12         6         4     2.952
        12         6         5     4.768
        12         6         6     5.213
        12         6         7     4.169
        12         6         8     2.027
        12         6         9   -0.4766
        12         6        10    -2.545
        12         6        11    -3.616
        12         6        12    -3.542
        12         6        13    -2.594
        12         6        14     -1.29
        12         6        15   -0.1484
        12         6        16    0.5277
        12         6        17    0.7396
        12         6        18    0.7256
        12         6        19    0.7852
        12         6        20     1.087
        12         6        21     1.559
        12         6        22     1.921
        12         6        23      1.83
        12         6        24     1.079
        12         6        25   -0.2592
        12         6        26    -1.818
        12         6        27    -3.064
        12         6        28    -3.511
        12         6        29    -2.925
        12         6        30    -1.434
        12         6        31    0.5163
        12         6        32     2.325
        12         6        33     3.455
        12         6        34     3.613
        12         6        35     2.826
        12         6        36     1.397
        12         6        37   -0.2283
        12         6        38    -1.621
        12         6        39    -2.488
        12         6        40    -2.718
        12         6        41    -2.367
        12         6        42    -1.595
        12         6        43   -0.6013
        12         6        44    0.4126
        12         6        45     1.269
        12         6        46     1.819
        12         6        47     1.964
        12         6        48     1.674
        12         6        49     1.021
        12         6        50    0.1757
        12         6        51   -0.6253
        12         6        52     -1.15
        12         6        53    -1.262
        12         6        54    -0.977
        12         6        55   -0.4724
        12         6        56   -0.0117
        12         6        57    0.1726
        12         6        58 -0.002433
        12         6        59   -0.4136
        12         6        60   -0.7721
        12         6        61   -0.7558
        12         6        62    -0.179
        12         6        63    0.8801
        12         6        64     2.062
        12         6        65     2.846
        12         6        66     2.765
        12         6        67      1.63
        12         6        68    -0.336
        12         6        69    -2.537
        12         6        70    -4.195
        12         6        71    -4.652
        12         6        72    -3.632
        12         6        73     -1.38
        12         6        74     1.404
        12         6        75     3.812
        12         6        76     5.051
        12         6        77     4.733
        12         6        78     3.004
        12         6        79    0.4706
        12         6        80    -2.032
        12         6        81    -3.744
        12         6        82    -4.236
        12         6        83    -3.513
        12         6        84     -1.96
        12         6        85   -0.1501
        12         6        86     1.377
        12         6        87     2.293
        12         6        88     2.545
        12         6        89      2.29
        12         6        90     1.769
        12         6        91      1.17
        12         6        92    0.5537
        12         6        93   -0.1265
        12         6        94   -0.9333
        12         6        95    -1.838
        12         6        96     -2.66
        12         6        97    -3.101
        12         6        98    -2.862
        12         6        99      -1.8
        12         6       100  -0.04669
        12         6       101     1.979
        12         6       102     3.683
        12         6       103     4.495
        12         6       104     4.089
        12         6       105     2.522
        12         6       106    0.2311
        12         6       107      -2.1
        12         6       108    -3.777
        12         6       109    -4.324
        12         6       110    -3.637
        12         6       111    -1.994
        12         6       112   0.05393
        12         6       113      1.88
        12         6       114     2.985
        12         6       115     3.135
        12         6       116     2.407
        12         6       117     1.122
        12         6       118    -0.276
        12         6       119    -1.378
        12         6       120    -1.923
         0         0         0         0
        14         7         1    -2.478
        14         7         2   -0.9145
        14         7         3    0.9752
        14         7         4     2.759
        14         7         5     4.016
        14         7         6     4.446
        14         7         7     3.951
        14         7         8     2.656
        14         7         9    0.8695
        14         7        10    -1.006
        14         7        11    -2.577
        14         7        12    -3.554
        14         7        13    -3.801
        14         7        14    -3.342
        14         7        15    -2.335
        14         7        16    -1.008
        14         7        17    0.3876
        14         7        18     1.622
        14         7        19     2.512
        14         7        20     2.933
        14         7        21     2.825
        14         7        22     2.201
        14         7        23     1.155
        14         7        24   -0.1376
        14         7        25    -1.437
        14         7        26    -2.475
        14         7        27    -3.017
        14         7        28    -2.914
        14         7        29    -2.159
        14         7        30   -0.8973
        14         7        31    0.5983
        14         7        32     1.988
        14         7        33     2.951
        14         7        34     3.265
        14         7        35     2.863
        14         7        36     1.849
        14         7        37    0.4659
        14         7        38   -0.9679
        14         7        39    -2.136
        14         7        40    -2.801
        14         7        41    -2.851
        14         7        42    -2.316
        14         7        43    -1.353
        14         7        44    -0.195
        14         7        45    0.9033
        14         7        46     1.726
        14         7        47     2.136
        14         7        48       2.1
        14         7        49     1.678
        14         7        50    0.9976
        14         7        51     0.218
        14         7        52    -0.514
        14         7        53    -1.091
        14         7        54    -1.457
        14         7        55    -1.602
        14         7        56    -1.538
        14         7        57    -1.288
        14         7        58   -0.8669
        14         7        59   -0.2898
        14         7        60    0.4094
        14         7        61     1.158
        14         7        62     1.833
        14         7        63     2.275
        14         7        64     2.322
        14         7        65     1.872
        14         7        66    0.9302
        14         7        67   -0.3567
        14         7        68    -1.716
        14         7        69    -2.806
        14         7        70    -3.312
        14         7        71    -3.046
        14         7        72    -2.014
        14         7        73   -0.4379
        14         7        74     1.298
        14         7        75     2.746
        14         7        76     3.522
        14         7        77     3.419
        14         7        78     2.462
        14         7        79    0.9042
        14         7        80   -0.8484
        14         7        81    -2.351
        14         7        82    -3.239
        14         7        83    -3.318
        14         7        84      -2.6
        14         7        85    -1.288
        14         7        86    0.2926
        14         7        87     1.778
        14         7        88      2.85
        14         7        89     3.296
        14         7        90     3.038
        14         7        91     2.142
        14         7        92    0.7862
        14         7        93   -0.7647
        14         7        94     -2.21
        14         7        95     -3.26
        14         7        96    -3.689
        14         7        97    -3.379
        14         7        98    -2.358
        14         7        99    -0.808
        14         7       100    0.9625
        14         7       101     2.574
        14         7       102     3.662
        14         7       103     3.968
        14         7       104     3.412
        14         7       105     2.119
        14         7       106    0.3957
        14         7       107    -1.346
        14         7       108    -2.696
        14         7       109     -3.35
        14         7       110    -3.192
        14         7       111    -2.312
        14         7       112   -0.9763
        14         7       113    0.4523
        14         7       114     1.618
        14         7       115     2.265
        14         7       116     2.293
        14         7       117     1.769
        14         7       118    0.8926
        14         7       119  -0.07419
        14         7       120   -0.8823
         0         0         0         0
        16         8         1    -1.292
        16         8         2   0.03428
        16         8         3     1.453
        16         8         4     2.703
        16         8         5     3.543
        16         8         6     3.802
        16         8         7     3.417
        16         8         8     2.449
        16         8         9     1.071
        16         8        10   -0.4661
        16         8        11    -1.884
        16         8        12     -2.93
        16         8        13    -3.429
        16         8        14    -3.312
        16         8        15    -2.626
        16         8        16    -1.523
        16         8        17   -0.2254
        16         8        18     1.016
        16         8        19     1.972
        16         8        20     2.474
        16         8        21     2.449
        16         8        22     1.924
        16         8        23     1.026
        16         8        24  -0.05024
        16         8        25    -1.079
        16         8        26    -1.846
        16         8        27    -2.195
        16         8        28    -2.057
        16         8        29    -1.463
        16         8        30   -0.5394
        16         8        31    0.5187
        16         8        32      1.49
        16         8        33     2.171
        16         8        34     2.423
        16         8        35     2.193
        16         8        36     1.533
        16         8        37    0.5805
        16         8        38   -0.4706
        16         8        39     -1.41
        16         8        40    -2.056
        16         8        41    -2.292
        16         8        42    -2.088
        16         8        43    -1.501
        16         8        44   -0.6604
        16         8        45    0.2604
        16         8        46     1.083
        16         8        47     1.657
        16         8        48     1.887
        16         8        49     1.745
        16         8        50     1.273
        16         8        51    0.5716
        16         8        52   -0.2249
        16         8        53   -0.9695
        16         8        54    -1.528
        16         8        55    -1.803
        16         8        56    -1.742
        16         8        57    -1.354
        16         8        58   -0.6993
        16         8        59    0.1103
        16         8        60    0.9333
        16         8        61     1.619
        16         8        62     2.032
        16         8        63      2.08
        16         8        64     1.737
        16         8        65     1.047
        16         8        66    0.1316
        16         8        67   -0.8376
        16         8        68    -1.666
        16         8        69    -2.179
        16         8        70    -2.261
        16         8        71    -1.883
        16         8        72     -1.12
        16         8        73   -0.1312
        16         8        74    0.8685
        16         8        75     1.658
        16         8        76      2.06
        16         8        77     1.987
        16         8        78     1.459
        16         8        79    0.6049
        16         8        80   -0.3721
        16         8        81    -1.238
        16         8        82    -1.784
        16         8        83    -1.877
        16         8        84    -1.492
        16         8        85   -0.7144
        16         8        86    0.2763
        16         8        87     1.248
        16         8        88     1.969
        16         8        89     2.261
        16         8        90     2.039
        16         8        91      1.33
        16         8        92    0.2718
        16         8        93   -0.9198
        16         8        94    -1.994
        16         8        95    -2.718
        16         8        96    -2.929
        16         8        97    -2.568
        16         8        98    -1.696
        16         8        99   -0.4791
        16         8       100    0.8439
        16         8       101     2.011
        16         8       102     2.793
        16         8       103     3.042
        16         8       104     2.723
        16         8       105     1.916
        16         8       106    0.8002
        16         8       107   -0.3888
        16         8       108    -1.412
        16         8       109    -2.078
        16         8       110    -2.281
        16         8       111    -2.021
        16         8       112    -1.395
        16         8       113   -0.5685
        16         8       114    0.2658
        16         8       115    0.9327
        16         8       116     1.312
        16         8       117     1.359
        16         8       118     1.106
        16         8       119    0.6488
        16         8       120    0.1126
         0         0         0         0
        18         9         1   -0.3822
        18         9         2    0.6519
        18         9         3     1.654
        18         9         4     2.468
        18         9         5     2.963
        18         9         6     3.053
        18         9         7     2.718
        18         9         8     2.007
        18         9         9     1.029
        18         9        10  -0.06171
        18         9        11    -1.095
        18         9        12    -1.914
        18         9        13    -2.401
        18         9        14    -2.501
        18         9        15    -2.224
        18         9        16    -1.645
        18         9        17   -0.8879
        18         9        18  -0.09914
        18         9        19    0.5789
        18         9        20     1.034
        18         9        21     1.206
        18         9        22     1.092
        18         9        23    0.7476
        18         9        24    0.2697
        18         9        25   -0.2213
        18         9        26   -0.6094
        18         9        27   -0.8056
        18         9        28   -0.7654
        18         9        29   -0.4973
        18         9        30  -0.05915
        18         9        31    0.4543
        18         9        32    0.9319
        18         9        33     1.269
        18         9        34      1.39
        18         9        35     1.262
        18         9        36    0.9032
        18         9        37    0.3761
        18         9        38   -0.2222
        18         9        39   -0.7815
        18         9        40      -1.2
        18         9        41    -1.404
        18         9        42    -1.361
        18         9        43    -1.086
        18         9        44   -0.6395
        18         9        45   -0.1102
        18         9        46    0.3985
        18         9        47    0.7902
        18         9        48     0.994
        18         9        49    0.9767
        18         9        50    0.7491
        18         9        51    0.3629
        18         9        52   -0.1001
        18         9        53   -0.5436
        18         9        54   -0.8758
        18         9        55    -1.027
        18         9        56   -0.9619
        18         9        57   -0.6886
        18         9        58   -0.2553
        18         9        59    0.2577
        18         9        60     0.753
        18         9        61     1.135
        18         9        62     1.327
        18         9        63     1.288
        18         9        64     1.021
        18         9        65    0.5701
        18         9        66   0.01696
        18         9        67   -0.5379
        18         9        68   -0.9936
        18         9        69    -1.269
        18         9        70    -1.317
        18         9        71    -1.139
        18         9        72   -0.7766
        18         9        73   -0.3091
        18         9        74    0.1667
        18         9        75    0.5563
        18         9        76     0.788
        18         9        77    0.8277
        18         9        78    0.6857
        18         9        79    0.4135
        18         9        80   0.09113
        18         9        81   -0.1921
        18         9        82   -0.3587
        18         9        83   -0.3621
        18         9        84   -0.1981
        18         9        85   0.09327
        18         9        86    0.4358
        18         9        87    0.7348
        18         9        88    0.8988
        18         9        89    0.8617
        18         9        90       0.6
        18         9        91    0.1402
        18         9        92   -0.4432
        18         9        93    -1.043
        18         9        94    -1.537
        18         9        95     -1.82
        18         9        96    -1.818
        18         9        97    -1.512
        18         9        98   -0.9394
        18         9        99   -0.1883
        18         9       100    0.6168
        18         9       101      1.34
        18         9       102      1.86
        18         9       103     2.092
        18         9       104     2.004
        18         9       105     1.623
        18         9       106     1.024
        18         9       107    0.3184
        18         9       108    -0.371
        18         9       109   -0.9321
        18         9       110    -1.284
        18         9       111     -1.39
        18         9       112    -1.261
        18         9       113    -0.948
        18         9       114   -0.5303
        18         9       115  -0.09716
        18         9       116    0.2705
        18         9       117    0.5144
        18         9       118    0.6079
        18         9       119    0.5567
        18         9       120    0.3942
         0         0         0         0
        20        10         1    0.1504
        20        10         2    0.9102
        20        10         3     1.599
        20        10         4     2.131
        20        10         5     2.435
        20        10         6     2.472
        20        10         7     2.239
        20        10         8     1.765
        20        10         9     1.114
        20        10        10    0.3712
        20        10        11   -0.3703
        20        10        12    -1.021
        20        10        13    -1.511
        20        10        14    -1.794
        20        10        15    -1.858
        20        10        16    -1.724
        20        10        17    -1.436
        20        10        18    -1.055
        20        10        19   -0.6478
        20        10        20   -0.2736
        20        10        21   0.02414
        20        10        22    0.2234
        20        10        23    0.3251
        20        10        24    0.3493
        20        10        25     0.329
        20        10        26    0.3006
        20        10        27     0.296
        20        10        28    0.3346
        20        10        29    0.4196
        20        10        30    0.5378
        20        10        31    0.6629
        20        10        32    0.7617
        20        10        33    0.8021
        20        10        34    0.7604
        20        10        35    0.6274
        20        10        36     0.411
        20        10        37    0.1355
        20        10        38   -0.1624
        20        10        39   -0.4407
        20        10        40   -0.6591
        20        10        41   -0.7874
        20        10        42   -0.8108
        20        10        43   -0.7324
        20        10        44   -0.5725
        20        10        45   -0.3646
        20        10        46    -0.149
        20        10        47   0.03556
        20        10        48    0.1586
        20        10        49     0.204
        20        10        50    0.1725
        20        10        51    0.0809
        20        10        52  -0.04111
        20        10        53   -0.1579
        20        10        54   -0.2348
        20        10        55    -0.246
        20        10        56   -0.1791
        20        10        57  -0.03884
        20        10        58    0.1541
        20        10        59    0.3666
        20        10        60    0.5593
        20        10        61     0.694
        20        10        62    0.7412
        20        10        63    0.6858
        20        10        64    0.5301
        20        10        65    0.2935
        20        10        66  0.009407
        20        10        67    -0.281
        20        10        68   -0.5358
        20        10        69   -0.7198
        20        10        70   -0.8102
        20        10        71      -0.8
        20        10        72    -0.698
        20        10        73   -0.5263
        20        10        74   -0.3149
        20        10        75  -0.09573
        20        10        76    0.1035
        20        10        77     0.264
        20        10        78    0.3781
        20        10        79    0.4486
        20        10        80    0.4861
        20        10        81    0.5041
        20        10        82    0.5142
        20        10        83    0.5217
        20        10        84    0.5232
        20        10        85    0.5073
        20        10        86     0.457
        20        10        87    0.3551
        20        10        88    0.1896
        20        10        89  -0.04117
        20        10        90   -0.3245
        20        10        91   -0.6334
        20        10        92   -0.9289
        20        10        93    -1.166
        20        10        94    -1.301
        20        10        95    -1.301
        20        10        96    -1.149
        20        10        97   -0.8495
        20        10        98   -0.4315
        20        10        99   0.05796
        20        10       100    0.5585
        20        10       101     1.006
        20        10       102     1.342
        20        10       103     1.525
        20        10       104     1.533
        20        10       105     1.371
        20        10       106     1.067
        20        10       107    0.6665
        20        10       108    0.2277
        20        10       109   -0.1911
        20        10       110   -0.5391
        20        10       111     -0.78
        20        10       112   -0.8966
        20        10       113   -0.8916
        20        10       114   -0.7848
        20        10       115   -0.6084
        20        10       116      -0.4
        20        10       117   -0.1958
        20        10       118  -0.02532
        20        10       119     0.093
        20        10       120     0.153
         0         0         0         0
        22        11         1    0.4395
        22        11         2      1.01
        22        11         3      1.51
        22        11         4      1.89
        22        11         5     2.109
        22        11         6     2.146
        22        11         7     1.997
        22        11         8     1.677
        22        11         9      1.22
        22        11        10    0.6717
        22        11        11   0.08647
        22        11        12   -0.4816
        22        11        13   -0.9831
        22        11        14    -1.379
        22        11        15    -1.644
        22        11        16    -1.769
        22        11        17    -1.756
        22        11        18    -1.624
        22        11        19    -1.397
        22        11        20    -1.104
        22        11        21    -0.776
        22        11        22   -0.4396
        22        11        23   -0.1166
        22        11        24    0.1774
        22        11        25    0.4328
        22        11        26    0.6447
        22        11        27    0.8117
        22        11        28    0.9336
        22        11        29      1.01
        22        11        30     1.042
        22        11        31     1.028
        22        11        32    0.9665
        22        11        33    0.8596
        22        11        34    0.7104
        22        11        35    0.5256
        22        11        36    0.3154
        22        11        37    0.0934
        22        11        38   -0.1249
        22        11        39   -0.3236
        22        11        40   -0.4886
        22        11        41   -0.6094
        22        11        42   -0.6802
        22        11        43   -0.7009
        22        11        44   -0.6764
        22        11        45   -0.6163
        22        11        46   -0.5321
        22        11        47   -0.4361
        22        11        48   -0.3388
        22        11        49   -0.2476
        22        11        50    -0.166
        22        11        51  -0.09344
        22        11        52  -0.02629
        22        11        53   0.04064
        22        11        54    0.1123
        22        11        55    0.1915
        22        11        56    0.2779
        22        11        57     0.367
        22        11        58    0.4507
        22        11        59     0.518
        22        11        60    0.5572
        22        11        61    0.5581
        22        11        62    0.5135
        22        11        63    0.4212
        22        11        64    0.2852
        22        11        65    0.1151
        22        11        66  -0.07441
        22        11        67   -0.2652
        22        11        68   -0.4384
        22        11        69   -0.5761
        22        11        70   -0.6642
        22        11        71   -0.6935
        22        11        72   -0.6608
        22        11        73   -0.5691
        22        11        74   -0.4265
        22        11        75   -0.2457
        22        11        76  -0.04173
        22        11        77    0.1689
        22        11        78    0.3701
        22        11        79    0.5468
        22        11        80    0.6861
        22        11        81    0.7775
        22        11        82    0.8131
        22        11        83    0.7878
        22        11        84       0.7
        22        11        85    0.5518
        22        11        86    0.3493
        22        11        87    0.1031
        22        11        88   -0.1712
        22        11        89   -0.4541
        22        11        90   -0.7226
        22        11        91   -0.9523
        22        11        92    -1.119
        22        11        93    -1.204
        22        11        94    -1.192
        22        11        95    -1.077
        22        11        96   -0.8645
        22        11        97    -0.569
        22        11        98   -0.2147
        22        11        99    0.1668
        22        11       100    0.5402
        22        11       101    0.8701
        22        11       102     1.125
        22        11       103     1.283
        22        11       104     1.329
        22        11       105     1.263
        22        11       106     1.097
        22        11       107    0.8502
        22        11       108    0.5514
        22        11       109    0.2321
        22        11       110  -0.07651
        22        11       111    -0.347
        22        11       112   -0.5589
        22        11       113   -0.7001
        22        11       114   -0.7676
        22        11       115   -0.7663
        22        11       116   -0.7079
        22        11       117    -0.608
        22        11       118   -0.4837
        22        11       119   -0.3515
        22        11       120   -0.2249
         0         0         0         0
        24        12         1    0.6479
        24        12         2     1.095
        24        12         3     1.479
        24        12         4     1.766
        24        12         5      1.93
        24        12         6     1.957
        24        12         7     1.841
        24        12         8     1.592
        24        12         9     1.228
        24        12        10    0.7776
        24        12        11    0.2757
        24        12        12   -0.2398
        24        12        13    -0.731
        24        12        14    -1.163
        24        12        15    -1.509
        24        12        16    -1.746
        24        12        17    -1.865
        24        12        18    -1.862
        24        12        19    -1.746
        24        12        20    -1.529
        24        12        21    -1.232
        24        12        22   -0.8785
        24        12        23    -0.493
        24        12        24   -0.1005
        24        12        25    0.2758
        24        12        26    0.6158
        24        12        27    0.9032
        24        12        28     1.126
        24        12        29     1.276
        24        12        30     1.351
        24        12        31     1.352
        24        12        32     1.283
        24        12        33     1.152
        24        12        34    0.9701
        24        12        35    0.7497
        24        12        36    0.5046
        24        12        37    0.2491
        24        12        38 -0.002791
        24        12        39   -0.2383
        24        12        40   -0.4464
        24        12        41   -0.6185
        24        12        42   -0.7484
        24        12        43    -0.833
        24        12        44   -0.8719
        24        12        45   -0.8669
        24        12        46    -0.822
        24        12        47   -0.7423
        24        12        48   -0.6342
        24        12        49   -0.5041
        24        12        50   -0.3587
        24        12        51   -0.2044
        24        12        52  -0.04748
        24        12        53     0.106
        24        12        54    0.2503
        24        12        55    0.3794
        24        12        56    0.4878
        24        12        57    0.5699
        24        12        58    0.6209
        24        12        59    0.6368
        24        12        60    0.6152
        24        12        61    0.5557
        24        12        62    0.4601
        24        12        63    0.3332
        24        12        64    0.1823
        24        12        65   0.01724
        24        12        66   -0.1505
        24        12        67   -0.3082
        24        12        68   -0.4432
        24        12        69   -0.5441
        24        12        70   -0.6014
        24        12        71   -0.6091
        24        12        72   -0.5646
        24        12        73   -0.4698
        24        12        74   -0.3309
        24        12        75   -0.1578
        24        12        76   0.03637
        24        12        77     0.236
        24        12        78    0.4247
        24        12        79    0.5861
        24        12        80    0.7053
        24        12        81    0.7705
        24        12        82    0.7734
        24        12        83    0.7105
        24        12        84    0.5835
        24        12        85    0.3993
        24        12        86    0.1697
        24        12        87  -0.08893
        24        12        88   -0.3574
        24        12        89   -0.6145
        24        12        90    -0.839
        24        12        91    -1.012
        24        12        92    -1.116
        24        12        93    -1.141
        24        12        94    -1.082
        24        12        95   -0.9401
        24        12        96   -0.7247
        24        12        97   -0.4505
        24        12        98   -0.1378
        24        12        99    0.1898
        24        12       100    0.5071
        24        12       101    0.7899
        24        12       102     1.017
        24        12       103     1.172
        24        12       104     1.244
        24        12       105     1.231
        24        12       106     1.136
        24        12       107    0.9704
        24        12       108    0.7489
        24        12       109    0.4912
        24        12       110    0.2181
        24        12       111  -0.04974
        24        12       112   -0.2937
        24        12       113   -0.4989
        24        12       114   -0.6546
        24        12       115   -0.7554
        24        12       116   -0.8006
        24        12       117   -0.7935
        24        12       118   -0.7414
        24        12       119   -0.6536
        24        12       120   -0.5407
         0         0         0         0
        26        13         1    0.8269
        26        13         2     1.181
        26        13         3     1.474
        26        13         4     1.684
        26        13         5     1.793
        26        13         6     1.791
        26        13         7     1.675
        26        13         8      1.45
        26        13         9      1.13
        26        13        10    0.7355
        26        13        11    0.2908
        26        13        12   -0.1747
        26        13        13    -0.631
        26        13        14    -1.049
        26        13        15    -1.403
        26        13        16    -1.671
        26        13        17    -1.838
        26        13        18    -1.897
        26        13        19    -1.845
        26        13        20     -1.69
        26        13        21    -1.443
        26        13        22    -1.123
        26        13        23   -0.7493
        26        13        24   -0.3469
        26        13        25   0.06037
        26        13        26    0.4494
        26        13        27    0.7991
        26        13        28     1.092
        26        13        29     1.315
        26        13        30     1.459
        26        13        31     1.521
        26        13        32     1.501
        26        13        33     1.406
        26        13        34     1.243
        26        13        35     1.026
        26        13        36    0.7693
        26        13        37    0.4875
        26        13        38    0.1967
        26        13        39  -0.08766
        26        13        40   -0.3518
        26        13        41   -0.5836
        26        13        42   -0.7734
        26        13        43   -0.9144
        26        13        44    -1.002
        26        13        45    -1.036
        26        13        46    -1.017
        26        13        47   -0.9487
        26        13        48   -0.8373
        26        13        49   -0.6906
        26        13        50   -0.5175
        26        13        51   -0.3278
        26        13        52    -0.132
        26        13        53   0.05988
        26        13        54    0.2379
        26        13        55    0.3933
        26        13        56    0.5183
        26        13        57    0.6072
        26        13        58    0.6559
        26        13        59    0.6627
        26        13        60    0.6283
        26        13        61    0.5557
        26        13        62    0.4504
        26        13        63    0.3199
        26        13        64    0.1734
        26        13        65   0.02135
        26        13        66   -0.1254
        26        13        67    -0.256
        26        13        68   -0.3606
        26        13        69   -0.4312
        26        13        70   -0.4619
        26        13        71     -0.45
        26        13        72   -0.3958
        26        13        73   -0.3031
        26        13        74   -0.1787
        26        13        75  -0.03252
        26        13        76    0.1237
        26        13        77    0.2767
        26        13        78    0.4132
        26        13        79    0.5204
        26        13        80    0.5876
        26        13        81    0.6066
        26        13        82     0.573
        26        13        83    0.4863
        26        13        84    0.3505
        26        13        85    0.1735
        26        13        86  -0.03309
        26        13        87   -0.2546
        26        13        88   -0.4748
        26        13        89   -0.6766
        26        13        90   -0.8439
        26        13        91   -0.9624
        26        13        92    -1.021
        26        13        93    -1.013
        26        13        94   -0.9371
        26        13        95   -0.7954
        26        13        96   -0.5962
        26        13        97   -0.3519
        26        13        98  -0.07831
        26        13        99    0.2065
        26        13       100    0.4837
        26        13       101    0.7347
        26        13       102    0.9431
        26        13       103     1.096
        26        13       104     1.183
        26        13       105     1.201
        26        13       106      1.15
        26        13       107     1.035
        26        13       108    0.8645
        26        13       109    0.6523
        26        13       110    0.4128
        26        13       111    0.1619
        26        13       112  -0.08475
        26        13       113   -0.3126
        26        13       114   -0.5096
        26        13       115   -0.6661
        26        13       116   -0.7763
        26        13       117   -0.8375
        26        13       118   -0.8504
        26        13       119   -0.8186
        26        13       120   -0.7481
         0         0         0         0
        28        14         1    0.9639
        28        14         2     1.235
        28        14         3     1.449
        28        14         4     1.588
        28        14         5     1.642
        28        14         6     1.604
        28        14         7     1.474
        28        14         8     1.257
        28        14         9    0.9637
        28        14        10    0.6097
        28        14        11     0.215
        28        14        12   -0.1976
        28        14        13   -0.6045
        28        14        14    -0.982
        28        14        15    -1.308
        28        14        16    -1.565
        28        14        17    -1.737
        28        14        18    -1.816
        28        14        19    -1.797
        28        14        20    -1.684
        28        14        21    -1.483
        28        14        22    -1.208
        28        14        23   -0.8741
        28        14        24   -0.5017
        28        14        25   -0.1117
        28        14        26    0.2746
        28        14        27    0.6365
        28        14        28    0.9556
        28        14        29     1.216
        28        14        30     1.407
        28        14        31     1.521
        28        14        32     1.555
        28        14        33     1.509
        28        14        34     1.391
        28        14        35     1.209
        28        14        36    0.9754
        28        14        37    0.7046
        28        14        38     0.412
        28        14        39    0.1136
        28        14        40   -0.1753
        28        14        41   -0.4405
        28        14        42   -0.6698
        28        14        43   -0.8537
        28        14        44   -0.9852
        28        14        45    -1.061
        28        14        46    -1.079
        28        14        47    -1.043
        28        14        48   -0.9575
        28        14        49   -0.8296
        28        14        50   -0.6686
        28        14        51   -0.4849
        28        14        52   -0.2897
        28        14        53  -0.09424
        28        14        54   0.09088
        28        14        55     0.256
        28        14        56    0.3931
        28        14        57    0.4961
        28        14        58    0.5613
        28        14        59    0.5872
        28        14        60     0.575
        28        14        61    0.5281
        28        14        62    0.4521
        28        14        63    0.3542
        28        14        64    0.2429
        28        14        65    0.1273
        28        14        66   0.01652
        28        14        67  -0.08088
        28        14        68   -0.1576
        28        14        69    -0.208
        28        14        70   -0.2287
        28        14        71   -0.2188
        28        14        72   -0.1797
        28        14        73   -0.1154
        28        14        74  -0.03207
        28        14        75   0.06227
        28        14        76    0.1586
        28        14        77    0.2472
        28        14        78     0.319
        28        14        79    0.3655
        28        14        80    0.3802
        28        14        81    0.3589
        28        14        82    0.3001
        28        14        83    0.2053
        28        14        84   0.07902
        28        14        85  -0.07156
        28        14        86   -0.2368
        28        14        87   -0.4055
        28        14        88   -0.5655
        28        14        89   -0.7045
        28        14        90   -0.8113
        28        14        91   -0.8765
        28        14        92   -0.8929
        28        14        93   -0.8567
        28        14        94   -0.7675
        28        14        95   -0.6284
        28        14        96   -0.4461
        28        14        97   -0.2301
        28        14        98  0.007488
        28        14        99     0.253
        28        14       100     0.492
        28        14       101    0.7105
        28        14       102    0.8955
        28        14       103     1.036
        28        14       104     1.125
        28        14       105     1.157
        28        14       106      1.13
        28        14       107     1.047
        28        14       108    0.9141
        28        14       109    0.7388
        28        14       110    0.5321
        28        14       111    0.3059
        28        14       112   0.07305
        28        14       113   -0.1539
        28        14       114   -0.3635
        28        14       115   -0.5455
        28        14       116   -0.6921
        28        14       117   -0.7978
        28        14       118   -0.8598
        28        14       119   -0.8778
        28        14       120   -0.8541
         0         0         0         0
        30        15         1      1.04
        30        15         2     1.237
        30        15         3     1.379
        30        15         4     1.456
        30        15         5     1.461
        30        15         6     1.391
        30        15         7     1.248
        30        15         8     1.036
        30        15         9    0.7662
        30        15        10    0.4502
        30        15        11    0.1045
        30        15        12   -0.2532
        30        15        13    -0.604
        30        15        14   -0.9293
        30        15        15    -1.212
        30        15        16    -1.436
        30        15        17    -1.591
        30        15        18    -1.667
        30        15        19    -1.662
        30        15        20    -1.575
        30        15        21    -1.411
        30        15        22     -1.18
        30        15        23   -0.8939
        30        15        24    -0.568
        30        15        25   -0.2196
        30        15        26    0.1334
        30        15        27    0.4731
        30        15        28    0.7828
        30        15        29     1.048
        30        15        30     1.256
        30        15        31     1.398
        30        15        32      1.47
        30        15        33      1.47
        30        15        34     1.401
        30        15        35     1.268
        30        15        36     1.081
        30        15        37    0.8511
        30        15        38     0.591
        30        15        39    0.3151
        30        15        40    0.0376
        30        15        41   -0.2278
        30        15        42   -0.4688
        30        15        43   -0.6748
        30        15        44   -0.8376
        30        15        45   -0.9517
        30        15        46    -1.014
        30        15        47    -1.026
        30        15        48   -0.9884
        30        15        49   -0.9076
        30        15        50   -0.7904
        30        15        51   -0.6453
        30        15        52   -0.4818
        30        15        53   -0.3098
        30        15        54    -0.139
        30        15        55   0.02188
        30        15        56    0.1651
        30        15        57    0.2847
        30        15        58    0.3764
        30        15        59    0.4381
        30        15        60    0.4697
        30        15        61     0.473
        30        15        62    0.4514
        30        15        63    0.4098
        30        15        64    0.3541
        30        15        65    0.2904
        30        15        66    0.2252
        30        15        67    0.1643
        30        15        68    0.1126
        30        15        69   0.07391
        30        15        70   0.05037
        30        15        71   0.04259
        30        15        72   0.04947
        30        15        73   0.06838
        30        15        74   0.09536
        30        15        75    0.1254
        30        15        76    0.1532
        30        15        77    0.1729
        30        15        78    0.1795
        30        15        79    0.1686
        30        15        80    0.1372
        30        15        81   0.08391
        30        15        82  0.009161
        30        15        83  -0.08472
        30        15        84   -0.1935
        30        15        85   -0.3115
        30        15        86   -0.4316
        30        15        87   -0.5457
        30        15        88   -0.6458
        30        15        89   -0.7239
        30        15        90   -0.7728
        30        15        91   -0.7871
        30        15        92   -0.7627
        30        15        93   -0.6981
        30        15        94   -0.5941
        30        15        95    -0.454
        30        15        96   -0.2832
        30        15        97  -0.08946
        30        15        98    0.1181
        30        15        99    0.3291
        30        15       100    0.5328
        30        15       101    0.7185
        30        15       102    0.8764
        30        15       103    0.9982
        30        15       104     1.077
        30        15       105     1.109
        30        15       106     1.093
        30        15       107     1.029
        30        15       108    0.9201
        30        15       109     0.773
        30        15       110    0.5948
        30        15       111    0.3947
        30        15       112    0.1826
        30        15       113   -0.0312
        30        15       114   -0.2367
        30        15       115   -0.4246
        30        15       116    -0.587
        30        15       117   -0.7175
        30        15       118   -0.8116
        30        15       119   -0.8669
        30        15       120   -0.8831
