Mo da yda   time   FoF2   foEs    foE   foF1   fbEs
12  1 335  22.00   3.00                            
12  1 335  23.00   3.10   1.50                     
12  1 335   0.00   2.90   1.50                     
12  1 335   1.00   2.20   1.50                     
12  1 335   2.00   2.00   1.50                     
12  1 335   7.00   6.10   2.20                     
12  1 335   8.00   6.30         250.00              
12  1 335   9.00   5.70                            
12  1 335  10.00   6.00                            
12  1 335  11.00   5.20                            
12  1 335  12.00   5.20                            
12  1 335  13.00   4.70   1.50                     
12  1 335  14.00   4.00   1.50                     
12  1 335  15.00   3.60                            
12  1 335  18.00   2.90                            
12  1 335  21.00   2.80   1.50                     
