1.000000000000000000e+00 3.408333333333333659e+00
2.000000000000000000e+00 3.320833333333333304e+00
3.000000000000000000e+00 3.536363636363635710e+00
4.000000000000000000e+00 3.566666666666666430e+00
5.000000000000000000e+00 3.566666666666666430e+00
6.000000000000000000e+00 3.395833333333333481e+00
7.000000000000000000e+00 3.620833333333333126e+00
8.000000000000000000e+00 3.770833333333332149e+00
9.000000000000000000e+00 3.512499999999999734e+00
1.000000000000000000e+01 3.679166666666666696e+00
1.100000000000000000e+01 3.570833333333333304e+00
1.200000000000000000e+01 3.666666666666667407e+00
1.300000000000000000e+01 3.554166666666665808e+00
1.400000000000000000e+01 3.579166666666667052e+00
1.500000000000000000e+01 3.691666666666665986e+00
1.600000000000000000e+01 3.791666666666666075e+00
1.700000000000000000e+01 3.625000000000000000e+00
1.800000000000000000e+01 3.337500000000000799e+00
1.900000000000000000e+01 3.125000000000000000e+00
2.000000000000000000e+01 3.270833333333332593e+00
2.100000000000000000e+01 3.341666666666666341e+00
2.200000000000000000e+01 3.183333333333333570e+00
2.300000000000000000e+01 3.440909090909090917e+00
2.400000000000000000e+01 3.354166666666666075e+00
2.500000000000000000e+01 3.591666666666666785e+00
2.600000000000000000e+01 3.591666666666666785e+00
2.700000000000000000e+01 3.233333333333333837e+00
2.800000000000000000e+01 3.354166666666665630e+00
2.900000000000000000e+01 3.141666666666667496e+00
3.000000000000000000e+01 3.229166666666666519e+00
3.100000000000000000e+01 3.516666666666667052e+00
3.200000000000000000e+01 3.887499999999999734e+00
3.300000000000000000e+01 3.186363636363635621e+00
3.400000000000000000e+01 3.191666666666666874e+00
3.500000000000000000e+01 3.191666666666666430e+00
3.600000000000000000e+01 3.125000000000000000e+00
3.700000000000000000e+01 3.049999999999999378e+00
3.800000000000000000e+01 3.195454545454545325e+00
3.900000000000000000e+01 3.434782608695652772e+00
4.000000000000000000e+01 3.512499999999999289e+00
4.100000000000000000e+01 3.242857142857143327e+00
4.200000000000000000e+01 3.204166666666667052e+00
4.300000000000000000e+01 3.233333333333332504e+00
4.400000000000000000e+01 3.325000000000001066e+00
4.500000000000000000e+01 3.508333333333332416e+00
4.600000000000000000e+01 3.320833333333332860e+00
4.700000000000000000e+01 3.095833333333333659e+00
4.800000000000000000e+01 3.386956521739129311e+00
4.900000000000000000e+01 3.641666666666666163e+00
5.000000000000000000e+01 3.466666666666665453e+00
5.100000000000000000e+01 3.424999999999999378e+00
5.200000000000000000e+01 3.404166666666666341e+00
5.300000000000000000e+01 3.483333333333332948e+00
5.400000000000000000e+01 3.654166666666666785e+00
5.500000000000000000e+01 3.150000000000000355e+00
5.600000000000000000e+01 3.263636363636364113e+00
5.700000000000000000e+01 3.208695652173912727e+00
5.800000000000000000e+01 3.333333333333332593e+00
5.900000000000000000e+01 3.562500000000000000e+00
6.000000000000000000e+01 3.400000000000000799e+00
6.100000000000000000e+01 3.133333333333333304e+00
6.200000000000000000e+01 3.608333333333332948e+00
6.300000000000000000e+01 3.520833333333333481e+00
6.400000000000000000e+01 3.541666666666666519e+00
6.500000000000000000e+01 3.749999999999999556e+00
6.600000000000000000e+01 3.787499999999999645e+00
6.700000000000000000e+01 3.466666666666666785e+00
6.800000000000000000e+01 3.758333333333334192e+00
6.900000000000000000e+01 3.962499999999999023e+00
7.000000000000000000e+01 4.024999999999999467e+00
7.100000000000000000e+01 3.716666666666667229e+00
7.200000000000000000e+01 3.779166666666667229e+00
7.300000000000000000e+01 3.616666666666667140e+00
7.400000000000000000e+01 3.504166666666666874e+00
7.500000000000000000e+01 3.870833333333332238e+00
7.600000000000000000e+01 3.795833333333332504e+00
7.700000000000000000e+01 3.812499999999999556e+00
7.800000000000000000e+01 4.045833333333333393e+00
7.900000000000000000e+01 3.804166666666666696e+00
8.000000000000000000e+01 3.791666666666666075e+00
8.100000000000000000e+01 3.849999999999998312e+00
8.200000000000000000e+01 4.387500000000000178e+00
8.300000000000000000e+01 3.372727272727273018e+00
8.400000000000000000e+01 3.320833333333333304e+00
8.500000000000000000e+01 3.429166666666665808e+00
8.600000000000000000e+01 3.704166666666667052e+00
8.700000000000000000e+01 3.712499999999998579e+00
8.800000000000000000e+01 3.758333333333332860e+00
8.900000000000000000e+01 4.000000000000000000e+00
9.000000000000000000e+01 3.220833333333333659e+00
9.100000000000000000e+01 3.545833333333333837e+00
9.200000000000000000e+01 3.587500000000000355e+00
9.300000000000000000e+01 3.991666666666667140e+00
9.400000000000000000e+01 3.662499999999999645e+00
9.500000000000000000e+01 3.708333333333333481e+00
9.600000000000000000e+01 3.683333333333333570e+00
9.700000000000000000e+01 3.704166666666667496e+00
9.800000000000000000e+01 3.804166666666666696e+00
9.900000000000000000e+01 3.558333333333333126e+00
1.000000000000000000e+02 3.774999999999999023e+00
1.010000000000000000e+02 3.933333333333333570e+00
1.020000000000000000e+02 3.991666666666665808e+00
1.030000000000000000e+02 3.520833333333332593e+00
1.040000000000000000e+02 3.837500000000000355e+00
1.050000000000000000e+02 4.029166666666666785e+00
1.060000000000000000e+02 3.962499999999999023e+00
1.070000000000000000e+02 3.929166666666665808e+00
1.080000000000000000e+02 4.008333333333333748e+00
1.090000000000000000e+02 3.716666666666666785e+00
1.100000000000000000e+02 4.075000000000000178e+00
1.110000000000000000e+02 4.279166666666667673e+00
1.120000000000000000e+02 3.137499999999999734e+00
1.130000000000000000e+02 3.537499999999999645e+00
1.140000000000000000e+02 4.008333333333332860e+00
1.150000000000000000e+02 4.158333333333334103e+00
1.160000000000000000e+02 3.804166666666667140e+00
1.170000000000000000e+02 3.958333333333332593e+00
1.180000000000000000e+02 3.333333333333333481e+00
1.190000000000000000e+02 3.645833333333333925e+00
1.200000000000000000e+02 3.773913043478261287e+00
1.210000000000000000e+02 3.304166666666665808e+00
