Mo da yda   time   FoF2   foEs    foE   foF1   fbEs
12  3 337  22.00   2.80  15.00                     
12  3 337  23.00   2.00  15.00                     
12  3 337   0.00   1.70                            
12  3 337   2.00   1.50                            
12  3 337   4.00   2.30  15.00                     
12  3 337   5.00   4.30  17.00  170.00              
12  3 337   6.00   5.20  18.00  170.00              
12  3 337   7.00   5.70  23.00  200.00              
12  3 337   8.00   6.00  22.00  225.00              
12  3 337   9.00   6.30  24.00  225.00              
12  3 337  10.00   5.70  22.00  220.00              
12  3 337  11.00   6.00  19.00                     
12  3 337  12.00   5.30  16.00  160.00              
12  3 337  13.00   3.70  18.00                     
12  3 337  14.00   2.80  22.00                     
12  3 337  15.00   2.00  16.00                     
12  3 337  16.00   2.00  15.00                     
12  3 337  17.00   2.10  23.00                     
12  3 337  18.00   2.30  15.00                     
12  3 337  19.00   2.30  15.00                     
12  3 337  20.00   2.80  25.00                     
12  3 337  21.00   3.00  15.00                     
