Mo da yda   time   FoF2   foEs    foE   foF1   fbEs
 3 18  77  22.00   2.30   1.50                     
 3 18  77  23.00   2.40   1.50                     
 3 18  77   0.00   2.40   1.60                     
 3 18  77   1.00   2.40   1.50                     
 3 18  77   2.00   2.20   1.50                     
 3 18  77   3.00   3.10   1.60   1.60              
 3 18  77   4.00   3.80   2.20   1.90              
 3 18  77   5.00   4.30   2.30   2.30              
 3 18  77   6.00   4.80   2.50   2.50   3.80       
 3 18  77   7.00   5.30   3.00   2.70   4.00       
 3 18  77   8.00   5.20   2.10   2.85   4.00       
 3 18  77   9.00   5.60   2.00   2.90   4.10       
 3 18  77  10.00   5.70   3.00   2.95   4.00       
 3 18  77  11.00   5.50   3.00   2.85   3.90       
 3 18  77  12.00   5.30   2.60   2.65              
 3 18  77  13.00   5.30   2.40   2.40              
 3 18  77  14.00   4.80   2.00   2.00              
 3 18  77  15.00   4.30   1.50                     
 3 18  77  16.00   4.20   1.80                     
 3 18  77  17.00   4.10   1.50                     
 3 18  77  18.00   3.90   1.60                     
 3 18  77  19.00   3.30   1.60                     
 3 18  77  20.00   3.20   1.50                     
 3 18  77  21.00   2.80   1.50                     
