Mo da yda   time   FoF2   foEs    foE   foF1   fbEs
 3  2  61  22.00   2.50   1.60                     
 3  2  61  23.00   2.30   1.50                     
 3  2  61   0.00   2.30   1.50                     
 3  2  61   1.00   2.40   1.60                     
 3  2  61   2.00   2.20   1.60                     
 3  2  61   3.00   2.30   1.50                     
 3  2  61   4.00   3.70   1.70   1.70              
 3  2  61   5.00   4.40   2.10   2.10              
 3  2  61   6.00   4.40   2.50   2.55              
 3  2  61   7.00   4.60   2.30   2.65   3.70       
 3  2  61   8.00   5.00   2.30   2.75   3.80       
 3  2  61   9.00   5.00   2.90   2.75              
 3  2  61  10.00   5.00   2.10   2.70   3.90       
 3  2  61  11.00   5.60   2.60   2.60   3.60       
 3  2  61  12.00   5.10   2.40   2.40   3.40       
 3  2  61  13.00   4.70   2.10   2.10              
 3  2  61  14.00   4.30   1.50   1.50              
 3  2  61  15.00   4.10   1.70                     
 3  2  61  16.00   3.40   1.60                     
 3  2  61  17.00   2.80   1.60                     
 3  2  61  18.00   2.70   1.80                     
 3  2  61  19.00   2.40   3.20                     
 3  2  61  20.00   2.30   1.50                     
 3  2  61  21.00   2.60   1.50                     
