Mo da yda   time   FoF2   foEs    foE   foF1   fbEs
 2 28  59  22.00   2.10   1.50                     
 2 28  59  23.00   2.10   1.50                     
 2 28  59   0.00   2.30   1.50                     
 2 28  59   1.00   2.00   1.50                     
 2 28  59   2.00   1.80                            
 2 28  59   3.00   2.00   1.50   1.50              
 2 28  59   4.00   3.00   1.70   2.20              
 2 28  59   5.00   3.80   2.10          3.20       
 2 28  59   6.00   4.10   2.30          3.70       
 2 28  59   7.00   4.40   2.30          3.70       
 2 28  59   8.00   4.50   2.60   3.20   3.80       
 2 28  59   9.00   4.60   2.70   3.20   3.90       
 2 28  59  10.00   4.70   2.50   3.20   3.80       
 2 28  59  11.00   4.70   2.40   3.05              
 2 28  59  12.00   4.50   2.20   2.85              
 2 28  59  13.00   4.30   2.00   2.40              
 2 28  59  14.00   3.80   1.50   1.80              
 2 28  59  15.00   3.20   1.50                     
 2 28  59  16.00   3.00   1.50                     
 2 28  59  17.00   2.50   1.50                     
 2 28  59  18.00   2.50                            
 2 28  59  19.00   2.50   1.50                     
 2 28  59  20.00   2.40   1.50                     
 2 28  59  21.00   2.50   1.60                     
