Mo da yda   time   FoF2   foEs    foE   foF1   fbEs
 2 26  57  22.00   2.40   1.50                     
 2 26  57  23.00   2.60   1.40                     
 2 26  57   0.00   2.70   1.50                     
 2 26  57   1.00   2.60   1.60                     
 2 26  57   2.00   2.30                            
 2 26  57   3.00   1.80   1.40                     
 2 26  57   4.00   3.50   1.50                     
 2 26  57   5.00   4.50   2.20                     
 2 26  57   6.00   4.70   2.70   2.90              
 2 26  57   7.00   5.00   2.30   3.10   3.80       
 2 26  57   8.00   5.00   2.60   3.10   3.90       
 2 26  57   9.00   5.60   2.60   3.15   3.80       
 2 26  57  10.00   5.60   2.60   3.15              
 2 26  57  11.00   5.20   2.70   3.00              
 2 26  57  12.00   5.30   2.50   2.40              
 2 26  57  13.00   4.80   2.10   2.40              
 2 26  57  14.00   4.70   1.50   1.80              
 2 26  57  15.00   4.00   1.60                     
 2 26  57  16.00   3.60   1.50                     
 2 26  57  17.00   3.20   1.50                     
 2 26  57  18.00   2.60   1.60                     
 2 26  57  19.00   2.80   1.70                     
 2 26  57  20.00   2.70   1.60                     
 2 26  57  21.00   3.00   1.60                     
