Mo da yda   time   FoF2   foEs    foE   foF1   fbEs
 2 24  55  22.00   2.60   1.70                     
 2 24  55  23.00   2.90   1.50                     
 2 24  55   0.00   2.80   1.50                     
 2 24  55   1.00   2.60   1.50                     
 2 24  55   2.00   2.30   1.70                     
 2 24  55   3.00   2.10   1.60                     
 2 24  55   4.00   3.30   2.00   1.60              
 2 24  55   5.00   4.30   2.20   2.35              
 2 24  55   6.00   4.40   2.50   2.90              
 2 24  55   7.00   4.70   2.50   3.05              
 2 24  55   8.00   5.50   2.50   3.20   3.80       
 2 24  55   9.00   5.60   2.00   3.20              
 2 24  55  10.00   5.10   1.80   3.20              
 2 24  55  11.00   5.10   1.60   3.05              
 2 24  55  12.00   4.80   2.20   2.80              
 2 24  55  13.00   4.70   2.00   2.40              
 2 24  55  14.00   4.40   1.60   1.90              
 2 24  55  15.00   4.30                            
 2 24  55  16.00   3.60   1.50                     
 2 24  55  17.00   3.40   1.50                     
 2 24  55  18.00   2.80   1.60                     
 2 24  55  19.00   2.40   1.50                     
 2 24  55  20.00   2.50   1.50                     
 2 24  55  21.00   2.70   1.50                     
