Mo da yda   time   FoF2   foEs    foE   foF1   fbEs
 3  4  63  22.00   2.70   1.50                     
 3  4  63  23.00   2.50   1.50                     
 3  4  63   0.00   2.40   1.50                     
 3  4  63   1.00   2.40   1.60                     
 3  4  63   2.00   2.30   1.50                     
 3  4  63   3.00   2.50   1.60                     
 3  4  63   4.00   3.50   1.70   1.70              
 3  4  63   5.00   4.80   2.00   2.10              
 3  4  63   6.00   4.50   2.50   2.50   3.80       
 3  4  63   7.00   4.90   2.60   2.60   3.80       
 3  4  63   8.00   4.80   2.70   2.70              
 3  4  63   9.00   4.90          2.70   3.90       
 3  4  63  10.00   5.00   1.50   2.70   3.80       
 3  4  63  11.00   5.30   2.00   2.45   3.60       
 3  4  63  12.00   4.90   2.30   2.20              
 3  4  63  13.00   4.60   1.90   1.90              
 3  4  63  14.00   4.10   1.50   1.50              
 3  4  63  15.00   4.20   1.50                     
 3  4  63  16.00   3.80   1.50                     
 3  4  63  17.00   2.80   1.50                     
 3  4  63  18.00   2.70   1.50                     
 3  4  63  19.00   2.80   1.50                     
 3  4  63  20.00   2.60   1.50                     
 3  4  63  21.00   2.90   1.50                     
