Mo da yda   time   FoF2   foEs    foE   foF1   fbEs
 3 13  72  22.00   2.70   1.50                     
 3 13  72  23.00   2.80   1.50                     
 3 13  72   0.00   2.50   1.50                     
 3 13  72   1.00   2.50   1.50                     
 3 13  72   2.00   2.20                            
 3 13  72   3.00   2.60   1.50                     
 3 13  72   4.00   3.30   2.30                     
 3 13  72   5.00   3.70   2.10          3.40       
 3 13  72   6.00   4.40   2.30   2.55   3.50       
 3 13  72   7.00   4.70   2.00   2.75   3.80       
 3 13  72   8.00   4.60   2.80   2.80              
 3 13  72   9.00   4.80   2.80   2.85   3.90       
 3 13  72  10.00   5.00   2.80   2.80   3.90       
 3 13  72  11.00   5.00   2.60   2.65   3.80       
 3 13  72  12.00   5.00   2.40   2.45              
 3 13  72  13.00   4.50   2.40                     
 3 13  72  14.00   4.20   2.00   1.80              
 3 13  72  15.00   4.20   2.00                     
 3 13  72  16.00   3.70   2.00                     
 3 13  72  17.00   3.00   1.90                     
 3 13  72  18.00   2.30   1.80                     
 3 13  72  19.00   2.30   1.70                     
 3 13  72  20.00   2.20                            
 3 13  72  21.00   2.30                            
