Mo da yda   time   FoF2   foEs    foE   foF1   fbEs
 3  5  64  22.00   2.90                            
 3  5  64  23.00   2.80   1.50                     
 3  5  64   0.00   3.10   1.50                     
 3  5  64   1.00   2.80   1.60                     
 3  5  64   2.00   2.50   1.50                     
 3  5  64   3.00   2.40   1.70                     
 3  5  64   4.00   4.00   1.60   1.60              
 3  5  64   5.00   4.60   1.90   1.90   3.30       
 3  5  64   6.00   4.30   2.40   2.35   3.60       
 3  5  64   7.00   4.90   2.50   2.55   3.90       
 3  5  64   8.00   4.60   2.80   2.70   3.90       
 3  5  64   9.00   4.60   2.70   2.70   3.90       
 3  5  64  10.00   4.40   2.70   2.70              
 3  5  64  11.00   4.80   2.60   2.55   3.60       
 3  5  64  12.00   4.90   2.30   2.30   3.60       
 3  5  64  13.00   4.30   2.00   1.90              
 3  5  64  14.00   4.40   1.60   1.60              
 3  5  64  15.00   4.40   1.50                     
 3  5  64  16.00   4.30   1.50                     
 3  5  64  17.00   3.10   1.60                     
 3  5  64  18.00   2.90   1.50                     
 3  5  64  19.00   2.80   1.50                     
 3  5  64  20.00   2.70   1.50                     
 3  5  64  21.00   2.50   1.50                     
