Mo da yda   time   FoF2   foEs    foE   foF1   fbEs
 3 25  84  22.00   2.50   1.50                     
 3 25  84  23.00   2.40   1.50                     
 3 25  84   0.00   2.10   1.50                     
 3 25  84   1.00   2.10   1.50                     
 3 25  84   2.00   2.00   1.50                     
 3 25  84   3.00   3.60   1.70                     
 3 25  84   4.00   4.40   2.10                     
 3 25  84   5.00   4.50   2.50   2.50              
 3 25  84   6.00   5.40   2.70          3.90       
 3 25  84   7.00   5.30   3.10          4.10       
 3 25  84   8.00   5.60   3.10          4.10       
 3 25  84   9.00   5.60   3.40   2.95   4.10       
 3 25  84  10.00   5.80   2.70   2.95   4.10       
 3 25  84  11.00   5.70   3.00   2.85   4.00       
 3 25  84  12.00   5.70   2.70   2.70              
 3 25  84  13.00   5.30   2.40   2.40              
 3 25  84  14.00   4.90   1.80   1.80              
 3 25  84  15.00   4.50   1.50   1.50              
 3 25  84  16.00   5.00   1.70                     
 3 25  84  17.00   4.90   1.70                     
 3 25  84  18.00   4.40   1.50                     
 3 25  84  19.00   2.80   1.50                     
 3 25  84  20.00   2.80   1.60                     
 3 25  84  21.00   2.50   1.50                     
