Mo da yda   time   FoF2   foEs    foE   foF1   fbEs
 2 18  49  22.00   2.60   1.50                     
 2 18  49  23.00   2.60   1.50                     
 2 18  49   0.00   2.60   1.50                     
 2 18  49   1.00   2.50   1.50                     
 2 18  49   2.00   2.10   1.50                     
 2 18  49   3.00   1.90                            
 2 18  49   4.00   3.00   1.60   1.80              
 2 18  49   5.00   4.60   2.10   2.30              
 2 18  49   6.00   5.00   2.00   2.70              
 2 18  49   7.00   5.30   2.40   3.05              
 2 18  49   8.00   5.70   2.60   3.15              
 2 18  49   9.00   6.30   2.60   3.25              
 2 18  49  10.00   5.80   2.60   3.20              
 2 18  49  11.00   5.80   2.40   3.00              
 2 18  49  12.00   5.20   2.20   2.70              
 2 18  49  13.00   5.30   2.10   2.20              
 2 18  49  14.00   4.30   1.50   1.60              
 2 18  49  15.00   3.40   1.50                     
 2 18  49  16.00   3.70   1.60                     
 2 18  49  17.00   3.10   1.50                     
 2 18  49  18.00   2.50   1.50                     
 2 18  49  19.00   2.60   1.50                     
 2 18  49  20.00   2.30   1.60                     
 2 18  49  21.00   2.80   1.50                     
