Mo da yda   time   FoF2   foEs    foE   foF1   fbEs
 2 22  53  22.00   2.40   1.50                     
 2 22  53  23.00   2.30   1.50                     
 2 22  53   0.00   2.60   1.60                     
 2 22  53   1.00   2.30   1.60                     
 2 22  53   2.00   2.00   1.50                     
 2 22  53   3.00   2.00                            
 2 22  53   4.00   2.80   1.60   1.60              
 2 22  53   5.00   3.80   1.80   2.30              
 2 22  53   6.00   4.20   2.10   2.90   3.40       
 2 22  53   7.00   4.40   2.40   3.05   3.70       
 2 22  53   8.00   4.50   2.60   3.15   3.70       
 2 22  53   9.00   4.80   2.60   3.25   3.70       
 2 22  53  10.00   4.70   2.60   3.25              
 2 22  53  11.00   5.20   2.40   3.00              
 2 22  53  12.00   4.60   2.00   2.75              
 2 22  53  13.00   4.30   1.70   2.30              
 2 22  53  14.00   4.20   1.60   1.70              
 2 22  53  15.00   3.80   1.40                     
 2 22  53  16.00   3.30   1.50                     
 2 22  53  17.00   2.70   1.50                     
 2 22  53  18.00   2.50   1.50                     
 2 22  53  19.00   1.90   1.30                     
 2 22  53  20.00   2.10   1.50                     
 2 22  53  21.00   2.30   1.60                     
