Mo da yda   time   FoF2   foEs    foE   foF1   fbEs
 3 24  83  22.00   2.10   1.50                     
 3 24  83  23.00   2.30   1.50                     
 3 24  83   0.00   2.20   1.50                     
 3 24  83   1.00   2.10   1.60                     
 3 24  83   2.00   2.30   1.50                     
 3 24  83   3.00   3.70   1.70   1.70              
 3 24  83   4.00   4.40   2.30   2.10              
 3 24  83   5.00   4.80   2.70   2.40   3.70       
 3 24  83   6.00   4.60   3.00   2.60   3.90       
 3 24  83   7.00   5.00   3.20   2.75   4.10       
 3 24  83   8.00   5.10   3.50   2.90   4.20       
 3 24  83   9.00   5.30   3.20   2.95   4.00       
 3 24  83  10.00   5.70   3.00   2.90   4.10       
 3 24  83  11.00   5.40   3.30   2.70   3.90       
 3 24  83  12.00   5.10   3.30   2.50              
 3 24  83  13.00   5.20   1.70   2.30              
 3 24  83  14.00   5.20   1.70   1.70              
 3 24  83  15.00   4.60   1.70   1.70              
 3 24  83  16.00   4.50   2.00                     
 3 24  83  17.00   4.30   1.60                     
 3 24  83  18.00   4.30   1.60                     
 3 24  83  19.00   3.00   2.00                     
 3 24  83  20.00   2.50   1.50                     
 3 24  83  21.00   2.50   1.50                     
