Mo da yda   time   FoF2   foEs    foE   foF1   fbEs
 3 31  90  22.00   2.20   1.50                     
 3 31  90  23.00   2.20   1.50                     
 3 31  90   0.00   2.00                            
 3 31  90   1.00   2.20                            
 3 31  90   2.00   2.20   1.50                     
 3 31  90   3.00   2.90   1.60   1.60              
 3 31  90   4.00   2.90   2.00   2.00   2.90       
 3 31  90   5.00   3.50   2.40   2.35   3.30       
 3 31  90   6.00   4.20   2.60   2.55   3.80       
 3 31  90   7.00   4.50   2.80   2.75   3.90       
 3 31  90   8.00   4.50   2.80          4.00       
 3 31  90   9.00   4.50   2.90          3.90       
 3 31  90  10.00   4.30   2.90          4.00       
 3 31  90  11.00   4.60   2.70   2.70   4.00       
 3 31  90  12.00   4.40   2.50   2.50   3.80       
 3 31  90  13.00   4.30   2.20   2.20   3.50       
 3 31  90  14.00   3.50   1.80   1.80              
 3 31  90  15.00   3.80   1.50   1.50              
 3 31  90  16.00   3.30   1.50                     
 3 31  90  17.00   3.20   1.50                     
 3 31  90  18.00   3.00   1.50                     
 3 31  90  19.00   2.50   1.60                     
 3 31  90  20.00   2.30   1.50                     
 3 31  90  21.00   2.30   1.50                     
