Mo da yda   time   FoF2   foEs    foE   foF1   fbEs
 3 26  85  22.00   2.30   1.50                     
 3 26  85  23.00   2.10   2.10                     
 3 26  85   0.00   2.00   1.50                     
 3 26  85   1.00   2.10                            
 3 26  85   2.00   2.30   1.50                     
 3 26  85   3.00   3.30   1.60   1.60              
 3 26  85   4.00   4.00   2.10   2.10   3.30       
 3 26  85   5.00   4.10   2.40   2.40              
 3 26  85   6.00   4.40   2.70          3.90       
 3 26  85   7.00   4.80   3.00          4.00       
 3 26  85   8.00   4.40   3.10          4.00       
 3 26  85   9.00   5.50   3.10   2.95   4.00       
 3 26  85  10.00   5.30   3.00   2.90   4.00       
 3 26  85  11.00   5.00   2.30   2.75   4.00       
 3 26  85  12.00   5.00   2.10   2.65   3.70       
 3 26  85  13.00   4.70   2.20   2.20   3.30       
 3 26  85  14.00   4.70   1.80   1.75              
 3 26  85  15.00   4.00   1.70   1.70              
 3 26  85  16.00   4.00   1.60                     
 3 26  85  17.00   4.00   1.50                     
 3 26  85  18.00   3.90   1.50                     
 3 26  85  19.00   3.30   1.80                     
 3 26  85  20.00   3.20   1.50                     
 3 26  85  21.00   2.90   1.50                     
