Mo da yda   time   FoF2   foEs    foE   foF1   fbEs
 3 23  82  22.00   2.00   1.70                     
 3 23  82  23.00   1.90   1.60                     
 3 23  82   0.00   1.90   1.60                     
 3 23  82   1.00   2.00                            
 3 23  82   2.00   2.20   1.70                     
 3 23  82   3.00   3.20   1.70   1.70              
 3 23  82   4.00   3.20   1.90   1.90   3.20       
 3 23  82   5.00   4.60   2.60   2.30   3.70       
 3 23  82   6.00   4.40   2.90   2.50   3.90       
 3 23  82   7.00   4.40   2.70          3.90       
 3 23  82   8.00   4.60   3.20          4.00       
 3 23  82   9.00   5.00   3.00          4.00       
 3 23  82  10.00   4.80   2.40   2.80   4.00       
 3 23  82  11.00   4.80   4.60   2.75   3.90       
 3 23  82  12.00   4.80   1.90   2.60   3.70       
 3 23  82  13.00   4.90   2.50   2.30              
 3 23  82  14.00   4.70   2.90                     
 3 23  82  15.00   4.10   2.10                     
 3 23  82  16.00   3.90   1.60                     
 3 23  82  17.00   3.70   1.40                     
 3 23  82  18.00   3.00   1.60                     
 3 23  82  19.00   2.50   1.70                     
 3 23  82  20.00   2.10   1.40                     
 3 23  82  21.00   2.20   1.50                     
