Mo da yda   time   FoF2   foEs    foE   foF1   fbEs
 3 16  75  22.00   3.00   2.00                     
 3 16  75  23.00   2.60   1.70                     
 3 16  75   0.00   2.80   2.00                     
 3 16  75   1.00   2.60   1.80                     
 3 16  75   2.00   2.10   1.80                     
 3 16  75   3.00   3.10   2.00   2.00              
 3 16  75   4.00   4.30   2.40   2.40              
 3 16  75   5.00   4.30   2.60   2.50              
 3 16  75   6.00   4.80   2.70   2.55              
 3 16  75   7.00   4.60   2.70   2.70   3.80       
 3 16  75   8.00   5.20   3.00   2.80   4.20       
 3 16  75   9.00   5.40   3.20   2.85   3.90       
 3 16  75  10.00   5.40   3.00   2.80   4.00       
 3 16  75  11.00   5.00   2.60   2.60              
 3 16  75  12.00   5.30   2.40   2.40              
 3 16  75  13.00   4.80   2.00                     
 3 16  75  14.00   4.50   2.00   2.00              
 3 16  75  15.00   4.00   2.00                     
 3 16  75  16.00   3.80   2.00                     
 3 16  75  17.00   4.30   3.00                     
 3 16  75  18.00   3.80   2.50                     
 3 16  75  19.00   3.20   1.70                     
 3 16  75  20.00   3.10   1.70                     
 3 16  75  21.00   3.10   1.90                     
