Mo da yda   time   FoF2   foEs    foE   foF1   fbEs
 3 11  70  22.00   2.80   1.70                     
 3 11  70  23.00   2.70   1.60                     
 3 11  70   0.00   3.00   1.50                     
 3 11  70   1.00   2.90   1.50                     
 3 11  70   2.00   2.40   1.50                     
 3 11  70   3.00   2.90   1.60                     
 3 11  70   4.00   3.70   1.80   1.80              
 3 11  70   5.00   4.70   2.20   2.20              
 3 11  70   6.00   5.00   2.60   2.50   3.70       
 3 11  70   7.00   5.00   2.60   2.65              
 3 11  70   8.00   5.70   3.00   2.70   4.00       
 3 11  70   9.00   5.20   2.00   2.70   3.90       
 3 11  70  10.00   5.40   2.60   2.60   3.90       
 3 11  70  11.00   5.10   2.60   2.55   3.70       
 3 11  70  12.00   5.00   2.40   2.40              
 3 11  70  13.00   4.90   2.10   2.10              
 3 11  70  14.00   4.40   1.70   1.70              
 3 11  70  15.00   4.30   1.50                     
 3 11  70  16.00   4.30   1.60                     
 3 11  70  17.00   3.70   2.00                     
 3 11  70  18.00   3.10   1.60                     
 3 11  70  19.00   2.90   1.50                     
 3 11  70  20.00   2.60   1.50                     
 3 11  70  21.00   2.70   2.30                     
