Mo da yda   time   FoF2   foEs    foE   foF1   fbEs
 3  9  68  22.00   2.50   1.50                     
 3  9  68  23.00   2.40   1.50                     
 3  9  68   0.00   2.30   1.50                     
 3  9  68   1.00   2.00                            
 3  9  68   2.00   2.00                            
 3  9  68   3.00   2.60   1.60                     
 3  9  68   4.00   3.30   1.70   1.70              
 3  9  68   5.00   4.00   2.10   2.10   3.50       
 3  9  68   6.00   4.30   2.40   2.45   3.70       
 3  9  68   7.00   4.60   2.80   2.65   3.80       
 3  9  68   8.00   4.50   2.70   2.70   3.90       
 3  9  68   9.00   4.60   2.50   2.75   4.00       
 3  9  68  10.00   4.80   2.30   2.75   3.80       
 3  9  68  11.00   5.30   2.60   2.60   3.90       
 3  9  68  12.00   4.80   2.40   2.45   3.50       
 3  9  68  13.00   4.90   2.00   2.10              
 3  9  68  14.00   4.60   1.70   1.70              
 3  9  68  15.00   4.10   1.50                     
 3  9  68  16.00   3.80   1.60                     
 3  9  68  17.00   3.20   1.50                     
 3  9  68  18.00   2.90   1.50                     
 3  9  68  19.00   2.60   1.50                     
 3  9  68  20.00   2.70   1.50                     
 3  9  68  21.00   2.60   1.50                     
