Mo da yda   time   FoF2   foEs    foE   foF1   fbEs
 3 14  73  22.00   2.40   1.80                     
 3 14  73  23.00   2.80   2.00                     
 3 14  73   0.00   2.40                            
 3 14  73   1.00   2.40   1.90                     
 3 14  73   2.00   2.10   1.80                     
 3 14  73   3.00   3.10   2.00                     
 3 14  73   4.00   3.80   2.20   2.20              
 3 14  73   5.00   4.40   2.60   2.55   3.80       
 3 14  73   6.00   4.70   2.70   2.70   4.00       
 3 14  73   7.00   4.90   2.80   2.80   4.00       
 3 14  73   8.00   5.00   2.90   2.90   4.00       
 3 14  73   9.00   5.20   2.90   2.90   3.90       
 3 14  73  10.00   5.70   3.10   2.85   3.90       
 3 14  73  11.00   5.20   2.80   2.65              
 3 14  73  12.00   5.30   2.40   2.45              
 3 14  73  13.00   5.20   2.20   2.15              
 3 14  73  14.00   4.90   2.00   2.00              
 3 14  73  15.00   4.40   1.90                     
 3 14  73  16.00   3.80   1.90                     
 3 14  73  17.00   3.80   1.90                     
 3 14  73  18.00   2.80   1.90                     
 3 14  73  19.00   2.80   2.00                     
 3 14  73  20.00   2.50   2.00                     
 3 14  73  21.00   2.50   1.90                     
