Mo da yda   time   FoF2   foEs    foE   foF1   fbEs
 3  7  66  22.00   2.80   1.30                     
 3  7  66  23.00   2.70   1.40                     
 3  7  66   0.00   2.70   1.60                     
 3  7  66   1.00   2.30   1.40                     
 3  7  66   2.00   2.00   1.50                     
 3  7  66   3.00   2.40   2.00                     
 3  7  66   4.00   4.10   1.90   1.50              
 3  7  66   5.00   4.20   2.10   2.00   3.60       
 3  7  66   6.00   4.50   2.40   2.30   3.70       
 3  7  66   7.00   4.50   2.60   2.60   3.80       
 3  7  66   8.00   5.10   2.30   2.70   4.00       
 3  7  66   9.00   5.30   2.80   2.75   3.90       
 3  7  66  10.00   4.90   1.70   2.75   3.90       
 3  7  66  11.00   5.00   2.70   2.60   3.70       
 3  7  66  12.00   5.00   2.40   2.35              
 3  7  66  13.00   4.80   2.00   2.00              
 3  7  66  14.00   3.90   1.70   1.70              
 3  7  66  15.00   4.40   1.80                     
 3  7  66  16.00   4.40   1.60                     
 3  7  66  17.00   3.70   3.50                     
 3  7  66  18.00   3.20   1.50                     
 3  7  66  19.00   2.40   1.50                     
 3  7  66  20.00   2.30   1.50                     
 3  7  66  21.00   2.30   1.70                     
