Mo da yda   time   FoF2   foEs    foE   foF1   fbEs
 3 10  69  22.00   2.70   1.50                     
 3 10  69  23.00   2.80   1.60                     
 3 10  69   0.00   2.80   1.70                     
 3 10  69   1.00   2.50   1.60                     
 3 10  69   2.00   2.30   1.60                     
 3 10  69   3.00   2.70   1.60                     
 3 10  69   4.00   3.50   1.80   1.80              
 3 10  69   5.00   4.40   2.30          3.30       
 3 10  69   6.00   4.50   2.50          3.70       
 3 10  69   7.00   4.70   2.60   2.65   3.80       
 3 10  69   8.00   5.00   2.80   2.70   3.90       
 3 10  69   9.00   4.90   2.60   2.70   4.00       
 3 10  69  10.00   5.00   1.90   2.75   3.90       
 3 10  69  11.00   4.90   1.90   2.65   3.70       
 3 10  69  12.00   5.10   1.90   2.40              
 3 10  69  13.00   4.90   1.80   2.00              
 3 10  69  14.00   4.60   1.80   1.80              
 3 10  69  15.00   4.10   1.50                     
 3 10  69  16.00   4.50   1.50                     
 3 10  69  17.00   3.50   1.50                     
 3 10  69  18.00   3.00   1.40                     
 3 10  69  19.00   3.10   2.40                     
 3 10  69  20.00   2.50   2.30                     
 3 10  69  21.00   2.60   1.60                     
