Mo da yda   time   FoF2   foEs    foE   foF1   fbEs
 3 19  78  22.00   2.50   1.60                     
 3 19  78  23.00   2.70   1.60                     
 3 19  78   0.00   2.60   1.50                     
 3 19  78   1.00   2.30   1.50                     
 3 19  78   2.00   2.20   1.50                     
 3 19  78   3.00   2.90   1.60   1.60              
 3 19  78   4.00   3.60   1.90   1.90   3.20       
 3 19  78   5.00   3.80   2.30   2.30   3.70       
 3 19  78   6.00   4.60   2.80   2.50   4.00       
 3 19  78   7.00   4.80   3.00   2.70   3.90       
 3 19  78   8.00   5.00   3.00   2.85              
 3 19  78   9.00   5.10   2.80   2.90   4.10       
 3 19  78  10.00   5.10   2.00   2.95   4.00       
 3 19  78  11.00   5.20   2.80   2.85   3.90       
 3 19  78  12.00   5.00   2.60   2.65              
 3 19  78  13.00   4.80   2.30   2.30              
 3 19  78  14.00   4.40   2.00   2.00              
 3 19  78  15.00   4.00   1.30   1.30              
 3 19  78  16.00   3.80   1.60                     
 3 19  78  17.00   3.40   1.90                     
 3 19  78  18.00   3.20   1.80                     
 3 19  78  19.00   2.80   1.50                     
 3 19  78  20.00   2.80   1.70                     
 3 19  78  21.00   2.60   1.50                     
