Mo da yda   time   FoF2   foEs    foE   foF1   fbEs
 2 27  58  22.00   3.00   1.50                     
 2 27  58  23.00   2.80   1.60                     
 2 27  58   0.00   2.80   1.50                     
 2 27  58   1.00   2.80   1.50                     
 2 27  58   2.00   2.10   1.50                     
 2 27  58   3.00   1.90   1.70   1.50              
 2 27  58   4.00   4.10   1.60   2.10              
 2 27  58   5.00   5.00   2.20   2.60              
 2 27  58   6.00   5.50   2.40   2.90   3.20       
 2 27  58   7.00   5.20   2.70   3.05   3.60       
 2 27  58   8.00   5.30   2.40   3.20              
 2 27  58   9.00   5.60   2.70   3.20   4.00       
 2 27  58  10.00   5.10   2.60   3.20              
 2 27  58  11.00   5.30   2.50   3.10              
 2 27  58  12.00   5.00   2.30   2.00              
 2 27  58  13.00   5.20   2.00   2.35              
 2 27  58  14.00   4.30   1.50                     
 2 27  58  15.00   4.50   1.50                     
 2 27  58  16.00   4.60   1.50                     
 2 27  58  17.00   3.90   1.50                     
 2 27  58  18.00   3.80   1.60                     
 2 27  58  19.00   3.30   1.50                     
 2 27  58  20.00   2.70   1.60                     
 2 27  58  21.00   2.20   1.50                     
