Mo da yda   time   FoF2   foEs    foE   foF1   fbEs
 3 30  89  22.00   1.90                            
 3 30  89  23.00   1.90   1.50                     
 3 30  89   0.00   2.00                            
 3 30  89   1.00   2.10   1.50                     
 3 30  89   2.00   2.40   1.60                     
 3 30  89   3.00   3.40   1.70   1.70              
 3 30  89   4.00   4.30   2.10   2.10   3.30       
 3 30  89   5.00   4.70   2.40   2.45   3.80       
 3 30  89   6.00   4.90   2.80   2.70   3.90       
 3 30  89   7.00   4.80   3.00   2.95   4.00       
 3 30  89   8.00   4.90   3.00   3.00   4.10       
 3 30  89   9.00   5.00   2.80   3.00   4.10       
 3 30  89  10.00   5.20   2.90   2.90   4.00       
 3 30  89  11.00   5.20   2.90   2.70   3.90       
 3 30  89  12.00   5.20   2.70   2.50   3.90       
 3 30  89  13.00   5.10   2.20   2.20              
 3 30  89  14.00   4.30   1.80   1.80              
 3 30  89  15.00   4.40   1.50   1.50              
 3 30  89  16.00   4.50   1.50                     
 3 30  89  18.00   3.30   1.50                     
 3 30  89  19.00   2.90   1.50                     
 3 30  89  20.00   2.30   1.50                     
 3 30  89  21.00   2.10   1.50                     
