Mo da yda   time   FoF2   foEs    foE   foF1   fbEs
 3  3  62  22.00   2.90   1.50                     
 3  3  62  23.00   2.90   1.50                     
 3  3  62   0.00   2.80   1.50                     
 3  3  62   1.00   2.60   1.50                     
 3  3  62   2.00   2.30   1.50                     
 3  3  62   3.00   2.20   1.50                     
 3  3  62   4.00   4.00   1.70   1.70              
 3  3  62   5.00   5.00   2.00   2.00              
 3  3  62   6.00   5.30   2.40   2.35              
 3  3  62   7.00   5.50   2.70   2.60   3.90       
 3  3  62   8.00   5.50   2.70   2.65   3.90       
 3  3  62   9.00   5.60   2.70   2.70              
 3  3  62  10.00   5.10   2.70   2.70              
 3  3  62  11.00   5.20   2.60   2.60   3.80       
 3  3  62  12.00   4.70   2.40   2.40              
 3  3  62  13.00   4.50   2.00   2.00              
 3  3  62  14.00   4.30   1.50   1.50              
 3  3  62  15.00   4.50   1.40                     
 3  3  62  16.00   4.20   1.40                     
 3  3  62  17.00   4.00   1.50                     
 3  3  62  18.00   3.30   1.50                     
 3  3  62  19.00   3.20   1.50                     
 3  3  62  20.00   3.20   1.60                     
 3  3  62  21.00   3.00   1.50                     
