Mo da yda   time   FoF2   foEs    foE   foF1   fbEs
 3 12  71  22.00   2.70   1.40                     
 3 12  71  23.00   2.50   1.50                     
 3 12  71   0.00   2.40   1.50                     
 3 12  71   1.00   2.30   1.50                     
 3 12  71   2.00   2.00   1.50                     
 3 12  71   3.00   2.90   1.50                     
 3 12  71   4.00   4.10   1.80   1.80              
 3 12  71   5.00   4.50   1.80   2.30              
 3 12  71   6.00   5.30   1.80   2.65   3.70       
 3 12  71   7.00   5.40   2.50   2.80   4.00       
 3 12  71   8.00   5.30   3.00   2.90   4.00       
 3 12  71   9.00   5.60   2.40   2.90   3.90       
 3 12  71  10.00   5.90   1.80   2.80   4.00       
 3 12  71  11.00   5.80   2.70   2.60              
 3 12  71  12.00   5.30   2.40   2.35              
 3 12  71  13.00   4.60   2.20   2.15              
 3 12  71  14.00   4.80   1.70   1.70              
 3 12  71  15.00   4.50   1.50                     
 3 12  71  16.00   4.10   1.50                     
 3 12  71  17.00   3.80   1.50                     
 3 12  71  18.00   3.30   1.60                     
 3 12  71  19.00   3.00   1.50                     
 3 12  71  20.00   3.00   1.50                     
 3 12  71  21.00   2.70   1.50                     
