Mo da yda   time   FoF2   foEs    foE   foF1   fbEs
 1 31  31  22.00   2.60   1.50                     
 1 31  31  23.00   2.80                            
 1 31  31   0.00   3.00   1.50                     
 1 31  31   1.00   2.00                            
 1 31  31   2.00   2.80   1.80                     
 1 31  31   3.00   2.80                            
 1 31  31   4.00   3.00   1.60                     
 1 31  31   5.00   4.60   1.60   1.60              
 1 31  31   6.00   5.30   2.20   2.20              
 1 31  31   7.00   6.30   2.40   2.40              
 1 31  31   8.00   5.40   2.40   2.40              
 1 31  31   9.00   5.30   2.50   2.50              
 1 31  31  10.00   5.10   2.40   2.35              
 1 31  31  11.00   5.10   2.40   2.20              
 1 31  31  12.00   4.80   2.10                     
 1 31  31  13.00   4.20   1.60   1.60              
 1 31  31  14.00   3.80   1.50                     
 1 31  31  15.00   2.80   1.60                     
 1 31  31  16.00   2.50   1.50                     
 1 31  31  17.00   2.50   1.90                     
 1 31  31  18.00   2.20   1.60                     
 1 31  31  19.00   2.40   1.50                     
 1 31  31  20.00   2.70   1.50                     
 1 31  31  21.00   2.60   1.50                     
