Mo da yda   time   FoF2   foEs    foE   foF1   fbEs
 2 20  51  22.00   2.30   1.60                     
 2 20  51  23.00   2.50   1.50                     
 2 20  51   0.00   2.60   1.50                     
 2 20  51   1.00   2.40   1.50                     
 2 20  51   2.00   1.80   1.50                     
 2 20  51   3.00   1.90                            
 2 20  51   4.00   3.30   1.60   1.80              
 2 20  51   5.00   4.60   1.70   2.50              
 2 20  51   6.00   6.30   2.40   2.80              
 2 20  51   7.00   6.30   2.60   3.15              
 2 20  51   8.00   6.90   2.60   3.20              
 2 20  51   9.00   6.70   2.70   3.20              
 2 20  51  10.00   8.00   2.60   3.15              
 2 20  51  11.00   6.20   2.40   2.95              
 2 20  51  12.00   6.30   2.10   2.75              
 2 20  51  13.00   6.00   1.70   2.25              
 2 20  51  14.00   4.30   1.60   1.90              
 2 20  51  15.00   5.10   1.60                     
 2 20  51  16.00   5.20   1.30                     
 2 20  51  17.00   3.80   1.50                     
 2 20  51  18.00   3.60   1.50                     
 2 20  51  19.00   3.30   1.60                     
 2 20  51  20.00   3.00   1.50                     
 2 20  51  21.00   2.90   1.50                     
