Mo da yda   time   FoF2   foEs    foE   foF1   fbEs
 2  9  40  22.00   2.80   1.50                     
 2  9  40  23.00   2.80   1.50                     
 2  9  40   0.00   2.60   1.50                     
 2  9  40   1.00   2.30   1.50                     
 2  9  40   2.00   1.80   2.10                     
 2  9  40   3.00   1.80   1.50                     
 2  9  40   4.00   2.60   1.50   1.70              
 2  9  40   5.00   4.50   2.50   2.10              
 2  9  40   6.00   5.30   2.80   2.35              
 2  9  40   7.00   5.30   3.10   2.65              
 2  9  40   8.00   5.40   2.50   3.00              
 2  9  40   9.00   5.30   1.80   3.10              
 2  9  40  10.00   5.40   2.80   3.00              
 2  9  40  11.00   5.30   2.30   2.80              
 2  9  40  12.00   4.90   2.40   2.35              
 2  9  40  13.00   4.60   2.20                     
 2  9  40  14.00   3.60   1.40   1.60              
 2  9  40  15.00   3.30   1.50                     
 2  9  40  16.00   3.40   1.50                     
 2  9  40  17.00   3.50   1.60                     
 2  9  40  18.00   3.40   1.50                     
 2  9  40  19.00   3.20   1.50                     
 2  9  40  20.00   2.90   1.50                     
 2  9  40  21.00   3.20   1.60                     
