Mo da yda   time   FoF2   foEs    foE   foF1   fbEs
 3 15  74  22.00   2.40   1.90                     
 3 15  74  23.00   2.50   2.00                     
 3 15  74   0.00   2.70   2.00                     
 3 15  74   1.00   2.70   2.00                     
 3 15  74   2.00   2.40   1.70                     
 3 15  74   3.00   3.20   1.90   1.90              
 3 15  74   4.00   4.00   2.00   2.00              
 3 15  74   5.00   5.00   2.60   2.25              
 3 15  74   6.00   5.20   3.20   2.50   3.70       
 3 15  74   7.00   4.90   3.00   2.80   3.90       
 3 15  74   8.00   5.10   3.30   2.90   4.00       
 3 15  74   9.00   5.30   2.90   2.90              
 3 15  74  10.00   5.00   2.80   2.85   4.00       
 3 15  74  11.00   5.00   2.60   2.55   3.80       
 3 15  74  12.00   5.10   2.40   2.45              
 3 15  74  13.00   5.00   2.40   2.40              
 3 15  74  14.00   5.00   2.00   2.00              
 3 15  74  15.00   4.50   2.00                     
 3 15  74  16.00   4.50   2.00                     
 3 15  74  17.00   3.70   2.00                     
 3 15  74  18.00   3.60   2.40                     
 3 15  74  19.00   3.40   2.50                     
 3 15  74  20.00   3.10                            
 3 15  74  21.00   3.40   1.80                     
