Mo da yda   time   FoF2   foEs    foE   foF1   fbEs
 2  8  39  22.00   3.00   1.50                     
 2  8  39  23.00   3.30   1.50                     
 2  8  39   0.00   3.30   1.50                     
 2  8  39   1.00   3.40   1.50                     
 2  8  39   2.00   3.30   1.50                     
 2  8  39   3.00   3.00   1.40                     
 2  8  39   4.00   3.30   1.40   1.60              
 2  8  39   5.00   4.60   1.60   2.20              
 2  8  39   6.00   5.60   2.20   2.70              
 2  8  39   7.00   6.10   2.40   3.00              
 2  8  39   8.00   5.80   2.50   3.10              
 2  8  39   9.00   5.40   2.90   3.10              
 2  8  39  10.00   5.50   2.80   3.05              
 2  8  39  11.00   5.00   2.20   2.85              
 2  8  39  12.00   5.30   2.30   2.50              
 2  8  39  13.00   4.50   1.70                     
 2  8  39  14.00   4.10   1.50   1.60              
 2  8  39  15.00   3.90   1.50                     
 2  8  39  16.00   3.40   1.50                     
 2  8  39  17.00   3.70   1.60                     
 2  8  39  18.00   2.60   1.50                     
 2  8  39  19.00   2.60   1.50                     
 2  8  39  20.00   2.80   1.60                     
 2  8  39  21.00   3.10   1.50                     
