Mo da yda   time   FoF2   foEs    foE   foF1   fbEs
 3 20  79  22.00   2.70   1.50                     
 3 20  79  23.00   2.60   1.50                     
 3 20  79   0.00   2.60   1.60                     
 3 20  79   1.00   2.40   1.60                     
 3 20  79   2.00   2.40                            
 3 20  79   3.00   3.50   1.50   1.50              
 3 20  79   4.00   4.30   2.10   2.10              
 3 20  79   5.00   4.50   2.20   2.45              
 3 20  79   6.00   5.30   2.90   2.65   3.90       
 3 20  79   7.00   5.30   3.00          4.00       
 3 20  79   8.00   5.30   3.10          4.00       
 3 20  79   9.00   5.60   3.00          4.10       
 3 20  79  10.00   5.60   2.50   2.90   4.10       
 3 20  79  11.00   5.40   2.90   2.85              
 3 20  79  12.00   5.70   1.80   2.65              
 3 20  79  13.00   5.20   1.80   2.35              
 3 20  79  14.00   4.70   1.80   1.80              
 3 20  79  15.00   4.30   1.50   1.50              
 3 20  79  16.00   4.10   1.50                     
 3 20  79  17.00   4.00   1.80                     
 3 20  79  18.00   3.50   1.60                     
 3 20  79  19.00   3.20   1.60                     
 3 20  79  20.00   2.90   1.50                     
 3 20  79  21.00   2.70   1.50                     
