Mo da yda   time   FoF2   foEs    foE   foF1   fbEs
 2 25  56  22.00   2.60   1.50                     
 2 25  56  23.00   2.60   1.50                     
 2 25  56   0.00   2.40                            
 2 25  56   1.00   1.90                            
 2 25  56   2.00   2.10                            
 2 25  56   3.00   2.10                            
 2 25  56   4.00   3.40   1.50   1.80              
 2 25  56   5.00   3.50          2.40              
 2 25  56   6.00   5.10   2.10   2.75              
 2 25  56   7.00   5.80   2.20   3.05              
 2 25  56   8.00   5.30   2.60   3.10   3.80       
 2 25  56   9.00   6.00   2.80   3.15              
 2 25  56  10.00   5.80   1.90   3.10              
 2 25  56  11.00   5.30   2.60   2.95              
 2 25  56  12.00   5.30   2.30   2.75              
 2 25  56  13.00   4.90   2.30   2.30              
 2 25  56  14.00   4.10   1.50   2.00              
 2 25  56  15.00   4.10   1.50                     
 2 25  56  16.00   3.80   1.60                     
 2 25  56  17.00   2.80   1.50                     
 2 25  56  18.00   2.60   1.70                     
 2 25  56  19.00   2.40   1.50                     
 2 25  56  20.00   2.60   1.60                     
 2 25  56  21.00   2.60   1.50                     
