Mo da yda   time   FoF2   foEs    foE   foF1   fbEs
 3 22  81  22.00   2.00   2.20                     
 3 22  81  23.00   2.10   1.60                     
 3 22  81   0.00   2.20   1.50                     
 3 22  81   1.00   2.20   1.60                     
 3 22  81   2.00   2.00   1.50                     
 3 22  81   3.00   3.10   1.80   1.80   2.40       
 3 22  81   4.00   3.10   2.00   1.95   3.10       
 3 22  81   5.00   3.50   2.30   2.30   3.50       
 3 22  81   6.00   3.60   2.50   2.50   3.60       
 3 22  81   7.00   3.80   2.80   2.70   3.70       
 3 22  81   8.00   3.80   3.10          3.80       
 3 22  81   9.00   3.90   3.00          3.90       
 3 22  81  10.00   4.50   3.10          4.00       
 3 22  81  11.00   4.50   3.00   2.80   3.80       
 3 22  81  12.00   4.30   2.00   2.60              
 3 22  81  13.00   4.40   2.80                     
 3 22  81  14.00   4.00   3.20                     
 3 22  81  15.00   3.50   2.40                     
 3 22  81  16.00   3.00   2.30                     
 3 22  81  17.00   3.00   2.00                     
 3 22  81  18.00   2.40   1.60                     
 3 22  81  19.00   2.10                            
 3 22  81  20.00   2.20                            
 3 22  81  21.00   2.10                            
