         2         1         1  -0.07731
         2         1         2   0.05687
         2         1         3  -0.08874
         2         1         4   0.07258
         2         1         5  -0.01496
         2         1         6   0.04213
         2         1         7   -0.1467
         2         1         8    0.2289
         2         1         9   -0.2232
         2         1        10    0.1981
         2         1        11   -0.2823
         2         1        12    0.4463
         2         1        13     -0.57
         2         1        14    0.5271
         2         1        15   -0.1976
         2         1        16   -0.2947
         2         1        17    0.5431
         2         1        18   -0.3896
         2         1        19    0.1551
         2         1        20   -0.1343
         2         1        21    0.2931
         2         1        22    -0.445
         2         1        23    0.3921
         2         1        24   -0.1219
         2         1        25    -0.092
         2         1        26   0.08473
         2         1        27   0.01455
         2         1        28  -0.05813
         2         1        29   0.04537
         2         1        30  -0.04234
         2         1        31   0.01055
         2         1        32    0.1324
         2         1        33   -0.4398
         2         1        34    0.8496
         2         1        35    -1.078
         2         1        36    0.8852
         2         1        37   -0.4674
         2         1        38    0.2263
         2         1        39   -0.1808
         2         1        40    0.1175
         2         1        41  -0.02848
         2         1        42    0.0296
         2         1        43  -0.08045
         2         1        44   0.09395
         2         1        45   -0.1404
         2         1        46    0.2447
         2         1        47   -0.2705
         2         1        48    0.1553
         2         1        49  -0.03734
         2         1        50   0.06413
         2         1        51   -0.1665
         2         1        52    0.1811
         2         1        53   -0.1276
         2         1        54    0.0584
         2         1        55   0.08851
         2         1        56   -0.3281
         2         1        57    0.4819
         2         1        58   -0.3812
         2         1        59    0.1439
         2         1        60   -0.0164
         2         1        61   0.06285
         2         1        62   -0.1694
         2         1        63    0.1744
         2         1        64   0.01756
         2         1        65   -0.2618
         2         1        66    0.2906
         2         1        67   -0.1147
         2         1        68  -0.01862
         2         1        69   0.04422
         2         1        70  -0.08374
         2         1        71    0.1544
         2         1        72   -0.1523
         2         1        73  -0.00546
         2         1        74    0.3897
         2         1        75   -0.8528
         2         1        76    0.9064
         2         1        77   -0.4667
         2         1        78   0.09869
         2         1        79  -0.05373
         2         1        80    0.1344
         2         1        81   -0.2193
         2         1        82    0.2477
         2         1        83   -0.1247
         2         1        84   -0.2051
         2         1        85    0.6291
         2         1        86   -0.7977
         2         1        87    0.5972
         2         1        88   -0.3079
         2         1        89   0.09348
         2         1        90   0.02401
         2         1        91  -0.05704
         2         1        92    0.1385
         2         1        93   -0.3292
         2         1        94    0.5114
         2         1        95   -0.5156
         2         1        96    0.3546
         2         1        97   -0.2292
         2         1        98    0.2056
         2         1        99   -0.2344
         2         1       100    0.4156
         2         1       101   -0.9085
         2         1       102     1.516
         2         1       103      -1.7
         2         1       104     1.337
         2         1       105   -0.7917
         2         1       106    0.2877
         2         1       107   0.08785
         2         1       108   -0.2424
         2         1       109     0.164
         2         1       110   0.06193
         2         1       111   -0.2894
         2         1       112    0.3606
         2         1       113   -0.2255
         2         1       114   0.04597
         2         1       115   0.04652
         2         1       116   -0.1546
         2         1       117    0.2945
         2         1       118   -0.2808
         2         1       119    0.1013
         2         1       120   0.03792
         0         0         0         0
         4         2         1   0.01992
         4         2         2    -0.216
         4         2         3     -0.12
         4         2         4    0.1754
         4         2         5    0.1364
         4         2         6   -0.1189
         4         2         7  -0.04329
         4         2         8    0.1289
         4         2         9  -0.02816
         4         2        10   -0.1358
         4         2        11  -0.01887
         4         2        12   0.03907
         4         2        13    0.1719
         4         2        14    0.1072
         4         2        15   -0.3572
         4         2        16   -0.1721
         4         2        17    0.4255
         4         2        18    0.1241
         4         2        19   -0.2733
         4         2        20   -0.0272
         4         2        21  -0.01745
         4         2        22  -0.05956
         4         2        23     0.246
         4         2        24   0.09295
         4         2        25   -0.2834
         4         2        26  -0.05143
         4         2        27    0.2053
         4         2        28 -0.001666
         4         2        29   -0.1136
         4         2        30  0.002695
         4         2        31  -0.02991
         4         2        32      0.03
         4         2        33    0.2358
         4         2        34   -0.1075
         4         2        35    -0.406
         4         2        36    0.1965
         4         2        37    0.4462
         4         2        38   -0.1984
         4         2        39   -0.3761
         4         2        40    0.1325
         4         2        41    0.3056
         4         2        42  -0.04974
         4         2        43   -0.2731
         4         2        44   -0.0268
         4         2        45    0.2507
         4         2        46   0.04044
         4         2        47   -0.2417
         4         2        48   0.01597
         4         2        49     0.255
         4         2        50  -0.05443
         4         2        51   -0.2588
         4         2        52   0.02868
         4         2        53     0.242
         4         2        54  -0.00922
         4         2        55   -0.2543
         4         2        56    0.0415
         4         2        57    0.2652
         4         2        58  -0.07943
         4         2        59    -0.183
         4         2        60   0.05328
         4         2        61  0.008665
         4         2        62   0.05106
         4         2        63    0.1711
         4         2        64   -0.1728
         4         2        65   -0.2685
         4         2        66    0.2284
         4         2        67    0.2629
         4         2        68   -0.1846
         4         2        69   -0.1981
         4         2        70   0.04778
         4         2        71   0.08922
         4         2        72    0.2075
         4         2        73    0.1013
         4         2        74   -0.5286
         4         2        75   -0.3328
         4         2        76    0.6602
         4         2        77    0.4408
         4         2        78   -0.4585
         4         2        79   -0.3412
         4         2        80    0.1811
         4         2        81    0.1796
         4         2        82   -0.1407
         4         2        83   -0.1382
         4         2        84    0.2959
         4         2        85    0.2113
         4         2        86   -0.3284
         4         2        87   -0.2352
         4         2        88    0.1197
         4         2        89    0.1352
         4         2        90   0.09724
         4         2        91  -0.04618
         4         2        92   -0.1711
         4         2        93   0.08977
         4         2        94    0.1875
         4         2        95   -0.1761
         4         2        96   -0.2124
         4         2        97    0.2105
         4         2        98    0.2551
         4         2        99   -0.2861
         4         2       100   -0.3468
         4         2       101    0.4166
         4         2       102    0.4219
         4         2       103   -0.3887
         4         2       104    -0.355
         4         2       105    0.1659
         4         2       106    0.1979
         4         2       107 -0.004027
         4         2       108  -0.06209
         4         2       109 -0.005579
         4         2       110  -0.07575
         4         2       111  -0.01873
         4         2       112    0.2279
         4         2       113    0.0527
         4         2       114     -0.32
         4         2       115   -0.1324
         4         2       116    0.3209
         4         2       117    0.2049
         4         2       118   -0.2544
         4         2       119   -0.1958
         4         2       120    0.1462
         0         0         0         0
         6         3         1   -0.1244
         6         3         2   -0.3021
         6         3         3   -0.2154
         6         3         4   0.05584
         6         3         5    0.2643
         6         3         6    0.2599
         6         3         7   0.08291
         6         3         8   -0.1341
         6         3         9   -0.2539
         6         3        10   -0.1773
         6         3        11   0.05972
         6         3        12    0.2382
         6         3        13    0.1497
         6         3        14   -0.1192
         6         3        15   -0.2343
         6         3        16  -0.03166
         6         3        17    0.2373
         6         3        18    0.2142
         6         3        19  -0.09258
         6         3        20   -0.3127
         6         3        21   -0.1836
         6         3        22    0.1366
         6         3        23    0.2909
         6         3        24    0.1551
         6         3        25   -0.0648
         6         3        26   -0.1401
         6         3        27  -0.08343
         6         3        28   -0.0434
         6         3        29  -0.04818
         6         3        30 0.0009503
         6         3        31     0.108
         6         3        32    0.1222
         6         3        33  -0.02656
         6         3        34   -0.1637
         6         3        35  -0.08952
         6         3        36    0.1111
         6         3        37    0.1695
         6         3        38   0.02704
         6         3        39   -0.0923
         6         3        40  -0.04237
         6         3        41   0.04203
         6         3        42  0.001253
         6         3        43  -0.09455
         6         3        44  -0.08901
         6         3        45   0.01493
         6         3        46   0.09909
         6         3        47    0.1098
         6         3        48   0.06708
         6         3        49  -0.01444
         6         3        50   -0.1012
         6         3        51   -0.1182
         6         3        52  -0.04656
         6         3        53   0.02947
         6         3        54   0.04759
         6         3        55   0.05036
         6         3        56    0.0709
         6         3        57   0.04463
         6         3        58  -0.06313
         6         3        59   -0.1364
         6         3        60  -0.04999
         6         3        61    0.1156
         6         3        62     0.145
         6         3        63  -0.01245
         6         3        64   -0.1485
         6         3        65  -0.08166
         6         3        66   0.07322
         6         3        67   0.07215
         6         3        68  -0.07134
         6         3        69  -0.07763
         6         3        70    0.1551
         6         3        71    0.3049
         6         3        72   0.03339
         6         3        73   -0.4531
         6         3        74   -0.5426
         6         3        75 -0.003945
         6         3        76    0.6238
         6         3        77    0.6464
         6         3        78   0.05021
         6         3        79   -0.5352
         6         3        80      -0.6
         6         3        81    -0.201
         6         3        82    0.2845
         6         3        83    0.5358
         6         3        84    0.4085
         6         3        85  -0.02663
         6         3        86   -0.4502
         6         3        87   -0.5034
         6         3        88   -0.1548
         6         3        89     0.248
         6         3        90     0.367
         6         3        91    0.2057
         6         3        92 -0.003876
         6         3        93   -0.1101
         6         3        94   -0.1204
         6         3        95  -0.08003
         6         3        96  -0.03314
         6         3        97  -0.04392
         6         3        98  -0.09787
         6         3        99  -0.04178
         6         3       100    0.1937
         6         3       101    0.3727
         6         3       102    0.1991
         6         3       103   -0.2251
         6         3       104   -0.4466
         6         3       105   -0.2306
         6         3       106    0.1438
         6         3       107    0.2641
         6         3       108   0.08851
         6         3       109  -0.07828
         6         3       110  -0.02719
         6         3       111    0.1045
         6         3       112   0.06616
         6         3       113   -0.1297
         6         3       114    -0.208
         6         3       115   -0.0237
         6         3       116    0.2066
         6         3       117    0.1875
         6         3       118  -0.05081
         6         3       119    -0.206
         6         3       120   -0.1145
         0         0         0         0
         8         4         1   -0.2436
         8         4         2   -0.3087
         8         4         3    -0.182
         8         4         4   0.07012
         8         4         5    0.2872
         8         4         6    0.3285
         8         4         7     0.175
         8         4         8  -0.06059
         8         4         9   -0.2237
         8         4        10   -0.2314
         8         4        11   -0.1183
         8         4        12   0.01438
         8         4        13   0.08931
         8         4        14    0.1007
         8         4        15   0.08497
         8         4        16   0.06167
         8         4        17   0.01487
         8         4        18  -0.06733
         8         4        19   -0.1488
         8         4        20    -0.158
         8         4        21   -0.0548
         8         4        22    0.1162
         8         4        23    0.2455
         8         4        24    0.2402
         8         4        25   0.09711
         8         4        26  -0.09542
         8         4        27    -0.223
         8         4        28   -0.2231
         8         4        29   -0.1187
         8         4        30  0.008772
         8         4        31   0.08055
         8         4        32   0.07166
         8         4        33   0.01916
         8         4        34  -0.01467
         8         4        35  0.006493
         8         4        36    0.0673
         8         4        37    0.1177
         8         4        38    0.1139
         8         4        39    0.0478
         8         4        40  -0.05249
         8         4        41   -0.1423
         8         4        42    -0.181
         8         4        43   -0.1457
         8         4        44  -0.04171
         8         4        45   0.09222
         8         4        46     0.194
         8         4        47    0.2076
         8         4        48    0.1183
         8         4        49   -0.0326
         8         4        50    -0.167
         8         4        51   -0.2149
         8         4        52   -0.1551
         8         4        53   -0.0261
         8         4        54   0.09825
         8         4        55     0.153
         8         4        56    0.1194
         8         4        57   0.03288
         8         4        58  -0.04336
         8         4        59  -0.06276
         8         4        60   -0.0268
         8         4        61   0.02051
         8         4        62   0.03027
         8         4        63  -0.01153
         8         4        64  -0.07302
         8         4        65   -0.0994
         8         4        66  -0.05104
         8         4        67   0.06591
         8         4        68    0.1903
         8         4        69    0.2285
         8         4        70    0.1123
         8         4        71   -0.1319
         8         4        72   -0.3607
         8         4        73   -0.3908
         8         4        74   -0.1459
         8         4        75    0.2441
         8         4        76    0.5044
         8         4        77    0.4206
         8         4        78   0.02765
         8         4        79   -0.3909
         8         4        80   -0.5144
         8         4        81   -0.2406
         8         4        82     0.227
         8         4        83    0.5343
         8         4        84    0.4484
         8         4        85    0.0296
         8         4        86   -0.4237
         8         4        87   -0.6012
         8         4        88   -0.3973
         8         4        89   0.03762
         8         4        90    0.4259
         8         4        91    0.5544
         8         4        92    0.3887
         8         4        93   0.05289
         8         4        94   -0.2745
         8         4        95    -0.457
         8         4        96   -0.4383
         8         4        97   -0.2359
         8         4        98   0.07309
         8         4        99    0.3643
         8         4       100    0.5007
         8         4       101    0.3995
         8         4       102   0.09719
         8         4       103   -0.2509
         8         4       104   -0.4572
         8         4       105   -0.4207
         8         4       106   -0.1859
         8         4       107    0.0989
         8         4       108    0.2851
         8         4       109    0.3053
         8         4       110    0.1869
         8         4       111   0.01381
         8         4       112   -0.1241
         8         4       113   -0.1681
         8         4       114    -0.113
         8         4       115 -0.008677
         8         4       116   0.06951
         8         4       117    0.0714
         8         4       118  0.008713
         8         4       119   -0.0573
         8         4       120  -0.06918
         0         0         0         0
        10         5         1   -0.2282
        10         5         2    -0.206
        10         5         3  -0.08791
        10         5         4   0.07721
        10         5         5     0.214
        10         5         6     0.259
        10         5         7    0.1929
        10         5         8   0.05027
        10         5         9   -0.1005
        10         5        10   -0.1921
        10         5        11    -0.191
        10         5        12   -0.1103
        10         5        13  0.001334
        10         5        14   0.08623
        10         5        15    0.1054
        10         5        16    0.0557
        10         5        17  -0.03087
        10         5        18   -0.1033
        10         5        19   -0.1165
        10         5        20  -0.05389
        10         5        21   0.06297
        10         5        22    0.1824
        10         5        23    0.2465
        10         5        24    0.2193
        10         5        25    0.1044
        10         5        26  -0.05594
        10         5        27   -0.2017
        10         5        28   -0.2827
        10         5        29   -0.2789
        10         5        30   -0.2036
        10         5        31  -0.09016
        10         5        32    0.0265
        10         5        33    0.1234
        10         5        34    0.1907
        10         5        35     0.225
        10         5        36    0.2215
        10         5        37    0.1738
        10         5        38   0.08144
        10         5        39  -0.04118
        10         5        40   -0.1617
        10         5        41   -0.2383
        10         5        42   -0.2375
        10         5        43   -0.1522
        10         5        44 -0.009562
        10         5        45    0.1363
        10         5        46    0.2265
        10         5        47    0.2236
        10         5        48    0.1291
        10         5        49  -0.01622
        10         5        50   -0.1511
        10         5        51   -0.2212
        10         5        52    -0.203
        10         5        53   -0.1117
        10         5        54  0.009497
        10         5        55    0.1116
        10         5        56    0.1615
        10         5        57     0.152
        10         5        58   0.09834
        10         5        59    0.0255
        10         5        60  -0.04395
        10         5        61  -0.09471
        10         5        62   -0.1169
        10         5        63   -0.1032
        10         5        64   -0.0504
        10         5        65   0.03276
        10         5        66    0.1201
        10         5        67    0.1719
        10         5        68    0.1522
        10         5        69   0.05262
        10         5        70  -0.09332
        10         5        71   -0.2189
        10         5        72    -0.257
        10         5        73   -0.1797
        10         5        74  -0.02051
        10         5        75    0.1401
        10         5        76    0.2203
        10         5        77    0.1871
        10         5        78   0.07694
        10         5        79  -0.02839
        10         5        80  -0.05788
        10         5        81-0.0009471
        10         5        82   0.08413
        10         5        83    0.1109
        10         5        84   0.02844
        10         5        85   -0.1364
        10         5        86   -0.2878
        10         5        87   -0.3188
        10         5        88   -0.1815
        10         5        89   0.07578
        10         5        90    0.3281
        10         5        91    0.4406
        10         5        92    0.3433
        10         5        93   0.07197
        10         5        94    -0.247
        10         5        95   -0.4597
        10         5        96   -0.4609
        10         5        97   -0.2455
        10         5        98   0.08889
        10         5        99    0.3897
        10         5       100    0.5212
        10         5       101    0.4269
        10         5       102    0.1534
        10         5       103   -0.1749
        10         5       104   -0.4162
        10         5       105    -0.476
        10         5       106   -0.3456
        10         5       107  -0.09822
        10         5       108    0.1527
        10         5       109    0.3083
        10         5       110    0.3253
        10         5       111    0.2253
        10         5       112   0.07248
        10         5       113  -0.06318
        10         5       114    -0.138
        10         5       115   -0.1464
        10         5       116   -0.1113
        10         5       117  -0.06359
        10         5       118  -0.02446
        10         5       119  0.001109
        10         5       120   0.01881
         0         0         0         0
        12         6         1   -0.1543
        12         6         2   -0.1118
        12         6         3  -0.02838
        12         6         4    0.0692
        12         6         5     0.148
        12         6         6    0.1816
        12         6         7    0.1599
        12         6         8   0.09254
        12         6         9  0.004074
        12         6        10  -0.07677
        12         6        11   -0.1284
        12         6        12   -0.1436
        12         6        13   -0.1292
        12         6        14   -0.1002
        12         6        15   -0.0702
        12         6        16  -0.04435
        12         6        17  -0.01793
        12         6        18   0.01903
        12         6        19    0.0735
        12         6        20    0.1421
        12         6        21    0.2085
        12         6        22    0.2482
        12         6        23    0.2373
        12         6        24    0.1639
        12         6        25   0.03482
        12         6        26   -0.1237
        12         6        27   -0.2726
        12         6        28    -0.372
        12         6        29   -0.3928
        12         6        30   -0.3262
        12         6        31   -0.1857
        12         6        32 -0.003699
        12         6        33    0.1772
        12         6        34    0.3151
        12         6        35    0.3791
        12         6        36    0.3566
        12         6        37    0.2562
        12         6        38    0.1058
        12         6        39  -0.05453
        12         6        40    -0.183
        12         6        41   -0.2475
        12         6        42   -0.2352
        12         6        43   -0.1563
        12         6        44  -0.04074
        12         6        45   0.07114
        12         6        46    0.1422
        12         6        47    0.1509
        12         6        48   0.09819
        12         6        49  0.006504
        12         6        50  -0.08908
        12         6        51   -0.1538
        12         6        52   -0.1655
        12         6        53   -0.1219
        12         6        54   -0.0403
        12         6        55   0.04993
        12         6        56    0.1183
        12         6        57     0.144
        12         6        58    0.1225
        12         6        59   0.06598
        12         6        60 -0.001658
        12         6        61  -0.05422
        12         6        62  -0.07256
        12         6        63  -0.05153
        12         6        64 -0.001825
        12         6        65   0.05392
        12         6        66   0.08969
        12         6        67   0.08622
        12         6        68   0.03905
        12         6        69  -0.03887
        12         6        70   -0.1214
        12         6        71   -0.1788
        12         6        72    -0.189
        12         6        73   -0.1458
        12         6        74  -0.06044
        12         6        75   0.04334
        12         6        76    0.1385
        12         6        77    0.2033
        12         6        78    0.2266
        12         6        79    0.2071
        12         6        80    0.1503
        12         6        81   0.06572
        12         6        82  -0.03446
        12         6        83   -0.1337
        12         6        84   -0.2108
        12         6        85   -0.2431
        12         6        86   -0.2147
        12         6        87   -0.1257
        12         6        88  0.002296
        12         6        89    0.1286
        12         6        90    0.2074
        12         6        91    0.2062
        12         6        92    0.1221
        12         6        93  -0.01336
        12         6        94   -0.1445
        12         6        95   -0.2137
        12         6        96   -0.1867
        12         6        97  -0.06876
        12         6        98   0.09535
        12         6        99    0.2389
        12         6       100    0.3006
        12         6       101    0.2506
        12         6       102     0.103
        12         6       103  -0.08969
        12         6       104   -0.2576
        12         6       105   -0.3412
        12         6       106   -0.3133
        12         6       107   -0.1874
        12         6       108  -0.01035
        12         6       109    0.1576
        12         6       110    0.2649
        12         6       111    0.2856
        12         6       112     0.224
        12         6       113    0.1093
        12         6       114  -0.01825
        12         6       115   -0.1217
        12         6       116   -0.1781
        12         6       117   -0.1817
        12         6       118    -0.142
        12         6       119  -0.07723
        12         6       120 -0.007546
         0         0         0         0
        14         7         1  -0.08583
        14         7         2  -0.04586
        14         7         3   0.01158
        14         7         4   0.07251
        14         7         5    0.1211
        14         7         6    0.1437
        14         7         7    0.1329
        14         7         8    0.0891
        14         7         9   0.02029
        14         7        10  -0.05983
        14         7        11   -0.1353
        14         7        12    -0.191
        14         7        13   -0.2157
        14         7        14   -0.2034
        14         7        15   -0.1536
        14         7        16  -0.07186
        14         7        17   0.03155
        14         7        18     0.142
        14         7        19    0.2418
        14         7        20    0.3128
        14         7        21    0.3384
        14         7        22    0.3079
        14         7        23    0.2195
        14         7        24   0.08243
        14         7        25  -0.08272
        14         7        26   -0.2471
        14         7        27   -0.3788
        14         7        28   -0.4498
        14         7        29    -0.443
        14         7        30   -0.3566
        14         7        31   -0.2055
        14         7        32  -0.01894
        14         7        33    0.1662
        14         7        34    0.3138
        14         7        35    0.3965
        14         7        36    0.4022
        14         7        37    0.3362
        14         7        38    0.2192
        14         7        39   0.08127
        14         7        40  -0.04584
        14         7        41   -0.1369
        14         7        42   -0.1787
        14         7        43   -0.1724
        14         7        44   -0.1315
        14         7        45   -0.0762
        14         7        46  -0.02733
        14         7        47 0.0003073
        14         7        48  0.001522
        14         7        49  -0.01879
        14         7        50  -0.04848
        14         7        51  -0.07302
        14         7        52  -0.08069
        14         7        53  -0.06639
        14         7        54   -0.0328
        14         7        55   0.01116
        14         7        56   0.05384
        14         7        57   0.08509
        14         7        58   0.09942
        14         7        59   0.09721
        14         7        60   0.08368
        14         7        61   0.06605
        14         7        62   0.05027
        14         7        63   0.03849
        14         7        64    0.0284
        14         7        65   0.01454
        14         7        66  -0.00877
        14         7        67  -0.04421
        14         7        68   -0.0891
        14         7        69    -0.135
        14         7        70   -0.1695
        14         7        71   -0.1797
        14         7        72   -0.1566
        14         7        73  -0.09824
        14         7        74  -0.01168
        14         7        75   0.08805
        14         7        76     0.181
        14         7        77    0.2469
        14         7        78    0.2703
        14         7        79    0.2444
        14         7        80    0.1733
        14         7        81   0.07095
        14         7        82  -0.04123
        14         7        83   -0.1399
        14         7        84    -0.205
        14         7        85   -0.2252
        14         7        86   -0.2004
        14         7        87   -0.1415
        14         7        88  -0.06747
        14         7        89 0.0009324
        14         7        90   0.04704
        14         7        91   0.06348
        14         7        92   0.05404
        14         7        93   0.03168
        14         7        94   0.01319
        14         7        95   0.01242
        14         7        96   0.03446
        14         7        97   0.07315
        14         7        98    0.1129
        14         7        99    0.1342
        14         7       100    0.1218
        14         7       101   0.07028
        14         7       102  -0.01172
        14         7       103    -0.104
        14         7       104   -0.1804
        14         7       105   -0.2175
        14         7       106   -0.2022
        14         7       107   -0.1363
        14         7       108  -0.03604
        14         7       109   0.07234
        14         7       110    0.1608
        14         7       111    0.2073
        14         7       112     0.202
        14         7       113     0.149
        14         7       114   0.06457
        14         7       115  -0.02855
        14         7       116   -0.1074
        14         7       117    -0.155
        14         7       118   -0.1637
        14         7       119    -0.136
        14         7       120   -0.0827
         0         0         0         0
        16         8         1  -0.01776
        16         8         2   0.01466
        16         8         3   0.05033
        16         8         4   0.08054
        16         8         5   0.09652
        16         8         6   0.09158
        16         8         7   0.06285
        16         8         8   0.01244
        16         8         9  -0.05241
        16         8        10   -0.1203
        16         8        11   -0.1778
        16         8        12   -0.2113
        16         8        13   -0.2108
        16         8        14   -0.1712
        16         8        15  -0.09443
        16         8        16   0.01056
        16         8        17    0.1285
        16         8        18    0.2402
        16         8        19    0.3255
        16         8        20    0.3669
        16         8        21    0.3532
        16         8        22    0.2817
        16         8        23    0.1596
        16         8        24  0.003221
        16         8        25   -0.1639
        16         8        26   -0.3153
        16         8        27   -0.4258
        16         8        28   -0.4764
        16         8        29   -0.4576
        16         8        30   -0.3719
        16         8        31   -0.2327
        16         8        32  -0.06254
        16         8        33    0.1116
        16         8        34    0.2629
        16         8        35    0.3699
        16         8        36    0.4198
        16         8        37    0.4103
        16         8        38    0.3492
        16         8        39    0.2518
        16         8        40    0.1373
        16         8        41   0.02451
        16         8        42  -0.07129
        16         8        43   -0.1409
        16         8        44   -0.1815
        16         8        45    -0.196
        16         8        46   -0.1909
        16         8        47   -0.1739
        16         8        48   -0.1514
        16         8        49   -0.1278
        16         8        50   -0.1047
        16         8        51  -0.08122
        16         8        52  -0.05571
        16         8        53  -0.02653
        16         8        54  0.006798
        16         8        55   0.04311
        16         8        56   0.07974
        16         8        57     0.113
        16         8        58     0.139
        16         8        59    0.1542
        16         8        60    0.1561
        16         8        61    0.1433
        16         8        62    0.1157
        16         8        63   0.07463
        16         8        64   0.02254
        16         8        65  -0.03655
        16         8        66  -0.09716
        16         8        67   -0.1525
        16         8        68   -0.1951
        16         8        69   -0.2175
        16         8        70    -0.214
        16         8        71   -0.1815
        16         8        72   -0.1214
        16         8        73  -0.03956
        16         8        74   0.05379
        16         8        75    0.1453
        16         8        76    0.2209
        16         8        77    0.2682
        16         8        78    0.2789
        16         8        79    0.2507
        16         8        80    0.1878
        16         8        81    0.1004
        16         8        82  0.002181
        16         8        83  -0.09166
        16         8        84   -0.1677
        16         8        85   -0.2167
        16         8        86   -0.2343
        16         8        87   -0.2219
        16         8        88   -0.1852
        16         8        89   -0.1322
        16         8        90  -0.07166
        16         8        91  -0.01103
        16         8        92   0.04421
        16         8        93   0.09066
        16         8        94    0.1264
        16         8        95      0.15
        16         8        96    0.1602
        16         8        97    0.1553
        16         8        98    0.1339
        16         8        99    0.0962
        16         8       100   0.04469
        16         8       101  -0.01512
        16         8       102   -0.0749
        16         8       103   -0.1248
        16         8       104   -0.1554
        16         8       105     -0.16
        16         8       106   -0.1366
        16         8       107  -0.08902
        16         8       108  -0.02599
        16         8       109   0.04004
        16         8       110   0.09584
        16         8       111    0.1303
        16         8       112     0.137
        16         8       113    0.1155
        16         8       114   0.07139
        16         8       115   0.01475
        16         8       116  -0.04213
        16         8       117  -0.08765
        16         8       118   -0.1133
        16         8       119   -0.1155
        16         8       120  -0.09543
         0         0         0         0
        18         9         1   0.03289
        18         9         2   0.04471
        18         9         3   0.05053
        18         9         4   0.04649
        18         9         5   0.02999
        18         9         6 0.0006094
        18         9         7  -0.03936
        18         9         8  -0.08485
        18         9         9   -0.1285
        18         9        10   -0.1617
        18         9        11   -0.1762
        18         9        12   -0.1654
        18         9        13   -0.1263
        18         9        14  -0.06029
        18         9        15   0.02642
        18         9        16    0.1231
        18         9        17    0.2161
        18         9        18    0.2904
        18         9        19    0.3325
        18         9        20    0.3325
        18         9        21    0.2861
        18         9        22    0.1958
        18         9        23   0.07102
        18         9        24  -0.07301
        18         9        25   -0.2173
        18         9        26   -0.3419
        18         9        27   -0.4289
        18         9        28   -0.4653
        18         9        29   -0.4449
        18         9        30   -0.3694
        18         9        31   -0.2485
        18         9        32  -0.09749
        18         9        33   0.06408
        18         9        34     0.216
        18         9        35    0.3401
        18         9        36    0.4228
        18         9        37    0.4565
        18         9        38    0.4405
        18         9        39    0.3802
        18         9        40    0.2859
        18         9        41    0.1707
        18         9        42   0.04879
        18         9        43  -0.06687
        18         9        44   -0.1658
        18         9        45   -0.2409
        18         9        46   -0.2886
        18         9        47   -0.3084
        18         9        48   -0.3024
        18         9        49   -0.2743
        18         9        50   -0.2287
        18         9        51   -0.1703
        18         9        52    -0.104
        18         9        53  -0.03421
        18         9        54   0.03477
        18         9        55   0.09879
        18         9        56    0.1538
        18         9        57     0.196
        18         9        58    0.2218
        18         9        59    0.2287
        18         9        60    0.2152
        18         9        61    0.1812
        18         9        62    0.1288
        18         9        63   0.06204
        18         9        64  -0.01327
        18         9        65  -0.08965
        18         9        66   -0.1589
        18         9        67   -0.2127
        18         9        68   -0.2442
        18         9        69   -0.2483
        18         9        70   -0.2231
        18         9        71   -0.1701
        18         9        72  -0.09452
        18         9        73 -0.004691
        18         9        74   0.08884
        18         9        75    0.1746
        18         9        76    0.2417
        18         9        77    0.2815
        18         9        78    0.2886
        18         9        79    0.2619
        18         9        80    0.2048
        18         9        81    0.1243
        18         9        82   0.03067
        18         9        83  -0.06468
        18         9        84   -0.1503
        18         9        85   -0.2164
        18         9        86    -0.256
        18         9        87   -0.2656
        18         9        88   -0.2456
        18         9        89   -0.1996
        18         9        90   -0.1343
        18         9        91  -0.05798
        18         9        92   0.02025
        18         9        93   0.09157
        18         9        94    0.1484
        18         9        95    0.1851
        18         9        96    0.1986
        18         9        97    0.1885
        18         9        98    0.1571
        18         9        99    0.1094
        18         9       100    0.0519
        18         9       101 -0.007495
        18         9       102  -0.06097
        18         9       103   -0.1017
        18         9       104   -0.1247
        18         9       105   -0.1279
        18         9       106    -0.112
        18         9       107  -0.08084
        18         9       108  -0.04039
        18         9       109  0.002074
        18         9       110   0.03929
        18         9       111   0.06522
        18         9       112   0.07611
        18         9       113   0.07104
        18         9       114   0.05201
        18         9       115   0.02342
        18         9       116 -0.008818
        18         9       117  -0.03846
        18         9       118  -0.06009
        18         9       119  -0.07008
        18         9       120  -0.06713
         0         0         0         0
        20        10         1   0.03478
        20        10         2   0.02215
        20        10         3  0.002794
        20        10         4  -0.02289
        20        10         5  -0.05325
        20        10         6  -0.08533
        20        10         7   -0.1151
        20        10         8   -0.1377
        20        10         9   -0.1483
        20        10        10   -0.1428
        20        10        11   -0.1187
        20        10        12  -0.07548
        20        10        13  -0.01559
        20        10        14    0.0559
        20        10        15    0.1314
        20        10        16    0.2017
        20        10        17     0.257
        20        10        18    0.2883
        20        10        19    0.2888
        20        10        20     0.255
        20        10        21    0.1877
        20        10        22   0.09185
        20        10        23  -0.02318
        20        10        24   -0.1451
        20        10        25   -0.2599
        20        10        26   -0.3535
        20        10        27   -0.4141
        20        10        28   -0.4329
        20        10        29   -0.4062
        20        10        30   -0.3356
        20        10        31   -0.2276
        20        10        32  -0.09336
        20        10        33   0.05295
        20        10        34    0.1959
        20        10        35    0.3205
        20        10        36     0.414
        20        10        37    0.4676
        20        10        38    0.4766
        20        10        39    0.4415
        20        10        40     0.367
        20        10        41     0.262
        20        10        42    0.1375
        20        10        43     0.006
        20        10        44   -0.1201
        20        10        45   -0.2297
        20        10        46   -0.3143
        20        10        47   -0.3677
        20        10        48   -0.3875
        20        10        49   -0.3738
        20        10        50   -0.3299
        20        10        51   -0.2613
        20        10        52   -0.1751
        20        10        53  -0.07938
        20        10        54   0.01733
        20        10        55    0.1068
        20        10        56    0.1818
        20        10        57    0.2363
        20        10        58    0.2662
        20        10        59    0.2694
        20        10        60    0.2463
        20        10        61    0.1994
        20        10        62    0.1336
        20        10        63   0.05555
        20        10        64  -0.02693
        20        10        65   -0.1053
        20        10        66   -0.1713
        20        10        67   -0.2179
        20        10        68   -0.2397
        20        10        69    -0.234
        20        10        70   -0.2011
        20        10        71   -0.1443
        20        10        72  -0.06942
        20        10        73   0.01528
        20        10        74    0.1004
        20        10        75    0.1765
        20        10        76    0.2347
        20        10        77    0.2683
        20        10        78    0.2735
        20        10        79    0.2494
        20        10        80    0.1988
        20        10        81    0.1272
        20        10        82   0.04264
        20        10        83  -0.04542
        20        10        84   -0.1274
        20        10        85   -0.1945
        20        10        86   -0.2398
        20        10        87   -0.2591
        20        10        88   -0.2512
        20        10        89    -0.218
        20        10        90   -0.1642
        20        10        91  -0.09655
        20        10        92  -0.02312
        20        10        93   0.04781
        20        10        94    0.1087
        20        10        95    0.1536
        20        10        96    0.1787
        20        10        97    0.1828
        20        10        98    0.1672
        20        10        99    0.1354
        20        10       100   0.09256
        20        10       101   0.04485
        20        10       102 -0.001612
        20        10       103  -0.04139
        20        10       104  -0.07043
        20        10       105   -0.0865
        20        10       106  -0.08934
        20        10       107  -0.08054
        20        10       108  -0.06316
        20        10       109  -0.04114
        20        10       110  -0.01863
        20        10       111 0.0006351
        20        10       112    0.0139
        20        10       113   0.01976
        20        10       114   0.01822
        20        10       115   0.01062
        20        10       116-0.0007162
        20        10       117  -0.01298
        20        10       118  -0.02336
        20        10       119  -0.02958
        20        10       120  -0.03023
         0         0         0         0
        22        11         1 -0.002835
        22        11         2  -0.02857
        22        11         3  -0.05631
        22        11         4  -0.08366
        22        11         5   -0.1077
        22        11         6   -0.1254
        22        11         7   -0.1336
        22        11         8   -0.1298
        22        11         9   -0.1124
        22        11        10  -0.08115
        22        11        11  -0.03719
        22        11        12    0.0166
        22        11        13   0.07576
        22        11        14    0.1346
        22        11        15    0.1867
        22        11        16    0.2256
        22        11        17    0.2455
        22        11        18    0.2421
        22        11        19    0.2133
        22        11        20    0.1596
        22        11        21    0.0843
        22        11        22 -0.006674
        22        11        23   -0.1051
        22        11        24   -0.2015
        22        11        25   -0.2856
        22        11        26   -0.3483
        22        11        27   -0.3817
        22        11        28   -0.3809
        22        11        29   -0.3442
        22        11        30   -0.2736
        22        11        31   -0.1746
        22        11        32  -0.05571
        22        11        33   0.07241
        22        11        34    0.1979
        22        11        35    0.3091
        22        11        36    0.3956
        22        11        37    0.4493
        22        11        38    0.4654
        22        11        39    0.4424
        22        11        40    0.3829
        22        11        41    0.2925
        22        11        42    0.1797
        22        11        43   0.05487
        22        11        44  -0.07097
        22        11        45   -0.1869
        22        11        46   -0.2833
        22        11        47   -0.3527
        22        11        48   -0.3903
        22        11        49   -0.3943
        22        11        50   -0.3659
        22        11        51   -0.3093
        22        11        52   -0.2308
        22        11        53   -0.1386
        22        11        54  -0.04154
        22        11        55    0.0513
        22        11        56    0.1318
        22        11        57    0.1931
        22        11        58    0.2307
        22        11        59    0.2422
        22        11        60    0.2281
        22        11        61     0.191
        22        11        62    0.1359
        22        11        63   0.06934
        22        11        64 -0.001091
        22        11        65  -0.06766
        22        11        66   -0.1232
        22        11        67   -0.1617
        22        11        68   -0.1792
        22        11        69    -0.174
        22        11        70   -0.1467
        22        11        71   -0.1004
        22        11        72  -0.04037
        22        11        73   0.02687
        22        11        74   0.09387
        22        11        75    0.1532
        22        11        76    0.1984
        22        11        77    0.2243
        22        11        78    0.2279
        22        11        79    0.2088
        22        11        80    0.1687
        22        11        81    0.1118
        22        11        82   0.04386
        22        11        83  -0.02819
        22        11        84  -0.09709
        22        11        85    -0.156
        22        11        86   -0.1994
        22        11        87   -0.2234
        22        11        88   -0.2262
        22        11        89   -0.2084
        22        11        90   -0.1725
        22        11        91    -0.123
        22        11        92  -0.06518
        22        11        93 -0.005243
        22        11        94   0.05096
        22        11        95    0.0983
        22        11        96    0.1329
        22        11        97    0.1526
        22        11        98    0.1568
        22        11        99    0.1467
        22        11       100    0.1248
        22        11       101   0.09448
        22        11       102   0.05978
        22        11       103    0.0246
        22        11       104 -0.007592
        22        11       105  -0.03414
        22        11       106  -0.05342
        22        11       107  -0.06488
        22        11       108  -0.06897
        22        11       109  -0.06692
        22        11       110  -0.06044
        22        11       111  -0.05145
        22        11       112   -0.0417
        22        11       113  -0.03263
        22        11       114  -0.02512
        22        11       115  -0.01952
        22        11       116  -0.01562
        22        11       117  -0.01286
        22        11       118  -0.01044
        22        11       119 -0.007552
        22        11       120 -0.003569
         0         0         0         0
        24        12         1  -0.04477
        24        12         2  -0.06906
        24        12         3  -0.09044
        24        12         4   -0.1066
        24        12         5   -0.1153
        24        12         6   -0.1149
        24        12         7   -0.1041
        24        12         8  -0.08259
        24        12         9  -0.05115
        24        12        10  -0.01148
        24        12        11   0.03362
        24        12        12    0.0805
        24        12        13    0.1249
        24        12        14    0.1622
        24        12        15    0.1882
        24        12        16    0.1991
        24        12        17    0.1924
        24        12        18    0.1668
        24        12        19     0.123
        24        12        20   0.06347
        24        12        21 -0.007759
        24        12        22  -0.08503
        24        12        23   -0.1617
        24        12        24   -0.2308
        24        12        25   -0.2854
        24        12        26   -0.3195
        24        12        27   -0.3289
        24        12        28   -0.3111
        24        12        29   -0.2662
        24        12        30   -0.1966
        24        12        31   -0.1072
        24        12        32 -0.004761
        24        12        33    0.1026
        24        12        34    0.2061
        24        12        35    0.2969
        24        12        36    0.3674
        24        12        37    0.4115
        24        12        38    0.4254
        24        12        39    0.4076
        24        12        40    0.3597
        24        12        41    0.2856
        24        12        42    0.1915
        24        12        43   0.08506
        24        12        44  -0.02497
        24        12        45   -0.1298
        24        12        46   -0.2215
        24        12        47   -0.2931
        24        12        48   -0.3399
        24        12        49   -0.3594
        24        12        50   -0.3514
        24        12        51   -0.3183
        24        12        52   -0.2644
        24        12        53   -0.1955
        24        12        54   -0.1186
        24        12        55  -0.04087
        24        12        56    0.0308
        24        12        57   0.09056
        24        12        58     0.134
        24        12        59    0.1586
        24        12        60    0.1639
        24        12        61    0.1511
        24        12        62    0.1235
        24        12        63    0.0854
        24        12        64   0.04224
        24        12        65-0.0004668
        24        12        66  -0.03749
        24        12        67  -0.06446
        24        12        68  -0.07829
        24        12        69   -0.0775
        24        12        70   -0.0623
        24        12        71  -0.03455
        24        12        72  0.002461
        24        12        73   0.04442
        24        12        74   0.08644
        24        12        75    0.1236
        24        12        76    0.1515
        24        12        77    0.1666
        24        12        78    0.1669
        24        12        79    0.1518
        24        12        80    0.1222
        24        12        81   0.08069
        24        12        82    0.0309
        24        12        83  -0.02265
        24        12        84  -0.07508
        24        12        85   -0.1217
        24        12        86   -0.1583
        24        12        87    -0.182
        24        12        88   -0.1907
        24        12        89   -0.1843
        24        12        90   -0.1635
        24        12        91   -0.1308
        24        12        92  -0.08928
        24        12        93  -0.04294
        24        12        94   0.00417
        24        12        95   0.04811
        24        12        96   0.08549
        24        12        97    0.1137
        24        12        98    0.1312
        24        12        99    0.1375
        24        12       100    0.1329
        24        12       101     0.119
        24        12       102   0.09764
        24        12       103   0.07128
        24        12       104   0.04246
        24        12       105   0.01362
        24        12       106  -0.01317
        24        12       107  -0.03626
        24        12       108  -0.05457
        24        12       109  -0.06756
        24        12       110  -0.07521
        24        12       111  -0.07786
        24        12       112  -0.07619
        24        12       113  -0.07098
        24        12       114   -0.0631
        24        12       115  -0.05334
        24        12       116  -0.04241
        24        12       117  -0.03087
        24        12       118  -0.01916
        24        12       119 -0.007603
        24        12       120  0.003524
         0         0         0         0
        26        13         1  -0.06458
        26        13         2  -0.07921
        26        13         3   -0.0886
        26        13         4  -0.09141
        26        13         5   -0.0867
        26        13         6  -0.07412
        26        13         7  -0.05393
        26        13         8  -0.02713
        26        13         9  0.004594
        26        13        10   0.03894
        26        13        11   0.07313
        26        13        12    0.1041
        26        13        13    0.1287
        26        13        14    0.1442
        26        13        15    0.1483
        26        13        16    0.1393
        26        13        17     0.117
        26        13        18   0.08174
        26        13        19   0.03552
        26        13        20  -0.01878
        26        13        21  -0.07726
        26        13        22   -0.1354
        26        13        23   -0.1883
        26        13        24   -0.2312
        26        13        25   -0.2598
        26        13        26   -0.2708
        26        13        27   -0.2619
        26        13        28   -0.2328
        26        13        29   -0.1843
        26        13        30   -0.1191
        26        13        31  -0.04126
        26        13        32   0.04387
        26        13        33    0.1303
        26        13        34    0.2116
        26        13        35    0.2818
        26        13        36    0.3355
        26        13        37    0.3684
        26        13        38     0.378
        26        13        39    0.3633
        26        13        40    0.3252
        26        13        41    0.2666
        26        13        42    0.1916
        26        13        43    0.1058
        26        13        44    0.0151
        26        13        45  -0.07396
        26        13        46   -0.1554
        26        13        47   -0.2239
        26        13        48   -0.2754
        26        13        49   -0.3074
        26        13        50   -0.3188
        26        13        51   -0.3103
        26        13        52   -0.2841
        26        13        53   -0.2436
        26        13        54    -0.193
        26        13        55   -0.1371
        26        13        56  -0.08053
        26        13        57  -0.02775
        26        13        58   0.01772
        26        13        59   0.05334
        26        13        60   0.07774
        26        13        61   0.09081
        26        13        62   0.09356
        26        13        63   0.08792
        26        13        64   0.07653
        26        13        65   0.06234
        26        13        66   0.04831
        26        13        67   0.03704
        26        13        68   0.03055
        26        13        69   0.03001
        26        13        70   0.03569
        26        13        71   0.04696
        26        13        72   0.06233
        26        13        73   0.07972
        26        13        74   0.09665
        26        13        75    0.1105
        26        13        76     0.119
        26        13        77    0.1202
        26        13        78    0.1129
        26        13        79    0.0968
        26        13        80   0.07236
        26        13        81     0.041
        26        13        82  0.004834
        26        13        83  -0.03348
        26        13        84  -0.07102
        26        13        85   -0.1048
        26        13        86   -0.1322
        26        13        87   -0.1511
        26        13        88   -0.1599
        26        13        89    -0.158
        26        13        90   -0.1457
        26        13        91   -0.1239
        26        13        92  -0.09453
        26        13        93  -0.05984
        26        13        94  -0.02251
        26        13        95    0.0147
        26        13        96   0.04914
        26        13        97   0.07852
        26        13        98     0.101
        26        13        99    0.1154
        26        13       100    0.1213
        26        13       101    0.1186
        26        13       102    0.1082
        26        13       103   0.09126
        26        13       104   0.06938
        26        13       105   0.04436
        26        13       106   0.01803
        26        13       107 -0.007826
        26        13       108  -0.03164
        26        13       109  -0.05213
        26        13       110  -0.06834
        26        13       111  -0.07968
        26        13       112  -0.08593
        26        13       113  -0.08716
        26        13       114  -0.08374
        26        13       115  -0.07624
        26        13       116  -0.06539
        26        13       117  -0.05202
        26        13       118  -0.03697
        26        13       119  -0.02111
        26        13       120 -0.005242
         0         0         0         0
        28        14         1  -0.05711
        28        14         2  -0.06165
        28        14         3  -0.06124
        28        14         4  -0.05551
        28        14         5  -0.04447
        28        14         6  -0.02861
        28        14         7 -0.008866
        28        14         8   0.01341
        28        14         9   0.03652
        28        14        10   0.05852
        28        14        11   0.07737
        28        14        12   0.09109
        28        14        13   0.09794
        28        14        14   0.09657
        28        14        15   0.08622
        28        14        16   0.06675
        28        14        17   0.03879
        28        14        18  0.003718
        28        14        19  -0.03641
        28        14        20  -0.07894
        28        14        21   -0.1208
        28        14        22   -0.1587
        28        14        23   -0.1894
        28        14        24   -0.2101
        28        14        25   -0.2182
        28        14        26   -0.2122
        28        14        27   -0.1914
        28        14        28   -0.1562
        28        14        29    -0.108
        28        14        30  -0.04934
        28        14        31   0.01659
        28        14        32   0.08579
        28        14        33    0.1539
        28        14        34    0.2165
        28        14        35    0.2694
        28        14        36     0.309
        28        14        37    0.3325
        28        14        38    0.3381
        28        14        39    0.3253
        28        14        40    0.2947
        28        14        41    0.2481
        28        14        42    0.1882
        28        14        43    0.1188
        28        14        44   0.04405
        28        14        45  -0.03165
        28        14        46   -0.1039
        28        14        47   -0.1688
        28        14        48    -0.223
        28        14        49    -0.264
        28        14        50   -0.2902
        28        14        51   -0.3014
        28        14        52   -0.2979
        28        14        53   -0.2811
        28        14        54   -0.2534
        28        14        55   -0.2171
        28        14        56   -0.1753
        28        14        57   -0.1309
        28        14        58   -0.0865
        28        14        59  -0.04442
        28        14        60  -0.00642
        28        14        61   0.02633
        28        14        62    0.0533
        28        14        63   0.07452
        28        14        64   0.09047
        28        14        65     0.102
        28        14        66      0.11
        28        14        67    0.1157
        28        14        68    0.1199
        28        14        69    0.1231
        28        14        70    0.1259
        28        14        71    0.1282
        28        14        72    0.1296
        28        14        73    0.1296
        28        14        74    0.1275
        28        14        75    0.1223
        28        14        76    0.1135
        28        14        77    0.1005
        28        14        78   0.08302
        28        14        79   0.06127
        28        14        80   0.03579
        28        14        81  0.007551
        28        14        82  -0.02215
        28        14        83  -0.05174
        28        14        84  -0.07954
        28        14        85   -0.1039
        28        14        86   -0.1231
        28        14        87   -0.1361
        28        14        88   -0.1418
        28        14        89   -0.1399
        28        14        90   -0.1304
        28        14        91    -0.114
        28        14        92   -0.0916
        28        14        93  -0.06476
        28        14        94  -0.03519
        28        14        95 -0.004753
        28        14        96   0.02463
        28        14        97   0.05116
        28        14        98    0.0733
        28        14        99   0.08983
        28        14       100   0.09994
        28        14       101    0.1033
        28        14       102   0.09988
        28        14       103   0.09031
        28        14       104   0.07542
        28        14       105   0.05639
        28        14       106   0.03457
        28        14       107   0.01141
        28        14       108  -0.01163
        28        14       109  -0.03319
        28        14       110  -0.05208
        28        14       111  -0.06736
        28        14       112  -0.07833
        28        14       113  -0.08461
        28        14       114   -0.0861
        28        14       115  -0.08298
        28        14       116  -0.07567
        28        14       117  -0.06479
        28        14       118  -0.05112
        28        14       119  -0.03551
        28        14       120  -0.01889
         0         0         0         0
        30        15         1  -0.03235
        30        15         2  -0.03094
        30        15         3  -0.02629
        30        15         4  -0.01859
        30        15         5  -0.00831
        30        15         6  0.003813
        30        15         7   0.01682
        30        15         8   0.02958
        30        15         9   0.04085
        30        15        10   0.04939
        30        15        11   0.05405
        30        15        12   0.05388
        30        15        13   0.04819
        30        15        14   0.03668
        30        15        15   0.01948
        30        15        16 -0.002836
        30        15        17  -0.02922
        30        15        18  -0.05823
        30        15        19  -0.08804
        30        15        20   -0.1166
        30        15        21   -0.1418
        30        15        22   -0.1615
        30        15        23   -0.1738
        30        15        24    -0.177
        30        15        25     -0.17
        30        15        26   -0.1525
        30        15        27   -0.1243
        30        15        28  -0.08653
        30        15        29  -0.04053
        30        15        30   0.01158
        30        15        31   0.06718
        30        15        32    0.1233
        30        15        33    0.1769
        30        15        34    0.2249
        30        15        35    0.2643
        30        15        36    0.2929
        30        15        37    0.3086
        30        15        38    0.3103
        30        15        39    0.2976
        30        15        40    0.2709
        30        15        41    0.2315
        30        15        42    0.1811
        30        15        43    0.1223
        30        15        44   0.05799
        30        15        45 -0.008697
        30        15        46  -0.07454
        30        15        47   -0.1365
        30        15        48   -0.1918
        30        15        49   -0.2381
        30        15        50   -0.2737
        30        15        51   -0.2974
        30        15        52    -0.309
        30        15        53   -0.3084
        30        15        54   -0.2965
        30        15        55   -0.2745
        30        15        56    -0.244
        30        15        57    -0.207
        30        15        58   -0.1652
        30        15        59   -0.1208
        30        15        60  -0.07541
        30        15        61  -0.03083
        30        15        62   0.01161
        30        15        63   0.05081
        30        15        64   0.08595
        30        15        65    0.1165
        30        15        66     0.142
        30        15        67    0.1625
        30        15        68    0.1779
        30        15        69    0.1882
        30        15        70    0.1937
        30        15        71    0.1943
        30        15        72    0.1903
        30        15        73    0.1819
        30        15        74    0.1692
        30        15        75    0.1524
        30        15        76     0.132
        30        15        77    0.1082
        30        15        78    0.0817
        30        15        79   0.05318
        30        15        80   0.02348
        30        15        81 -0.006442
        30        15        82  -0.03552
        30        15        83  -0.06264
        30        15        84  -0.08673
        30        15        85   -0.1068
        30        15        86   -0.1219
        30        15        87   -0.1314
        30        15        88   -0.1349
        30        15        89   -0.1323
        30        15        90   -0.1238
        30        15        91     -0.11
        30        15        92   -0.0915
        30        15        93   -0.0695
        30        15        94  -0.04521
        30        15        95  -0.01998
        30        15        96  0.004803
        30        15        97    0.0278
        30        15        98   0.04781
        30        15        99   0.06382
        30        15       100   0.07507
        30        15       101    0.0811
        30        15       102   0.08178
        30        15       103   0.07727
        30        15       104   0.06804
        30        15       105   0.05481
        30        15       106    0.0385
        30        15       107   0.02017
        30        15       108 0.0009654
        30        15       109  -0.01797
        30        15       110  -0.03557
        30        15       111  -0.05088
        30        15       112  -0.06311
        30        15       113  -0.07168
        30        15       114  -0.07626
        30        15       115  -0.07674
        30        15       116  -0.07323
        30        15       117  -0.06608
        30        15       118  -0.05578
        30        15       119    -0.043
        30        15       120  -0.02848
