         2         1         1  0.005756
         2         1         2   0.00158
         2         1         3  0.003555
         2         1         4    0.1764
         2         1         5    0.5355
         2         1         6    0.5794
         2         1         7    0.2953
         2         1         8    0.0538
         2         1         9 0.0001252
         2         1        10 5.549e-005
         2         1        11   0.01151
         2         1        12   0.04424
         2         1        13   0.04807
         2         1        14   0.02094
         2         1        15  0.002084
         2         1        16 0.0005695
         2         1        17 0.0001611
         2         1        18  0.003596
         2         1        19   0.01471
         2         1        20   0.02535
         2         1        21   0.02986
         2         1        22   0.02038
         2         1        23  0.003131
         2         1        24    0.0104
         2         1        25    0.1149
         2         1        26    0.2671
         2         1        27    0.1749
         2         1        28  0.007423
         2         1        29   0.03965
         2         1        30   0.09825
         2         1        31    0.1155
         2         1        32   0.09649
         2         1        33   0.03223
         2         1        34 0.0006264
         2         1        35 0.0001636
         2         1        36 0.0002421
         2         1        37   0.00415
         2         1        38   0.05272
         2         1        39   0.04146
         2         1        40   0.01571
         2         1        41     0.197
         2         1        42    0.2304
         2         1        43    0.1219
         2         1        44   0.07331
         2         1        45   0.06734
         2         1        46   0.04817
         2         1        47   0.01899
         2         1        48  0.001902
         2         1        49  0.007022
         2         1        50   0.06373
         2         1        51    0.1542
         2         1        52    0.1602
         2         1        53   0.07554
         2         1        54   0.02169
         2         1        55  0.006895
         2         1        56  0.003922
         2         1        57   0.01246
         2         1        58   0.03929
         2         1        59   0.02736
         2         1        60  0.002389
         2         1        61    0.0837
         2         1        62    0.1337
         2         1        63   0.09001
         2         1        64   0.07508
         2         1        65    0.1547
         2         1        66    0.5034
         2         1        67     1.111
         2         1        68    0.9268
         2         1        69    0.1474
         2         1        70   0.01237
         2         1        71   0.02848
         2         1        72 0.0001966
         2         1        73 0.0003552
         2         1        74   0.01339
         2         1        75   0.07312
         2         1        76    0.1166
         2         1        77   0.08309
         2         1        78    0.0204
         2         1        79 1.118e-005
         2         1        80    0.0122
         2         1        81   0.07226
         2         1        82    0.2261
         2         1        83    0.3989
         2         1        84    0.3896
         2         1        85    0.2015
         2         1        86   0.07271
         2         1        87   0.09104
         2         1        88    0.2988
         2         1        89    0.5243
         2         1        90    0.3431
         2         1        91   0.06465
         2         1        92 0.0006372
         2         1        93  0.004406
         2         1        94  0.005897
         2         1        95   0.00438
         2         1        96   0.08974
         2         1        97    0.1434
         2         1        98   0.05889
         2         1        99  0.006182
         2         1       100 0.0003201
         2         1       101   0.03365
         2         1       102    0.1887
         2         1       103    0.3134
         2         1       104    0.1912
         2         1       105   0.01738
         2         1       106   0.02419
         2         1       107   0.07615
         2         1       108    0.0854
         2         1       109   0.07912
         2         1       110   0.03181
         2         1       111 2.668e-005
         2         1       112   0.01139
         2         1       113   0.01877
         2         1       114   0.01312
         2         1       115 6.321e-005
         2         1       116   0.03584
         2         1       117    0.2008
         2         1       118    0.3597
         2         1       119    0.3118
         2         1       120    0.2544
         0         0         0         0
         4         2         1   0.08909
         4         2         2   0.03184
         4         2         3    0.1101
         4         2         4   0.02077
         4         2         5   0.04644
         4         2         6  0.003743
         4         2         7 0.0004942
         4         2         8 0.0005508
         4         2         9  0.008048
         4         2        10  0.001301
         4         2        11  0.005188
         4         2        12  0.001866
         4         2        13 0.0009368
         4         2        14 9.673e-005
         4         2        15  0.001413
         4         2        16  0.002386
         4         2        17  0.001625
         4         2        18  0.005427
         4         2        19 8.948e-006
         4         2        20  0.001744
         4         2        21  0.001908
         4         2        22 0.0008778
         4         2        23   0.01005
         4         2        24   0.01855
         4         2        25   0.03149
         4         2        26   0.04818
         4         2        27    0.0538
         4         2        28   0.04751
         4         2        29   0.04675
         4         2        30   0.03428
         4         2        31   0.02813
         4         2        32   0.03593
         4         2        33   0.02426
         4         2        34   0.03988
         4         2        35   0.04511
         4         2        36   0.03058
         4         2        37    0.1111
         4         2        38   0.01608
         4         2        39    0.1894
         4         2        40  0.004059
         4         2        41    0.1688
         4         2        42 4.07e-005
         4         2        43   0.08503
         4         2        44   0.00174
         4         2        45   0.03255
         4         2        46   0.00106
         4         2        47   0.01319
         4         2        48 0.0008093
         4         2        49  0.008126
         4         2        50  0.005125
         4         2        51   0.00947
         4         2        52   0.01346
         4         2        53   0.01501
         4         2        54  0.006917
         4         2        55   0.02452
         4         2        56 3.919e-006
         4         2        57   0.03688
         4         2        58 0.0005542
         4         2        59   0.04626
         4         2        60 0.0007272
         4         2        61   0.04276
         4         2        62 0.0003208
         4         2        63   0.01428
         4         2        64   0.03143
         4         2        65   0.00603
         4         2        66    0.2208
         4         2        67   0.06706
         4         2        68    0.4018
         4         2        69    0.0608
         4         2        70    0.3141
         4         2        71  0.007295
         4         2        72    0.1271
         4         2        73 0.0004208
         4         2        74    0.0247
         4         2        75 4.475e-005
         4         2        76 0.0001646
         4         2        77  0.005715
         4         2        78   0.00344
         4         2        79  0.009866
         4         2        80  0.002844
         4         2        81  0.006254
         4         2        82 0.0002624
         4         2        83 0.0002918
         4         2        84  0.008541
         4         2        85   0.01146
         4         2        86  0.007705
         4         2        87    0.0655
         4         2        88 0.0001774
         4         2        89    0.1302
         4         2        90  0.007692
         4         2        91    0.1446
         4         2        92 0.0003671
         4         2        93    0.1151
         4         2        94   0.01333
         4         2        95   0.09461
         4         2        96   0.03081
         4         2        97   0.09478
         4         2        98   0.02751
         4         2        99   0.09324
         4         2       100   0.02416
         4         2       101   0.06201
         4         2       102  0.007694
         4         2       103   0.01961
         4         2       104  0.005347
         4         2       105  0.002797
         4         2       106   0.04194
         4         2       107  0.003196
         4         2       108   0.05022
         4         2       109   0.01591
         4         2       110   0.02435
         4         2       111   0.02443
         4         2       112  0.003725
         4         2       113  0.009004
         4         2       114  0.003247
         4         2       115 0.0006082
         4         2       116    0.0393
         4         2       117  0.003113
         4         2       118    0.1077
         4         2       119   0.02604
         4         2       120   0.09823
         0         0         0         0
         6         3         1   0.04376
         6         3         2  0.003158
         6         3         3   0.03002
         6         3         4   0.04142
         6         3         5 3.647e-005
         6         3         6   0.03044
         6         3         7   0.02134
         6         3         8 0.0002776
         6         3         9   0.01432
         6         3        10  0.009046
         6         3        11 0.0005712
         6         3        12 0.0004066
         6         3        13  0.002334
         6         3        14  0.006548
         6         3        15  0.006253
         6         3        16 1.733e-005
         6         3        17  0.008425
         6         3        18   0.01059
         6         3        19 7.47e-005
         6         3        20  0.005978
         6         3        21  0.001888
         6         3        22  0.003772
         6         3        23  0.006461
         6         3        24 0.0009065
         6         3        25   0.01503
         6         3        26  0.004196
         6         3        27  0.004066
         6         3        28  0.008405
         6         3        29 6.619e-005
         6         3        30    0.0021
         6         3        31 2.863e-005
         6         3        32  0.002275
         6         3        33   0.00129
         6         3        34 0.0006086
         6         3        35   0.00712
         6         3        36  0.009414
         6         3        37 0.0004547
         6         3        38   0.01157
         6         3        39   0.02401
         6         3        40  0.002475
         6         3        41  0.007812
         6         3        42   0.01067
         6         3        43 0.0003079
         6         3        44 0.0008685
         6         3        45 1.275e-005
         6         3        46  0.001022
         6         3        47 2.864e-005
         6         3        48  0.004949
         6         3        49   0.00735
         6         3        50 0.0002203
         6         3        51  0.009348
         6         3        52   0.01938
         6         3        53  0.002218
         6         3        54   0.01001
         6         3        55   0.02265
         6         3        56  0.004515
         6         3        57  0.001856
         6         3        58  0.009764
         6         3        59   0.01568
         6         3        60   0.01485
         6         3        61 8.901e-006
         6         3        62   0.05712
         6         3        63    0.1143
         6         3        64  0.007001
         6         3        65    0.1106
         6         3        66    0.1982
         6         3        67   0.01029
         6         3        68   0.09456
         6         3        69      0.12
         6         3        70  0.004836
         6         3        71   0.02116
         6         3        72   0.01771
         6         3        73  0.002451
         6         3        74  0.001044
         6         3        75 0.0005284
         6         3        76   0.00232
         6         3        77   0.01191
         6         3        78  0.004283
         6         3        79  0.001825
         6         3        80  0.008823
         6         3        81  0.002227
         6         3        82 0.0005959
         6         3        83  0.002437
         6         3        84  0.001468
         6         3        85 0.0005876
         6         3        86 0.0002085
         6         3        87  0.008789
         6         3        88   0.01552
         6         3        89 1.076e-005
         6         3        90   0.03363
         6         3        91   0.04109
         6         3        92 2.797e-006
         6         3        93   0.03718
         6         3        94   0.02592
         6         3        95 2.847e-005
         6         3        96  0.003476
         6         3        97 0.0009945
         6         3        98  0.003666
         6         3        99   0.01944
         6         3       100   0.01013
         6         3       101  0.009096
         6         3       102   0.06444
         6         3       103   0.03251
         6         3       104  0.005961
         6         3       105   0.07174
         6         3       106   0.03722
         6         3       107  0.006904
         6         3       108   0.07803
         6         3       109   0.03423
         6         3       110   0.01232
         6         3       111   0.09988
         6         3       112   0.05585
         6         3       113  0.003478
         6         3       114    0.1068
         6         3       115    0.1158
         6         3       116  0.003357
         6         3       117   0.08814
         6         3       118    0.1477
         6         3       119  0.009914
         6         3       120   0.06939
         0         0         0         0
         8         4         1  0.007146
         8         4         2 0.0002358
         8         4         3  0.003267
         8         4         4  0.005034
         8         4         5 0.0002752
         8         4         6  0.002801
         8         4         7  0.004829
         8         4         8 0.0001196
         8         4         9  0.006251
         8         4        10   0.01623
         8         4        11  0.008148
         8         4        12 0.0001953
         8         4        13   0.01445
         8         4        14   0.02678
         8         4        15   0.01488
         8         4        16 0.0006395
         8         4        17   0.00489
         8         4        18    0.0143
         8         4        19   0.01321
         8         4        20  0.005756
         8         4        21 0.0007223
         8         4        22 0.0003862
         8         4        23  0.003619
         8         4        24  0.007661
         8         4        25  0.007847
         8         4        26  0.003108
         8         4        27 2.556e-006
         8         4        28  0.003599
         8         4        29  0.009225
         8         4        30  0.009439
         8         4        31  0.003831
         8         4        32 7.416e-006
         8         4        33    0.0062
         8         4        34    0.0181
         8         4        35   0.01821
         8         4        36  0.004292
         8         4        37  0.002271
         8         4        38   0.02113
         8         4        39   0.02927
         8         4        40   0.01198
         8         4        41 1.355e-005
         8         4        42   0.01127
         8         4        43   0.02194
         8         4        44   0.01343
         8         4        45  0.001003
         8         4        46  0.003832
         8         4        47   0.01431
         8         4        48   0.01234
         8         4        49  0.001427
         8         4        50  0.003595
         8         4        51   0.01423
         8         4        52  0.008948
         8         4        53 2.036e-005
         8         4        54   0.01202
         8         4        55    0.0187
         8         4        56  0.002491
         8         4        57   0.01039
         8         4        58   0.04341
         8         4        59   0.03011
         8         4        60 2.979e-005
         8         4        61     0.048
         8         4        62   0.09725
         8         4        63   0.03883
         8         4        64  0.004319
         8         4        65   0.09049
         8         4        66    0.1173
         8         4        67   0.02589
         8         4        68   0.01347
         8         4        69   0.09045
         8         4        70   0.08042
         8         4        71   0.01001
         8         4        72   0.01285
         8         4        73    0.0505
         8         4        74    0.0356
         8         4        75  0.003183
         8         4        76   0.00572
         8         4        77   0.01751
         8         4        78  0.009944
         8         4        79 0.0004545
         8         4        80   0.00159
         8         4        81   0.00216
         8         4        82 9.631e-005
         8         4        83 0.0005646
         8         4        84  0.000164
         8         4        85    0.0018
         8         4        86  0.009137
         8         4        87  0.007933
         8         4        88 1.739e-005
         8         4        89   0.01295
         8         4        90   0.03271
         8         4        91   0.01862
         8         4        92 3.523e-005
         8         4        93   0.02577
         8         4        94    0.0509
         8         4        95   0.02329
         8         4        96 0.0004195
         8         4        97   0.03673
         8         4        98   0.06592
         8         4        99   0.03012
         8         4       100  7.9e-005
         8         4       101   0.03155
         8         4       102   0.05244
         8         4       103   0.02025
         8         4       104 1.563e-005
         8         4       105   0.00899
         8         4       106  0.005651
         8         4       107 1.515e-005
         8         4       108  0.001267
         8         4       109  0.001309
         8         4       110    0.0236
         8         4       111   0.03619
         8         4       112  0.004973
         8         4       113   0.02129
         8         4       114    0.0897
         8         4       115   0.06869
         8         4       116  0.002556
         8         4       117   0.03269
         8         4       118   0.07028
         8         4       119   0.02458
         8         4       120  0.001637
         0         0         0         0
        10         5         1  0.004224
        10         5         2   0.00337
        10         5         3  0.001524
        10         5         4 0.0002304
        10         5         5 0.0001145
        10         5         6   0.00157
        10         5         7  0.005016
        10         5         8  0.009247
        10         5         9   0.01012
        10         5        10  0.004929
        10         5        11 1.325e-005
        10         5        12   0.00668
        10         5        13   0.02369
        10         5        14    0.0325
        10         5        15   0.02072
        10         5        16  0.002859
        10         5        17  0.003535
        10         5        18   0.02352
        10         5        19    0.0377
        10         5        20   0.02839
        10         5        21  0.007679
        10         5        22 0.0003185
        10         5        23   0.01214
        10         5        24   0.02486
        10         5        25   0.02115
        10         5        26  0.006363
        10         5        27  0.000189
        10         5        28  0.009831
        10         5        29   0.02038
        10         5        30    0.0159
        10         5        31  0.002922
        10         5        32  0.002066
        10         5        33   0.01725
        10         5        34   0.02754
        10         5        35   0.01741
        10         5        36  0.001685
        10         5        37  0.004819
        10         5        38   0.02325
        10         5        39   0.02985
        10         5        40   0.01515
        10         5        41  0.000763
        10         5        42  0.004885
        10         5        43   0.01623
        10         5        44   0.01548
        10         5        45  0.004942
        10         5        46 8.429e-006
        10         5        47  0.003467
        10         5        48  0.005787
        10         5        49  0.003235
        10         5        50 0.0004949
        10         5        51 1.806e-005
        10         5        52 0.0001526
        10         5        53 0.0001069
        10         5        54 0.0002551
        10         5        55  0.001559
        10         5        56  0.005082
        10         5        57  0.007197
        10         5        58  0.003005
        10         5        59 0.0004367
        10         5        60   0.01252
        10         5        61   0.02816
        10         5        62   0.02198
        10         5        63   0.00259
        10         5        64  0.006558
        10         5        65   0.03221
        10         5        66   0.03627
        10         5        67   0.01121
        10         5        68 0.0009118
        10         5        69   0.02144
        10         5        70   0.03399
        10         5        71   0.01684
        10         5        72 0.0003018
        10         5        73  0.008441
        10         5        74   0.02119
        10         5        75   0.01573
        10         5        76  0.002617
        10         5        77  0.001293
        10         5        78   0.00938
        10         5        79   0.01244
        10         5        80  0.006782
        10         5        81 0.0006754
        10         5        82  0.001354
        10         5        83  0.007687
        10         5        84   0.01265
        10         5        85   0.01037
        10         5        86  0.002983
        10         5        87 0.0003043
        10         5        88   0.00785
        10         5        89   0.01607
        10         5        90   0.01191
        10         5        91  0.001406
        10         5        92  0.003261
        10         5        93   0.01602
        10         5        94   0.01703
        10         5        95  0.003568
        10         5        96   0.00307
        10         5        97    0.0252
        10         5        98   0.03882
        10         5        99   0.02183
        10         5       100 0.0009103
        10         5       101   0.01118
        10         5       102   0.04201
        10         5       103   0.05385
        10         5       104   0.03334
        10         5       105  0.006124
        10         5       106  0.002185
        10         5       107     0.025
        10         5       108   0.05181
        10         5       109   0.05556
        10         5       110   0.03073
        10         5       111  0.003377
        10         5       112  0.006738
        10         5       113   0.03879
        10         5       114   0.05896
        10         5       115   0.04112
        10         5       116  0.009566
        10         5       117 0.0005133
        10         5       118   0.01135
        10         5       119   0.01593
        10         5       120  0.008134
         0         0         0         0
        12         6         1  0.008283
        12         6         2  0.007008
        12         6         3  0.002718
        12         6         4 2.19e-006
        12         6         5  0.003255
        12         6         6   0.01176
        12         6         7   0.01886
        12         6         8   0.01753
        12         6         9  0.008144
        12         6        10 0.0003199
        12         6        11  0.004579
        12         6        12   0.02051
        12         6        13   0.03456
        12         6        14   0.03264
        12         6        15   0.01586
        12         6        16  0.001262
        12         6        17  0.004227
        12         6        18   0.02138
        12         6        19   0.03398
        12         6        20   0.02875
        12         6        21   0.01192
        12         6        22 0.0006363
        12         6        23  0.002886
        12         6        24    0.0105
        12         6        25   0.01169
        12         6        26  0.005517
        12         6        27  0.000356
        12         6        28  0.001098
        12         6        29  0.003565
        12         6        30  0.002532
        12         6        31 9.777e-005
        12         6        32  0.001891
        12         6        33  0.007402
        12         6        34  0.009623
        12         6        35  0.005209
        12         6        36 0.0002557
        12         6        37  0.002556
        12         6        38    0.0107
        12         6        39   0.01534
        12         6        40   0.01112
        12         6        41  0.003163
        12         6        42 2.743e-005
        12         6        43  0.003295
        12         6        44  0.007025
        12         6        45  0.006175
        12         6        46   0.00224
        12         6        47 1.486e-005
        12         6        48  0.001261
        12         6        49  0.003312
        12         6        50  0.003111
        12         6        51 0.0009937
        12         6        52 5.288e-005
        12         6        53  0.002357
        12         6        54  0.006285
        12         6        55  0.007872
        12         6        56  0.005126
        12         6        57 0.0009231
        12         6        58 0.0005852
        12         6        59  0.005689
        12         6        60   0.01119
        12         6        61   0.01071
        12         6        62    0.0046
        12         6        63 0.0001153
        12         6        64  0.002212
        12         6        65  0.007042
        12         6        66  0.007487
        12         6        67  0.003076
        12         6        68 2.635e-005
        12         6        69  0.001813
        12         6        70  0.004625
        12         6        71  0.003872
        12         6        72 0.0009308
        12         6        73 0.0001141
        12         6        74  0.001736
        12         6        75  0.002359
        12         6        76 0.0008573
        12         6        77 3.687e-005
        12         6        78  0.001608
        12         6        79  0.003147
        12         6        80  0.002052
        12         6        81 0.0001117
        12         6        82  0.001223
        12         6        83  0.005401
        12         6        84  0.008068
        12         6        85  0.006033
        12         6        86  0.001776
        12         6        87 6.08e-006
        12         6        88  0.001501
        12         6        89   0.00288
        12         6        90  0.001966
        12         6        91 0.0003799
        12         6        92 1.948e-005
        12         6        93 0.0001164
        12         6        94 7.707e-005
        12         6        95  0.002442
        12         6        96  0.008773
        12         6        97   0.01396
        12         6        98   0.01075
        12         6        99  0.001983
        12         6       100   0.00223
        12         6       101   0.02083
        12         6       102   0.04551
        12         6       103   0.05144
        12         6       104   0.03014
        12         6       105  0.004111
        12         6       106  0.005225
        12         6       107   0.03849
        12         6       108   0.07328
        12         6       109   0.07466
        12         6       110   0.04109
        12         6       111  0.006331
        12         6       112  0.003722
        12         6       113   0.03257
        12         6       114   0.06193
        12         6       115   0.06414
        12         6       116   0.03999
        12         6       117   0.01219
        12         6       118 0.0001489
        12         6       119  0.004887
        12         6       120   0.01465
         0         0         0         0
        14         7         1  0.005525
        14         7         2   0.00236
        14         7         3 4.122e-005
        14         7         4  0.001893
        14         7         5  0.007976
        14         7         6   0.01407
        14         7         7   0.01488
        14         7         8  0.009135
        14         7         9  0.001847
        14         7        10 0.0006358
        14         7        11  0.008756
        14         7        12   0.02121
        14         7        13   0.02828
        14         7        14   0.02396
        14         7        15   0.01165
        14         7        16  0.001465
        14         7        17  0.001451
        14         7        18    0.0108
        14         7        19   0.02112
        14         7        20   0.02415
        14         7        21   0.01836
        14         7        22  0.008838
        14         7        23   0.00189
        14         7        24 1.327e-005
        14         7        25  0.001475
        14         7        26  0.003302
        14         7        27  0.003959
        14         7        28  0.003651
        14         7        29  0.003151
        14         7        30  0.002921
        14         7        31  0.002968
        14         7        32  0.002947
        14         7        33  0.002369
        14         7        34  0.001137
        14         7        35 7.441e-005
        14         7        36 0.0005451
        14         7        37  0.003086
        14         7        38  0.006407
        14         7        39  0.008159
        14         7        40  0.006993
        14         7        41  0.003841
        14         7        42 0.0009964
        14         7        43 5.401e-007
        14         7        44 0.0005192
        14         7        45  0.001177
        14         7        46  0.001125
        14         7        47  0.000593
        14         7        48 0.0001724
        14         7        49 4.057e-005
        14         7        50 6.793e-005
        14         7        51  0.000364
        14         7        52  0.001241
        14         7        53  0.002532
        14         7        54  0.003308
        14         7        55  0.002705
        14         7        56  0.001077
        14         7        57 1.178e-005
        14         7        58 0.0008507
        14         7        59  0.003198
        14         7        60  0.005118
        14         7        61  0.004962
        14         7        62  0.002939
        14         7        63 0.0007891
        14         7        64 4.302e-008
        14         7        65 0.0005286
        14         7        66  0.001224
        14         7        67  0.001205
        14         7        68 0.0006037
        14         7        69 8.888e-005
        14         7        70 2.86e-005
        14         7        71 0.0002513
        14         7        72 0.0004295
        14         7        73 0.0004431
        14         7        74 0.0003705
        14         7        75 0.0003067
        14         7        76 0.0002744
        14         7        77 0.0002329
        14         7        78 0.0001261
        14         7        79 4.738e-006
        14         7        80 0.0001616
        14         7        81  0.001021
        14         7        82  0.002699
        14         7        83  0.004628
        14         7        84  0.005773
        14         7        85  0.005393
        14         7        86   0.00366
        14         7        87   0.00155
        14         7        88 0.0001785
        14         7        89 0.0002085
        14         7        90  0.001756
        14         7        91  0.004608
        14         7        92   0.00835
        14         7        93   0.01219
        14         7        94   0.01473
        14         7        95   0.01418
        14         7        96  0.009716
        14         7        97  0.003279
        14         7        98 6.608e-006
        14         7        99  0.005273
        14         7       100   0.01936
        14         7       101   0.03452
        14         7       102   0.03921
        14         7       103   0.02812
        14         7       104  0.009341
        14         7       105 6.795e-006
        14         7       106   0.01187
        14         7       107    0.0391
        14         7       108   0.06097
        14         7       109   0.05914
        14         7       110   0.03442
        14         7       111  0.007359
        14         7       112  0.001177
        14         7       113    0.0221
        14         7       114   0.05439
        14         7       115   0.07375
        14         7       116   0.06674
        14         7       117   0.03978
        14         7       118   0.01207
        14         7       119 8.454e-005
        14         7       120  0.006898
         0         0         0         0
        16         8         1 0.0007717
        16         8         2 1.344e-008
        16         8         3   0.00102
        16         8         4  0.003789
        16         8         5  0.006654
        16         8         6  0.007421
        16         8         7  0.005219
        16         8         8  0.001651
        16         8         9 1.567e-005
        16         8        10  0.002872
        16         8        11  0.009729
        16         8        12   0.01685
        16         8        13   0.01965
        16         8        14   0.01603
        16         8        15  0.008229
        16         8        16  0.001464
        16         8        17 0.0004759
        16         8        18  0.006297
        16         8        19   0.01561
        16         8        20   0.02303
        16         8        21   0.02448
        16         8        22   0.01951
        16         8        23    0.0111
        16         8        24  0.003547
        16         8        25 8.76e-005
        16         8        26  0.001489
        16         8        27  0.006222
        16         8        28   0.01163
        16         8        29   0.01527
        16         8        30   0.01579
        16         8        31   0.01321
        16         8        32  0.008685
        16         8        33  0.003962
        16         8        34 0.0007484
        16         8        35 9.859e-005
        16         8        36  0.002028
        16         8        37  0.005513
        16         8        38  0.008935
        16         8        39   0.01081
        16         8        40   0.01044
        16         8        41  0.008146
        16         8        42   0.00499
        16         8        43  0.002159
        16         8        44 0.0004386
        16         8        45 1.042e-005
        16         8        46 0.0005897
        16         8        47  0.001718
        16         8        48  0.002993
        16         8        49  0.004141
        16         8        50  0.004982
        16         8        51  0.005353
        16         8        52  0.005104
        16         8        53  0.004174
        16         8        54  0.002717
        16         8        55  0.001173
        16         8        56 0.0001503
        16         8        57 0.0001306
        16         8        58  0.001137
        16         8        59  0.002638
        16         8        60  0.003813
        16         8        61  0.004033
        16         8        62  0.003232
        16         8        63  0.001897
        16         8        64 0.0007065
        16         8        65 8.806e-005
        16         8        66 2.31e-005
        16         8        67 0.0001857
        16         8        68  0.000255
        16         8        69 0.0001456
        16         8        70 1.089e-005
        16         8        71 6.687e-005
        16         8        72 0.0003954
        16         8        73 0.0008656
        16         8        74  0.001209
        16         8        75  0.001189
        16         8        76 0.0007725
        16         8        77 0.0002162
        16         8        78 1.623e-005
        16         8        79 0.0007219
        16         8        80  0.002657
        16         8        81  0.005658
        16         8        82  0.008967
        16         8        83   0.01141
        16         8        84   0.01185
        16         8        85  0.009806
        16         8        86  0.005891
        16         8        87  0.001852
        16         8        88 2.401e-007
        16         8        89  0.002185
        16         8        90  0.008704
        16         8        91   0.01772
        16         8        92   0.02564
        16         8        93   0.02866
        16         8        94   0.02475
        16         8        95   0.01533
        16         8        96  0.005129
        16         8        97 5.107e-005
        16         8        98  0.003638
        16         8        99   0.01435
        16         8       100   0.02576
        16         8       101   0.03025
        16         8       102   0.02429
        16         8       103   0.01159
        16         8       104  0.001349
        16         8       105  0.001988
        16         8       106   0.01465
        16         8       107   0.03145
        16         8       108   0.04057
        16         8       109   0.03495
        16         8       110   0.01819
        16         8       111  0.002863
        16         8       112  0.001853
        16         8       113   0.01893
        16         8       114   0.04543
        16         8       115   0.06574
        16         8       116   0.06761
        16         8       117   0.05014
        16         8       118   0.02403
        16         8       119  0.004289
        16         8       120 0.0008762
         0         0         0         0
        18         9         1 0.0001077
        18         9         2 0.0007371
        18         9         3  0.001733
        18         9         4   0.00252
        18         9         5  0.002492
        18         9         6  0.001533
        18         9         7 0.0003285
        18         9         8 0.0001204
        18         9         9  0.001947
        18         9        10  0.005791
        18         9        11   0.01026
        18         9        12   0.01315
        18         9        13   0.01273
        18         9        14  0.008942
        18         9        15  0.003748
        18         9        16 0.0002767
        18         9        17   0.00112
        18         9        18  0.006771
        18         9        19   0.01514
        18         9        20    0.0225
        18         9        21   0.02536
        18         9        22   0.02233
        18         9        23    0.0148
        18         9        24   0.00631
        18         9        25 0.0007874
        18         9        26 0.0006845
        18         9        27  0.005896
        18         9        28   0.01393
        18         9        29   0.02116
        18         9        30   0.02448
        18         9        31    0.0226
        18         9        32    0.0165
        18         9        33  0.008779
        18         9        34  0.002528
        18         9        35 9.382e-006
        18         9        36  0.001848
        18         9        37  0.006946
        18         9        38   0.01306
        18         9        39   0.01779
        18         9        40   0.01944
        18         9        41   0.01758
        18         9        42   0.01306
        18         9        43  0.007526
        18         9        44  0.002808
        18         9        45 0.0002619
        18         9        46 0.0004179
        18         9        47  0.002911
        18         9        48  0.006701
        18         9        49   0.01046
        18         9        50   0.01298
        18         9        51   0.01354
        18         9        52   0.01203
        18         9        53  0.009004
        18         9        54  0.005397
        18         9        55  0.002258
        18         9        56 0.0003804
        18         9        57 6.335e-005
        18         9        58  0.001049
        18         9        59  0.002676
        18         9        60   0.00417
        18         9        61  0.004953
        18         9        62   0.00483
        18         9        63   0.00399
        18         9        64  0.002832
        18         9        65  0.001751
        18         9        66 0.0009734
        18         9        67 0.0005318
        18         9        68 0.0003427
        18         9        69 0.0003164
        18         9        70  0.000409
        18         9        71 0.0005942
        18         9        72 0.0007991
        18         9        73 0.0008828
        18         9        74 0.0007127
        18         9        75 0.0003152
        18         9        76 5.098e-006
        18         9        77 0.0003755
        18         9        78  0.002083
        18         9        79  0.005477
        18         9        80   0.01024
        18         9        81   0.01525
        18         9        82   0.01884
        18         9        83   0.01946
        18         9        84   0.01644
        18         9        85   0.01059
        18         9        86  0.004201
        18         9        87 0.0002883
        18         9        88  0.001294
        18         9        89  0.007799
        18         9        90    0.0179
        18         9        91   0.02775
        18         9        92   0.03314
        18         9        93   0.03154
        18         9        94   0.02348
        18         9        95   0.01248
        18         9        96  0.003429
        18         9        97 1.247e-006
        18         9        98   0.00273
        18         9        99  0.008743
        18         9       100   0.01352
        18         9       101   0.01368
        18         9       102  0.009139
        18         9       103  0.003123
        18         9       104 2.377e-005
        18         9       105  0.002321
        18         9       106  0.008698
        18         9       107   0.01474
        18         9       108   0.01594
        18         9       109   0.01107
        18         9       110   0.00362
        18         9       111 7.687e-006
        18         9       112  0.005511
        18         9       113   0.02047
        18         9       114   0.03929
        18         9       115   0.05314
        18         9       116   0.05488
        18         9       117   0.04331
        18         9       118    0.0241
        18         9       119  0.006841
        18         9       120 1.557e-007
         0         0         0         0
        20        10         1 0.0006524
        20        10         2 0.0008089
        20        10         3 0.0007381
        20        10         4 0.0004247
        20        10         5 6.983e-005
        20        10         6 8.248e-005
        20        10         7 0.0009133
        20        10         8  0.002776
        20        10         9  0.005401
        20        10        10  0.007989
        20        10        11   0.00948
        20        10        12  0.009058
        20        10        13  0.006672
        20        10        14  0.003273
        20        10        15 0.0005559
        20        10        16 0.0002558
        20        10        17  0.003278
        20        10        18  0.009105
        20        10        19   0.01582
        20        10        20   0.02084
        20        10        21   0.02203
        20        10        22   0.01874
        20        10        23   0.01221
        20        10        24  0.005144
        20        10        25  0.000606
        20        10        26 0.0006659
        20        10        27  0.005491
        20        10        28   0.01323
        20        10        29    0.0208
        20        10        30   0.02513
        20        10        31    0.0245
        20        10        32   0.01918
        20        10        33   0.01134
        20        10        34  0.004071
        20        10        35 0.0002231
        20        10        36   0.00124
        20        10        37  0.006679
        20        10        38   0.01445
        20        10        39   0.02167
        20        10        40   0.02574
        20        10        41    0.0253
        20        10        42   0.02062
        20        10        43   0.01342
        20        10        44   0.00618
        20        10        45  0.001256
        20        10        46 9.535e-005
        20        10        47  0.002823
        20        10        48  0.008307
        20        10        49   0.01462
        20        10        50   0.01971
        20        10        51   0.02208
        20        10        52   0.02117
        20        10        53   0.01742
        20        10        54   0.01207
        20        10        55   0.00663
        20        10        56  0.002438
        20        10        57 0.0002701
        20        10        58 0.0002209
        20        10        59  0.001801
        20        10        60  0.004199
        20        10        61   0.00659
        20        10        62  0.008368
        20        10        63  0.009258
        20        10        64  0.009286
        20        10        65  0.008669
        20        10        66  0.007679
        20        10        67  0.006549
        20        10        68  0.005415
        20        10        69  0.004323
        20        10        70  0.003257
        20        10        71  0.002195
        20        10        72  0.001169
        20        10        73  0.000332
        20        10        74 2.62e-006
        20        10        75  0.000644
        20        10        76  0.002746
        20        10        77  0.006607
        20        10        78   0.01207
        20        10        79   0.01836
        20        10        80   0.02409
        20        10        81    0.0276
        20        10        82   0.02755
        20        10        83    0.0235
        20        10        84   0.01635
        20        10        85  0.008247
        20        10        86  0.002001
        20        10        87 4.372e-005
        20        10        88  0.003433
        20        10        89   0.01129
        20        10        90   0.02099
        20        10        91   0.02912
        20        10        92   0.03281
        20        10        93   0.03087
        20        10        94   0.02423
        20        10        95   0.01538
        20        10        96  0.007286
        20        10        97  0.002019
        20        10        98 6.595e-005
        20        10        99 0.0004181
        20        10       100  0.001411
        20        10       101  0.001761
        20        10       102  0.001192
        20        10       103 0.0003288
        20        10       104 7.305e-006
        20        10       105  0.000512
        20        10       106  0.001317
        20        10       107   0.00154
        20        10       108 0.0008273
        20        10       109 1.87e-005
        20        10       110  0.001033
        20        10       111  0.005853
        20        10       112   0.01511
        20        10       113   0.02713
        20        10       114   0.03817
        20        10       115   0.04389
        20        10       116   0.04148
        20        10       117   0.03133
        20        10       118   0.01724
        20        10       119  0.005018
        20        10       120 3.466e-006
         0         0         0         0
        22        11         1  0.000348
        22        11         2 0.0001087
        22        11         3 1.055e-006
        22        11         4 0.0002356
        22        11         5  0.001005
        22        11         6  0.002382
        22        11         7  0.004221
        22        11         8  0.006133
        22        11         9  0.007555
        22        11        10  0.007943
        22        11        11   0.00701
        22        11        12  0.004931
        22        11        13  0.002398
        22        11        14 0.0004505
        22        11        15 0.0001191
        22        11        16  0.001993
        22        11        17  0.005887
        22        11        18   0.01079
        22        11        19   0.01513
        22        11        20   0.01736
        22        11        21   0.01656
        22        11        22   0.01289
        22        11        23  0.007624
        22        11        24  0.002722
        22        11        25 0.0001278
        22        11        26 0.0009858
        22        11        27  0.005148
        22        11        28   0.01117
        22        11        29   0.01684
        22        11        30      0.02
        22        11        31   0.01941
        22        11        32   0.01525
        22        11        33  0.009081
        22        11        34  0.003285
        22        11        35 0.0001714
        22        11        36  0.001104
        22        11        37   0.00598
        22        11        38   0.01325
        22        11        39   0.02049
        22        11        40   0.02523
        22        11        41   0.02587
        22        11        42   0.02221
        22        11        43    0.0155
        22        11        44  0.007995
        22        11        45   0.00219
        22        11        46 6.858e-008
        22        11        47  0.002154
        22        11        48  0.008015
        22        11        49   0.01584
        22        11        50   0.02336
        22        11        51   0.02848
        22        11        52   0.02989
        22        11        53   0.02736
        22        11        54   0.02171
        22        11        55   0.01451
        22        11        56  0.007564
        22        11        57  0.002439
        22        11        58  0.000105
        22        11        59 0.0007884
        22        11        60  0.004036
        22        11        61  0.008924
        22        11        62   0.01433
        22        11        63   0.01921
        22        11        64   0.02273
        22        11        65    0.0244
        22        11        66   0.02407
        22        11        67   0.02187
        22        11        68   0.01817
        22        11        69   0.01352
        22        11        70  0.008592
        22        11        71  0.004164
        22        11        72   0.00105
        22        11        73 8.224e-006
        22        11        74  0.001612
        22        11        75  0.006079
        22        11        76   0.01312
        22        11        77   0.02184
        22        11        78    0.0308
        22        11        79   0.03821
        22        11        80   0.04237
        22        11        81   0.04207
        22        11        82   0.03707
        22        11        83   0.02831
        22        11        84   0.01778
        22        11        85  0.008057
        22        11        86  0.001627
        22        11        87 0.0001334
        22        11        88  0.003873
        22        11        89   0.01169
        22        11        90   0.02134
        22        11        91   0.03018
        22        11        92   0.03599
        22        11        93   0.03756
        22        11        94   0.03492
        22        11        95   0.02919
        22        11        96   0.02199
        22        11        97    0.0149
        22        11        98  0.009047
        22        11        99  0.004872
        22        11       100  0.002285
        22        11       101 0.0008906
        22        11       102 0.0002454
        22        11       103 1.72e-005
        22        11       104 4.158e-005
        22        11       105 0.0003279
        22        11       106  0.001067
        22        11       107  0.002641
        22        11       108  0.005581
        22        11       109   0.01039
        22        11       110   0.01726
        22        11       111    0.0257
        22        11       112   0.03439
        22        11       113   0.04132
        22        11       114   0.04433
        22        11       115   0.04194
        22        11       116   0.03412
        22        11       117   0.02264
        22        11       118   0.01075
        22        11       119  0.002253
        22        11       120 0.0001953
         0         0         0         0
        24        12         1 1.593e-006
        24        12         2 0.0002381
        24        12         3 0.0009492
        24        12         4  0.002155
        24        12         5  0.003735
        24        12         6  0.005417
        24        12         7   0.00682
        24        12         8   0.00755
        24        12         9  0.007329
        24        12        10  0.006115
        24        12        11  0.004174
        24        12        12  0.002055
        24        12        13   0.00046
        24        12        14 2.985e-005
        24        12        15  0.001116
        24        12        16  0.003612
        24        12        17   0.00693
        24        12        18   0.01013
        24        12        19   0.01223
        24        12        20   0.01251
        24        12        21   0.01081
        24        12        22  0.007622
        24        12        23  0.003976
        24        12        24    0.0011
        24        12        25 3.647e-008
        24        12        26  0.001086
        24        12        27  0.003997
        24        12        28  0.007702
        24        12        29   0.01085
        24        12        30   0.01225
        24        12        31   0.01135
        24        12        32  0.008433
        24        12        33  0.004577
        24        12        34  0.001297
        24        12        35 1.484e-007
        24        12        36  0.001471
        24        12        37  0.005551
        24        12        38   0.01115
        24        12        39   0.01657
        24        12        40   0.02008
        24        12        41    0.0205
        24        12        42   0.01762
        24        12        43   0.01232
        24        12        44  0.006315
        24        12        45  0.001636
        24        12        46 9.96e-006
        24        12        47  0.002315
        24        12        48  0.008301
        24        12        49   0.01664
        24        12        50   0.02531
        24        12        51   0.03214
        24        12        52   0.03541
        24        12        53   0.03431
        24        12        54   0.02913
        24        12        55   0.02118
        24        12        56   0.01241
        24        12        57  0.004962
        24        12        58 0.0006297
        24        12        59 0.0004851
        24        12        60  0.004665
        24        12        61   0.01238
        24        12        62   0.02212
        24        12        63   0.03198
        24        12        64   0.04004
        24        12        65   0.04478
        24        12        66   0.04528
        24        12        67   0.04143
        24        12        68   0.03393
        24        12        69   0.02421
        24        12        70   0.01413
        24        12        71  0.005703
        24        12        72 0.0007524
        24        12        73 0.0005416
        24        12        74  0.005514
        24        12        75   0.01515
        24        12        76   0.02797
        24        12        77   0.04179
        24        12        78   0.05407
        24        12        79   0.06242
        24        12        80   0.06512
        24        12        81   0.06149
        24        12        82   0.05216
        24        12        83   0.03891
        24        12        84   0.02439
        24        12        85   0.01152
        24        12        86  0.002844
        24        12        87 8.277e-006
        24        12        88  0.003396
        24        12        89    0.0121
        24        12        90   0.02419
        24        12        91   0.03719
        24        12        92   0.04864
        24        12        93   0.05662
        24        12        94   0.06001
        24        12        95   0.05867
        24        12        96    0.0532
        24        12        97   0.04479
        24        12        98   0.03482
        24        12        99   0.02464
        24        12       100   0.01539
        24        12       101   0.00789
        24        12       102  0.002717
        24        12       103 0.0002102
        24        12       104 0.0005573
        24        12       105  0.003816
        24        12       106  0.009897
        24        12       107   0.01849
        24        12       108   0.02899
        24        12       109   0.04038
        24        12       110    0.0513
        24        12       111   0.06009
        24        12       112   0.06508
        24        12       113   0.06499
        24        12       114   0.05929
        24        12       115   0.04856
        24        12       116   0.03452
        24        12       117   0.01988
        24        12       118  0.007742
        24        12       119 0.0008706
        24        12       120 0.0009665
         0         0         0         0
        26        13         1 0.0005445
        26        13         2  0.001494
        26        13         3  0.002843
        26        13         4  0.004403
        26        13         5  0.005892
        26        13         6  0.006988
        26        13         7  0.007416
        26        13         8  0.007022
        26        13         9  0.005842
        26        13        10  0.004118
        26        13        11  0.002259
        26        13        12 0.0007512
        26        13        13 2.533e-005
        26        13        14 0.0003284
        26        13        15  0.001635
        26        13        16   0.00363
        26        13        17  0.005784
        26        13        18   0.00749
        26        13        19  0.008251
        26        13        20  0.007829
        26        13        21  0.006334
        26        13        22  0.004199
        26        13        23  0.002051
        26        13        24 0.0005129
        26        13        25 1.433e-006
        26        13        26 0.0005844
        26        13        27  0.001956
        26        13        28   0.00354
        26        13        29  0.004692
        26        13        30  0.004936
        26        13        31   0.00415
        26        13        32  0.002631
        26        13        33  0.001013
        26        13        34 5.747e-005
        26        13        35 0.0003772
        26        13        36  0.002195
        26        13        37  0.005219
        26        13        38  0.008693
        26        13        39   0.01161
        26        13        40   0.01303
        26        13        41   0.01243
        26        13        42  0.009872
        26        13        43  0.006124
        26        13        44  0.002431
        26        13        45 0.0002043
        26        13        46 0.0006005
        26        13        47  0.004154
        26        13        48   0.01056
        26        13        49    0.0187
        26        13        50   0.02684
        26        13        51   0.03314
        26        13        52   0.03603
        26        13        53   0.03471
        26        13        54   0.02938
        26        13        55   0.02122
        26        13        56   0.01218
        26        13        57  0.004531
        26        13        58 0.0003561
        26        13        59  0.001046
        26        13        60  0.006967
        26        13        61   0.01734
        26        13        62   0.03039
        26        13        63   0.04365
        26        13        64   0.05454
        26        13        65   0.06083
        26        13        66   0.06119
        26        13        67   0.05542
        26        13        68    0.0446
        26        13        69   0.03086
        26        13        70   0.01701
        26        13        71  0.006009
        26        13        72 0.0003788
        26        13        73  0.001679
        26        13        74   0.01018
        26        13        75   0.02474
        26        13        76   0.04303
        26        13        77   0.06187
        26        13        78    0.0779
        26        13        79   0.08817
        26        13        80   0.09075
        26        13        81    0.0851
        26        13        82   0.07221
        26        13        83   0.05442
        26        13        84   0.03499
        26        13        85   0.01747
        26        13        86  0.005074
        26        13        87 4.895e-005
        26        13        88  0.003321
        26        13        89   0.01435
        26        13        90   0.03128
        26        13        91    0.0513
        26        13        92   0.07119
        26        13        93   0.08784
        26        13        94   0.09879
        26        13        95    0.1025
        26        13        96   0.09865
        26        13        97   0.08795
        26        13        98   0.07209
        26        13        99    0.0534
        26        13       100    0.0345
        26        13       101   0.01798
        26        13       102  0.006067
        26        13       103 0.0003598
        26        13       104  0.001663
        26        13       105  0.009879
        26        13       106   0.02401
        26        13       107   0.04222
        26        13       108   0.06207
        26        13       109   0.08077
        26        13       110   0.09555
        26        13       111    0.1041
        26        13       112    0.1049
        26        13       113   0.09771
        26        13       114   0.08337
        26        13       115   0.06405
        26        13       116   0.04284
        26        13       117   0.02321
        26        13       118   0.00839
        26        13       119 0.0007592
        26        13       120  0.001347
         0         0         0         0
        28        14         1  0.001638
        28        14         2  0.002933
        28        14         3  0.004369
        28        14         4  0.005705
        28        14         5  0.006686
        28        14         6  0.007105
        28        14         7  0.006851
        28        14         8  0.005946
        28        14         9  0.004556
        28        14        10  0.002954
        28        14        11  0.001471
        28        14        12  0.000417
        28        14        13 2.558e-006
        28        14        14 0.0002875
        28        14        15  0.001162
        28        14        16  0.002371
        28        14        17  0.003583
        28        14        18  0.004475
        28        14        19  0.004818
        28        14        20  0.004537
        28        14        21  0.003724
        28        14        22  0.002606
        28        14        23  0.001473
        28        14        24 0.0005838
        28        14        25 9.426e-005
        28        14        26 1.334e-005
        28        14        27  0.000215
        28        14        28 0.0004954
        28        14        29 0.0006579
        28        14        30  0.000596
        28        14        31 0.0003435
        28        14        32 7.09e-005
        28        14        33 2.612e-005
        28        14        34 0.0004364
        28        14        35  0.001405
        28        14        36  0.002838
        28        14        37  0.004443
        28        14        38  0.005787
        28        14        39  0.006439
        28        14        40  0.006114
        28        14        41  0.004819
        28        14        42  0.002904
        28        14        43  0.001031
        28        14        44 2.61e-005
        28        14        45 0.0006582
        28        14        46  0.003404
        28        14        47  0.008254
        28        14        48   0.01464
        28        14        49   0.02148
        28        14        50   0.02743
        28        14        51   0.03114
        28        14        52   0.03164
        28        14        53   0.02864
        28        14        54   0.02262
        28        14        55   0.01487
        28        14        56  0.007221
        28        14        57    0.0017
        28        14        58 5.135e-005
        28        14        59   0.00333
        28        14        60    0.0116
        28        14        61   0.02384
        28        14        62   0.03807
        28        14        63   0.05176
        28        14        64   0.06226
        28        14        65   0.06742
        28        14        66   0.06604
        28        14        67   0.05821
        28        14        68   0.04532
        28        14        69    0.0299
        28        14        70   0.01513
        28        14        71  0.004279
        28        14        72 7.49e-006
        28        14        73  0.003854
        28        14        74   0.01587
        28        14        75   0.03453
        28        14        76   0.05701
        28        14        77    0.0796
        28        14        78   0.09844
        28        14        79    0.1102
        28        14        80    0.1127
        28        14        81    0.1054
        28        14        82   0.08949
        28        14        83   0.06765
        28        14        84   0.04373
        28        14        85   0.02201
        28        14        86  0.006457
        28        14        87 6.364e-005
        28        14        88   0.00432
        28        14        89   0.01896
        28        14        90     0.042
        28        14        91   0.07008
        28        14        92     0.099
        28        14        93    0.1244
        28        14        94    0.1424
        28        14        95    0.1504
        28        14        96    0.1471
        28        14        97    0.1331
        28        14        98    0.1104
        28        14        99   0.08261
        28        14       100   0.05371
        28        14       101   0.02803
        28        14       102  0.009378
        28        14       103 0.0005125
        28        14       104  0.002747
        28        14       105   0.01576
        28        14       106   0.03762
        28        14       107   0.06508
        28        14       108   0.09406
        28        14       109    0.1202
        28        14       110    0.1396
        28        14       111    0.1494
        28        14       112     0.148
        28        14       113    0.1358
        28        14       114    0.1145
        28        14       115    0.0876
        28        14       116   0.05898
        28        14       117   0.03292
        28        14       118   0.01308
        28        14       119  0.001991
        28        14       120 0.0006171
         0         0         0         0
        30        15         1   0.00263
        30        15         2  0.003931
        30        15         3  0.005184
        30        15         4   0.00619
        30        15         5  0.006776
        30        15         6  0.006836
        30        15         7  0.006348
        30        15         8  0.005389
        30        15         9  0.004118
        30        15        10  0.002748
        30        15        11  0.001501
        30        15        12 0.0005702
        30        15        13 7.385e-005
        30        15        14 3.98e-005
        30        15        15 0.0004027
        30        15        16  0.001024
        30        15        17  0.001729
        30        15        18  0.002347
        30        15        19  0.002748
        30        15        20   0.00287
        30        15        21  0.002719
        30        15        22   0.00236
        30        15        23  0.001891
        30        15        24   0.00141
        30        15        25 0.0009936
        30        15        26 0.0006821
        30        15        27  0.000483
        30        15        28  0.000384
        30        15        29 0.0003718
        30        15        30 0.0004457
        30        15        31 0.0006212
        30        15        32 0.0009191
        30        15        33  0.001345
        30        15        34  0.001865
        30        15        35  0.002398
        30        15        36  0.002816
        30        15        37  0.002976
        30        15        38  0.002772
        30        15        39  0.002185
        30        15        40  0.001332
        30        15        41 0.0004792
        30        15        42 1.04e-005
        30        15        43  0.000355
        30        15        44  0.001878
        30        15        45  0.004759
        30        15        46  0.008897
        30        15        47   0.01387
        30        15        48   0.01895
        30        15        49   0.02324
        30        15        50   0.02586
        30        15        51   0.02613
        30        15        52   0.02379
        30        15        53   0.01914
        30        15        54   0.01304
        30        15        55  0.006797
        30        15        56  0.001963
        30        15        57 1.926e-006
        30        15        58  0.001966
        30        15        59  0.008216
        30        15        60   0.01826
        30        15        61   0.03078
        30        15        62   0.04379
        30        15        63     0.055
        30        15        64   0.06228
        30        15        65   0.06408
        30        15        66   0.05982
        30        15        67   0.05007
        30        15        68   0.03656
        30        15        69   0.02191
        30        15        70  0.009195
        30        15        71  0.001367
        30        15        72 0.0006858
        30        15        73  0.008237
        30        15        74   0.02365
        30        15        75   0.04506
        30        15        76    0.0694
        30        15        77   0.09287
        30        15        78    0.1116
        30        15        79    0.1223
        30        15        80    0.1231
        30        15        81    0.1134
        30        15        82   0.09489
        30        15        83   0.07046
        30        15        84   0.04434
        30        15        85   0.02117
        30        15        86  0.005295
        30        15        87 2.199e-005
        30        15        88  0.007015
        30        15        89   0.02599
        30        15        90   0.05471
        30        15        91   0.08931
        30        15        92    0.1249
        30        15        93    0.1562
        30        15        94    0.1786
        30        15        95    0.1886
        30        15        96    0.1848
        30        15        97    0.1676
        30        15        98    0.1395
        30        15        99    0.1047
        30        15       100   0.06833
        30        15       101   0.03588
        30        15       102   0.01218
        30        15       103 0.0007373
        30        15       104  0.003249
        30        15       105    0.0193
        30        15       106   0.04646
        30        15       107   0.08066
        30        15       108    0.1168
        30        15       109    0.1495
        30        15       110    0.1741
        30        15       111     0.187
        30        15       112    0.1864
        30        15       113    0.1727
        30        15       114    0.1481
        30        15       115    0.1161
        30        15       116   0.08151
        30        15       117   0.04902
        30        15       118   0.02285
        30        15       119   0.00604
        30        15       120 1.626e-005
