         2         1         1   0.04063
         2         1         2  0.008225
         2         1         3    0.2014
         2         1         4     1.315
         2         1         5     2.227
         2         1         6     1.702
         2         1         7    0.6011
         2         1         8   0.05911
         2         1         9 1.399e-005
         2         1        10  0.009964
         2         1        11    0.1009
         2         1        12    0.1845
         2         1        13    0.1325
         2         1        14   0.03623
         2         1        15 0.0004748
         2         1        16  0.001336
         2         1        17  0.002235
         2         1        18   0.03286
         2         1        19   0.07869
         2         1        20    0.1102
         2         1        21   0.09958
         2         1        22   0.03949
         2         1        23  0.002117
         2         1        24    0.1944
         2         1        25    0.7323
         2         1        26    0.8743
         2         1        27    0.2544
         2         1        28   0.01276
         2         1        29    0.2627
         2         1        30    0.4267
         2         1        31    0.4231
         2         1        32    0.2403
         2         1        33   0.04185
         2         1        34 0.0001498
         2         1        35 7.662e-006
         2         1        36  0.002388
         2         1        37   0.08645
         2         1        38    0.1877
         2         1        39  0.006128
         2         1        40     0.324
         2         1        41    0.8535
         2         1        42    0.6875
         2         1        43    0.3843
         2         1        44    0.2812
         2         1        45    0.2294
         2         1        46    0.1276
         2         1        47   0.03291
         2         1        48  0.001614
         2         1        49    0.1131
         2         1        50    0.4163
         2         1        51    0.6289
         2         1        52    0.4558
         2         1        53    0.1782
         2         1        54   0.05304
         2         1        55   0.02122
         2         1        56   0.03037
         2         1        57   0.09601
         2         1        58    0.1322
         2         1        59   0.01358
         2         1        60    0.1144
         2         1        61     0.429
         2         1        62    0.4432
         2         1        63    0.3295
         2         1        64    0.4453
         2         1        65     1.216
         2         1        66     3.109
         2         1        67     4.066
         2         1        68     1.814
         2         1        69   0.07441
         2         1        70   0.07838
         2         1        71   0.03341
         2         1        72 2.326e-005
         2         1        73  0.009381
         2         1        74    0.1491
         2         1        75    0.3744
         2         1        76    0.3966
         2         1        77    0.1858
         2         1        78   0.02137
         2         1        79   0.01148
         2         1        80    0.1439
         2         1        81    0.5539
         2         1        82     1.226
         2         1        83     1.577
         2         1        84     1.152
         2         1        85    0.5163
         2         1        86    0.3265
         2         1        87    0.7196
         2         1        88     1.615
         2         1        89     1.716
         2         1        90    0.7056
         2         1        91   0.07813
         2         1        92  0.001692
         2         1        93    0.0205
         2         1        94 0.0001125
         2         1        95    0.1338
         2         1        96      0.46
         2         1        97    0.3861
         2         1        98    0.1032
         2         1        99  0.003688
         2         1       100   0.04053
         2         1       101    0.3817
         2         1       102    0.9884
         2         1       103    0.9941
         2         1       104    0.3238
         2         1       105 0.0005619
         2         1       106    0.1862
         2         1       107    0.3228
         2         1       108    0.3289
         2         1       109    0.2113
         2         1       110   0.03367
         2         1       111   0.01031
         2         1       112    0.0594
         2         1       113   0.06328
         2         1       114   0.01501
         2         1       115   0.03287
         2         1       116    0.4049
         2         1       117     1.075
         2         1       118     1.193
         2         1       119    0.6824
         2         1       120    0.2525
         4         2         1   0.05764
         4         2         2     0.613
         4         2         3     0.141
         4         2         4    0.3705
         4         2         5   0.09525
         4         2         6   0.01848
         4         2         7 6.134e-006
         4         2         8   0.01895
         4         2         9   0.06328
         4         2        10  0.005248
         4         2        11   0.05311
         4         2        12 0.0006325
         4         2        13  0.006542
         4         2        14   0.00308
         4         2        15 0.0005078
         4         2        16    0.0318
         4         2        17   0.00445
         4         2        18   0.02351
         4         2        19  0.006013
         4         2        20 1.471e-005
         4         2        21 0.0007899
         4         2        22   0.06748
         4         2        23  0.005165
         4         2        24    0.3935
         4         2        25  0.007075
         4         2        26    0.8152
         4         2        27 0.0007805
         4         2        28    0.7541
         4         2        29   0.00386
         4         2        30    0.4981
         4         2        31  0.001905
         4         2        32     0.477
         4         2        33  0.007722
         4         2        34    0.6793
         4         2        35  0.005631
         4         2        36     1.033
         4         2        37    0.1707
         4         2        38     1.263
         4         2        39    0.5519
         4         2        40     0.901
         4         2        41    0.6965
         4         2        42    0.3254
         4         2        43    0.4444
         4         2        44   0.07695
         4         2        45    0.1814
         4         2        46   0.02708
         4         2        47   0.08212
         4         2        48   0.01523
         4         2        49    0.1046
         4         2        50  0.002648
         4         2        51     0.182
         4         2        52 0.0001688
         4         2        53    0.1692
         4         2        54   0.02156
         4         2        55    0.1006
         4         2        56    0.1445
         4         2        57    0.1136
         4         2        58    0.2278
         4         2        59    0.2343
         4         2        60    0.1293
         4         2        61     0.202
         4         2        62   0.04128
         4         2        63   0.01335
         4         2        64    0.0397
         4         2        65     1.199
         4         2        66    0.1781
         4         2        67     3.188
         4         2        68    0.5999
         4         2        69     2.605
         4         2        70    0.9028
         4         2        71     0.781
         4         2        72    0.5684
         4         2        73   0.07469
         4         2        74   0.09056
         4         2        75  0.001524
         4         2        76   0.01576
         4         2        77  0.001149
         4         2        78   0.09983
         4         2        79  0.008464
         4         2        80   0.07013
         4         2        81   0.03631
         4         2        82 3.134e-006
         4         2        83   0.04796
         4         2        84    0.1592
         4         2        85  0.001487
         4         2        86    0.4725
         4         2        87      0.29
         4         2        88     0.483
         4         2        89    0.8046
         4         2        90    0.3424
         4         2        91    0.6382
         4         2        92    0.4099
         4         2        93    0.2003
         4         2        94    0.7159
         4         2        95   0.06976
         4         2        96    0.9347
         4         2        97   0.08066
         4         2        98    0.8882
         4         2        99   0.08988
         4         2       100    0.6544
         4         2       101    0.1041
         4         2       102    0.2075
         4         2       103    0.1818
         4         2       104  0.001638
         4         2       105    0.2656
         4         2       106   0.08793
         4         2       107     0.315
         4         2       108   0.03839
         4         2       109    0.3184
         4         2       110 3.218e-007
         4         2       111     0.188
         4         2       112  0.004586
         4         2       113   0.08565
         4         2       114  0.004179
         4         2       115    0.1442
         4         2       116   0.08117
         4         2       117     0.282
         4         2       118    0.1112
         4         2       119    0.1942
         4         2       120   0.02566
         6         3         1    0.3698
         6         3         2    0.3041
         6         3         3   0.02157
         6         3         4     0.476
         6         3         5    0.2172
         6         3         6   0.03834
         6         3         7    0.2771
         6         3         8   0.08064
         6         3         9   0.01092
         6         3        10   0.04957
         6         3        11   0.01619
         6         3        12  0.006284
         6         3        13   0.00932
         6         3        14 2.433e-005
         6         3        15   0.05028
         6         3        16    0.0828
         6         3        17  0.001118
         6         3        18   0.07998
         6         3        19    0.0665
         6         3        20   0.01033
         6         3        21   0.09897
         6         3        22  0.003235
         6         3        23    0.1099
         6         3        24   0.07696
         6         3        25   0.03007
         6         3        26    0.1487
         6         3        27  0.007014
         6         3        28   0.06282
         6         3        29   0.02621
         6         3        30   0.01475
         6         3        31   0.02532
         6         3        32  0.001249
         6         3        33   0.03304
         6         3        34   0.03209
         6         3        35  0.001439
         6         3        36   0.05157
         6         3        37    0.1495
         6         3        38   0.02021
         6         3        39   0.09962
         6         3        40    0.1717
         6         3        41  0.001999
         6         3        42   0.06616
         6         3        43    0.0199
         6         3        44  0.009825
         6         3        45  0.007261
         6         3        46   0.01254
         6         3        47   0.03802
         6         3        48  0.002128
         6         3        49   0.04522
         6         3        50    0.1119
         6         3        51   0.01629
         6         3        52   0.07639
         6         3        53    0.1948
         6         3        54   0.02294
         6         3        55   0.06248
         6         3        56    0.1095
         6         3        57   0.02795
         6         3        58  0.006281
         6         3        59 0.0001035
         6         3        60    0.1402
         6         3        61    0.5013
         6         3        62   0.08842
         6         3        63    0.5827
         6         3        64      1.56
         6         3        65     0.114
         6         3        66     1.063
         6         3        67     1.505
         6         3        68    0.0136
         6         3        69    0.6898
         6         3        70    0.4161
         6         3        71  0.001382
         6         3        72   0.06285
         6         3        73   0.00266
         6         3        74 0.0007833
         6         3        75   0.04556
         6         3        76   0.03345
         6         3        77   0.01717
         6         3        78    0.1053
         6         3        79    0.0236
         6         3        80   0.01966
         6         3        81   0.04614
         6         3        82  0.005603
         6         3        83  0.001099
         6         3        84  0.001782
         6         3        85   0.01347
         6         3        86   0.05661
         6         3        87  0.008554
         6         3        88    0.1324
         6         3        89    0.3136
         6         3        90  0.003364
         6         3        91    0.3759
         6         3        92    0.3289
         6         3        93  0.009125
         6         3        94     0.218
         6         3        95   0.03721
         6         3        96  0.006768
         6         3        97  0.007575
         6         3        98   0.05602
         6         3        99   0.01353
         6         3       100    0.3459
         6         3       101     0.226
         6         3       102   0.04866
         6         3       103    0.5967
         6         3       104     0.327
         6         3       105   0.05042
         6         3       106    0.6838
         6         3       107    0.3451
         6         3       108   0.07851
         6         3       109    0.7689
         6         3       110    0.3655
         6         3       111   0.04832
         6         3       112    0.6721
         6         3       113    0.5625
         6         3       114   0.01497
         6         3       115    0.3726
         6         3       116     0.815
         6         3       117    0.2219
         6         3       118    0.1193
         6         3       119    0.6332
         6         3       120    0.2522
         8         4         1    0.2403
         8         4         2   0.08412
         8         4         3   0.01762
         8         4         4    0.2071
         8         4         5    0.1795
         8         4         6  0.004391
         8         4         7    0.1112
         8         4         8    0.2214
         8         4         9   0.06397
         8         4        10   0.02205
         8         4        11    0.2011
         8         4        12    0.2078
         8         4        13   0.03545
         8         4        14   0.02776
         8         4        15    0.1543
         8         4        16     0.149
         8         4        17   0.04032
         8         4        18 0.0003467
         8         4        19   0.02463
         8         4        20   0.03861
         8         4        21   0.03471
         8         4        22   0.02625
         8         4        23   0.01197
         8         4        24 1.765e-005
         8         4        25   0.01726
         8         4        26   0.05262
         8         4        27   0.05456
         8         4        28   0.02079
         8         4        29 1.977e-005
         8         4        30   0.01989
         8         4        31   0.06681
         8         4        32   0.09245
         8         4        33   0.04981
         8         4        34 2.587e-006
         8         4        35   0.07711
         8         4        36    0.2049
         8         4        37    0.1527
         8         4        38    0.0106
         8         4        39   0.06078
         8         4        40    0.2048
         8         4        41    0.1681
         8         4        42   0.02815
         8         4        43   0.01661
         8         4        44    0.1135
         8         4        45    0.1401
         8         4        46   0.05326
         8         4        47  0.001162
         8         4        48   0.08597
         8         4        49    0.1528
         8         4        50   0.05636
         8         4        51   0.00977
         8         4        52    0.1572
         8         4        53    0.1768
         8         4        54   0.01177
         8         4        55    0.1207
         8         4        56    0.3688
         8         4        57    0.1812
         8         4        58    0.0194
         8         4        59    0.5126
         8         4        60    0.7303
         8         4        61    0.1376
         8         4        62    0.2109
         8         4        63     1.105
         8         4        64    0.8843
         8         4        65   0.02788
         8         4        66     0.528
         8         4        67     1.227
         8         4        68    0.5459
         8         4        69  0.004707
         8         4        70     0.539
         8         4        71    0.7288
         8         4        72    0.1984
         8         4        73   0.02078
         8         4        74    0.2799
         8         4        75     0.279
         8         4        76   0.05143
         8         4        77   0.01701
         8         4        78   0.09835
         8         4        79   0.05991
         8         4        80 0.0006989
         8         4        81   0.02151
         8         4        82   0.01804
         8         4        83  0.001921
         8         4        84   0.04881
         8         4        85   0.04522
         8         4        86 0.0006805
         8         4        87    0.1153
         8         4        88    0.2226
         8         4        89   0.07203
         8         4        90   0.03158
         8         4        91    0.3243
         8         4        92    0.3824
         8         4        93   0.06779
         8         4        94   0.08525
         8         4        95    0.4794
         8         4        96    0.4688
         8         4        97   0.06773
         8         4        98    0.1108
         8         4        99    0.5326
         8         4       100     0.455
         8         4       101   0.04175
         8         4       102    0.1213
         8         4       103    0.3422
         8         4       104    0.1287
         8         4       105  0.008035
         8         4       106    0.1083
         8         4       107   0.01609
         8         4       108    0.1015
         8         4       109    0.2871
         8         4       110   0.04577
         8         4       111    0.2293
         8         4       112    0.9869
         8         4       113    0.7243
         8         4       114  0.003968
         8         4       115     0.716
         8         4       116     1.531
         8         4       117    0.7159
         8         4       118 0.0009589
         8         4       119    0.6225
         8         4       120    0.9452
        10         5         1   0.07862
        10         5         2   0.03461
        10         5         3  0.001078
        10         5         4  0.006624
        10         5         5  0.008664
        10         5         6 0.0002527
        10         5         7  0.004787
        10         5         8    0.0051
        10         5         9   0.00187
        10         5        10    0.0494
        10         5        11    0.1258
        10         5        12     0.115
        10         5        13   0.02211
        10         5        14   0.02194
        10         5        15    0.1776
        10         5        16    0.2986
        10         5        17    0.2158
        10         5        18   0.04306
        10         5        19   0.01494
        10         5        20    0.1593
        10         5        21    0.2752
        10         5        22    0.2124
        10         5        23   0.05666
        10         5        24  0.003675
        10         5        25    0.1074
        10         5        26    0.2184
        10         5        27    0.1823
        10         5        28   0.04758
        10         5        29  0.006933
        10         5        30    0.1298
        10         5        31    0.2475
        10         5        32    0.1843
        10         5        33      0.03
        10         5        34   0.02893
        10         5        35    0.2066
        10         5        36    0.3051
        10         5        37    0.1725
        10         5        38   0.01031
        10         5        39   0.06172
        10         5        40    0.2279
        10         5        41    0.2377
        10         5        42   0.08267
        10         5        43 0.0002232
        10         5        44   0.07319
        10         5        45     0.134
        10         5        46   0.07834
        10         5        47  0.007388
        10         5        48  0.009213
        10         5        49   0.02998
        10         5        50   0.01755
        10         5        51  0.001641
        10         5        52 0.0001012
        10         5        53 0.0007932
        10         5        54   0.01382
        10         5        55   0.02528
        10         5        56   0.00459
        10         5        57   0.02253
        10         5        58    0.1433
        10         5        59    0.2069
        10         5        60   0.07825
        10         5        61  0.009564
        10         5        62     0.237
        10         5        63    0.4348
        10         5        64    0.2426
        10         5        65  0.003011
        10         5        66    0.1788
        10         5        67     0.463
        10         5        68    0.3378
        10         5        69   0.03594
        10         5        70   0.07454
        10         5        71    0.3157
        10         5        72    0.2984
        10         5        73   0.07208
        10         5        74   0.01014
        10         5        75    0.1379
        10         5        76    0.1898
        10         5        77   0.09269
        10         5        78  0.005403
        10         5        79   0.02132
        10         5        80   0.07942
        10         5        81   0.09853
        10         5        82   0.06473
        10         5        83   0.01537
        10         5        84   0.00282
        10         5        85   0.05576
        10         5        86    0.1298
        10         5        87    0.1266
        10         5        88   0.03643
        10         5        89  0.007782
        10         5        90    0.1283
        10         5        91    0.2238
        10         5        92    0.1208
        10         5        93  0.000388
        10         5        94    0.1253
        10         5        95    0.3321
        10         5        96    0.2681
        10         5        97   0.03722
        10         5        98   0.06026
        10         5        99    0.3473
        10         5       100      0.47
        10         5       101    0.2572
        10         5       102   0.02215
        10         5       103   0.05755
        10         5       104    0.2833
        10         5       105    0.4409
        10         5       106     0.388
        10         5       107     0.176
        10         5       108  0.005877
        10         5       109    0.1217
        10         5       110    0.5484
        10         5       111    0.8793
        10         5       112     0.651
        10         5       113    0.1121
        10         5       114    0.1045
        10         5       115    0.7971
        10         5       116     1.235
        10         5       117    0.7581
        10         5       118   0.08037
        10         5       119    0.1406
        10         5       120    0.6578
        12         6         1    0.0946
        12         6         2    0.1146
        12         6         3   0.09237
        12         6         4   0.04591
        12         6         5  0.007356
        12         6         6  0.004133
        12         6         7   0.04725
        12         6         8    0.1228
        12         6         9    0.1885
        12         6        10    0.1917
        12         6        11     0.116
        12         6        12   0.02118
        12         6        13   0.01249
        12         6        14    0.1343
        12         6        15    0.2943
        12         6        16    0.3344
        12         6        17    0.2051
        12         6        18   0.03918
        12         6        19   0.01195
        12         6        20    0.1377
        12         6        21    0.2539
        12         6        22    0.2197
        12         6        23   0.08191
        12         6        24 0.0008299
        12         6        25   0.04255
        12         6        26    0.1114
        12         6        27   0.09737
        12         6        28   0.02523
        12         6        29  0.003251
        12         6        30   0.05911
        12         6        31    0.1027
        12         6        32   0.06523
        12         6        33  0.005238
        12         6        34   0.02422
        12         6        35    0.1136
        12         6        36    0.1595
        12         6        37    0.1006
        12         6        38   0.01501
        12         6        39   0.01217
        12         6        40   0.08721
        12         6        41    0.1361
        12         6        42   0.09796
        12         6        43   0.02511
        12         6        44 0.0009843
        12         6        45   0.03517
        12         6        46   0.06804
        12         6        47    0.0558
        12         6        48   0.01748
        12         6        49 0.0001132
        12         6        50   0.02118
        12         6        51   0.05418
        12         6        52   0.06134
        12         6        53   0.03399
        12         6        54  0.003212
        12         6        55   0.01056
        12         6        56   0.06116
        12         6        57    0.1072
        12         6        58    0.0945
        12         6        59   0.03319
        12         6        60 0.0001914
        12         6        61   0.04578
        12         6        62    0.1173
        12         6        63    0.1201
        12         6        64   0.04898
        12         6        65  0.000245
        12         6        66   0.03474
        12         6        67   0.09118
        12         6        68   0.08195
        12         6        69   0.02328
        12         6        70  0.001205
        12         6        71   0.03621
        12         6        72   0.06108
        12         6        73   0.03457
        12         6        74  0.001713
        12         6        75    0.0134
        12         6        76   0.04499
        12         6        77   0.04169
        12         6        78   0.00921
        12         6        79  0.004196
        12         6        80   0.04343
        12         6        81   0.07467
        12         6        82   0.05341
        12         6        83  0.009601
        12         6        84  0.005308
        12         6        85   0.04541
        12         6        86    0.0716
        12         6        87   0.04735
        12         6        88  0.008012
        12         6        89  0.003102
        12         6        90   0.02205
        12         6        91   0.02025
        12         6        92  0.001352
        12         6        93   0.01408
        12         6        94   0.05944
        12         6        95   0.06905
        12         6        96   0.01965
        12         6        97  0.009577
        12         6        98    0.1357
        12         6        99    0.3149
        12         6       100    0.3394
        12         6       101    0.1559
        12         6       102  0.001346
        12         6       103    0.1484
        12         6       104    0.5334
        12         6       105    0.7603
        12         6       106    0.5527
        12         6       107    0.1334
        12         6       108   0.02448
        12         6       109    0.4355
        12         6       110    0.9608
        12         6       111      1.01
        12         6       112    0.5138
        12         6       113   0.04069
        12         6       114    0.1411
        12         6       115    0.6865
        12         6       116     1.028
        12         6       117    0.7785
        12         6       118    0.2427
        12         6       119 0.0001568
        12         6       120    0.2139
        14         7         1    0.2072
        14         7         2    0.2327
        14         7         3    0.1719
        14         7         4   0.06646
        14         7         5  0.001396
        14         7         6   0.04231
        14         7         7    0.1785
        14         7         8    0.3207
        14         7         9    0.3634
        14         7        10    0.2694
        14         7        11    0.1076
        14         7        12  0.004528
        14         7        13   0.04334
        14         7        14    0.1923
        14         7        15    0.3287
        14         7        16    0.3423
        14         7        17    0.2264
        14         7        18   0.07687
        14         7        19  0.001715
        14         7        20   0.03024
        14         7        21    0.1032
        14         7        22    0.1414
        14         7        23     0.117
        14         7        24   0.06088
        14         7        25   0.01709
        14         7        26  0.001062
        14         7        27 0.0005634
        14         7        28  0.001239
        14         7        29 0.0003252
        14         7        30 1.59e-006
        14         7        31 3.331e-006
        14         7        32  0.001521
        14         7        33   0.01081
        14         7        34   0.03062
        14         7        35   0.04986
        14         7        36   0.05067
        14         7        37   0.02935
        14         7        38  0.005172
        14         7        39  0.002197
        14         7        40   0.02296
        14         7        41   0.04529
        14         7        42   0.04656
        14         7        43    0.0271
        14         7        44   0.00651
        14         7        45 2.886e-005
        14         7        46  0.004143
        14         7        47   0.00617
        14         7        48  0.002239
        14         7        49 0.0001718
        14         7        50  0.005755
        14         7        51   0.01278
        14         7        52   0.01116
        14         7        53  0.002541
        14         7        54  0.001486
        14         7        55   0.01804
        14         7        56   0.04233
        14         7        57   0.05207
        14         7        58   0.03675
        14         7        59     0.011
        14         7        60 5.943e-005
        14         7        61    0.0129
        14         7        62   0.03344
        14         7        63   0.03924
        14         7        64   0.02544
        14         7        65  0.007042
        14         7        66 3.423e-006
        14         7        67  0.005044
        14         7        68   0.01124
        14         7        69    0.0107
        14         7        70  0.005406
        14         7        71  0.001163
        14         7        72 5.249e-006
        14         7        73 0.0001588
        14         7        74 0.0001475
        14         7        75 4.413e-005
        14         7        76 8.328e-005
        14         7        77 0.0007977
        14         7        78   0.00402
        14         7        79   0.01087
        14         7        80   0.01818
        14         7        81   0.01962
        14         7        82   0.01267
        14         7        83  0.003088
        14         7        84 0.0003283
        14         7        85  0.008333
        14         7        86   0.02219
        14         7        87   0.03369
        14         7        88   0.03842
        14         7        89   0.03723
        14         7        90   0.03271
        14         7        91   0.02582
        14         7        92   0.01586
        14         7        93  0.004284
        14         7        94 0.0008572
        14         7        95   0.02425
        14         7        96   0.08688
        14         7        97    0.1694
        14         7        98    0.2155
        14         7        99    0.1747
        14         7       100   0.06783
        14         7       101 0.0001401
        14         7       102   0.07544
        14         7       103     0.275
        14         7       104    0.4387
        14         7       105    0.4052
        14         7       106    0.1918
        14         7       107   0.01158
        14         7       108    0.0738
        14         7       109    0.3565
        14         7       110    0.6022
        14         7       111    0.5683
        14         7       112    0.2829
        14         7       113   0.02816
        14         7       114   0.05779
        14         7       115    0.3402
        14         7       116    0.5954
        14         7       117      0.58
        14         7       118    0.3196
        14         7       119   0.05988
        14         7       120   0.01193
        16         8         1    0.2536
        16         8         2    0.2208
        16         8         3    0.1226
        16         8         4   0.02564
        16         8         5  0.004856
        16         8         6   0.08948
        16         8         7    0.2362
        16         8         8    0.3533
        16         8         9    0.3627
        16         8        10     0.256
        16         8        11    0.1036
        16         8        12  0.006861
        16         8        13   0.02829
        16         8        14    0.1495
        16         8        15    0.2865
        16         8        16    0.3495
        16         8        17    0.3024
        16         8        18    0.1802
        16         8        19   0.05867
        16         8        20  0.001423
        16         8        21   0.02386
        16         8        22   0.09384
        16         8        23    0.1606
        16         8        24     0.187
        16         8        25    0.1657
        16         8        26    0.1136
        16         8        27   0.05673
        16         8        28   0.01581
        16         8        29 0.0001579
        16         8        30  0.008416
        16         8        31   0.03244
        16         8        32   0.06108
        16         8        33   0.08318
        16         8        34   0.09027
        16         8        35   0.07937
        16         8        36   0.05462
        16         8        37   0.02615
        16         8        38  0.005604
        16         8        39 0.0002266
        16         8        40   0.00918
        16         8        41   0.02474
        16         8        42   0.03749
        16         8        43   0.04171
        16         8        44   0.03739
        16         8        45   0.02836
        16         8        46   0.01885
        16         8        47   0.01123
        16         8        48  0.005953
        16         8        49   0.00248
        16         8        50 0.0004261
        16         8        51 0.0001891
        16         8        52  0.002991
        16         8        53  0.009968
        16         8        54   0.02047
        16         8        55   0.03092
        16         8        56   0.03592
        16         8        57   0.03178
        16         8        58   0.01993
        16         8        59  0.006908
        16         8        60 0.0001975
        16         8        61  0.002838
        16         8        62   0.01131
        16         8        63   0.01844
        16         8        64   0.01893
        16         8        65   0.01289
        16         8        66  0.004978
        16         8        67 0.0003509
        16         8        68 0.0009749
        16         8        69  0.004918
        16         8        70  0.008429
        16         8        71  0.008769
        16         8        72  0.005814
        16         8        73  0.001822
        16         8        74 5.819e-006
        16         8        75  0.002869
        16         8        76   0.01098
        16         8        77   0.02246
        16         8        78   0.03333
        16         8        79   0.03882
        16         8        80   0.03558
        16         8        81   0.02393
        16         8        82  0.009124
        16         8        83 0.0002228
        16         8        84  0.006362
        16         8        85   0.03174
        16         8        86   0.07173
        16         8        87    0.1127
        16         8        88    0.1369
        16         8        89    0.1306
        16         8        90    0.0932
        16         8        91   0.04137
        16         8        92  0.004145
        16         8        93  0.009152
        16         8        94   0.06474
        16         8        95    0.1491
        16         8        96    0.2167
        16         8        97    0.2243
        16         8        98    0.1618
        16         8        99   0.06666
        16         8       100  0.004103
        16         8       101   0.02093
        16         8       102    0.1062
        16         8       103    0.1934
        16         8       104    0.2105
        16         8       105    0.1405
        16         8       106   0.04123
        16         8       107 0.0003969
        16         8       108   0.05951
        16         8       109    0.1735
        16         8       110    0.2458
        16         8       111    0.2122
        16         8       112    0.1004
        16         8       113  0.009157
        16         8       114   0.02343
        16         8       115    0.1394
        16         8       116    0.2665
        16         8       117     0.304
        16         8       118    0.2244
        16         8       119   0.09221
        16         8       120  0.006615
        18         9         1    0.1921
        18         9         2    0.1313
        18         9         3    0.0512
        18         9         4  0.002316
        18         9         5   0.02134
        18         9         6    0.1064
        18         9         7    0.2146
        18         9         8    0.2852
        18         9         9    0.2761
        18         9        10     0.191
        18         9        11   0.07901
        18         9        12  0.006549
        18         9        13   0.01773
        18         9        14    0.1081
        18         9        15    0.2274
        18         9        16    0.3089
        18         9        17    0.3085
        18         9        18    0.2279
        18         9        19    0.1122
        18         9        20   0.02254
        18         9        21  0.002522
        18         9        22   0.05683
        18         9        23    0.1521
        18         9        24    0.2375
        18         9        25    0.2713
        18         9        26      0.24
        18         9        27    0.1617
        18         9        28   0.07361
        18         9        29   0.01334
        18         9        30   0.00211
        18         9        31   0.03785
        18         9        32   0.09912
        18         9        33    0.1566
        18         9        34    0.1859
        18         9        35    0.1769
        18         9        36    0.1356
        18         9        37    0.0798
        18         9        38   0.03034
        18         9        39  0.003091
        18         9        40  0.003732
        18         9        41   0.02728
        18         9        42   0.06159
        18         9        43   0.09278
        18         9        44    0.1101
        18         9        45     0.109
        18         9        46   0.09117
        18         9        47   0.06319
        18         9        48   0.03376
        18         9        49   0.01104
        18         9        50 0.0004708
        18         9        51  0.003585
        18         9        52   0.01778
        18         9        53   0.03719
        18         9        54   0.05456
        18         9        55   0.06356
        18         9        56    0.0611
        18         9        57   0.04836
        18         9        58   0.03029
        18         9        59   0.01336
        18         9        60  0.002726
        18         9        61 6.189e-005
        18         9        62  0.003253
        18         9        63  0.008018
        18         9        64   0.01048
        18         9        65  0.009177
        18         9        66  0.005373
        18         9        67  0.001681
        18         9        68 4.375e-005
        18         9        69 0.0004763
        18         9        70  0.001391
        18         9        71  0.001223
        18         9        72 0.0001702
        18         9        73 0.0007237
        18         9        74    0.0064
        18         9        75   0.01923
        18         9        76   0.03749
        18         9        77   0.05522
        18         9        78   0.06442
        18         9        79    0.0592
        18         9        80   0.04003
        18         9        81   0.01558
        18         9        82  0.000522
        18         9        83  0.009273
        18         9        84   0.04819
        18         9        85      0.11
        18         9        86    0.1743
        18         9        87    0.2148
        18         9        88    0.2119
        18         9        89    0.1639
        18         9        90   0.09036
        18         9        91   0.02511
        18         9        92 2.017e-005
        18         9        93   0.02794
        18         9        94   0.09441
        18         9        95    0.1641
        18         9        96    0.1996
        18         9        97    0.1821
        18         9        98    0.1223
        18         9        99   0.05277
        18         9       100   0.00778
        18         9       101  0.002461
        18         9       102   0.02541
        18         9       103   0.04946
        18         9       104   0.05246
        18         9       105   0.03283
        18         9       106  0.008401
        18         9       107 0.0003266
        18         9       108   0.01497
        18         9       109   0.03867
        18         9       110   0.04963
        18         9       111   0.03715
        18         9       112   0.01224
        18         9       113 6.781e-005
        18         9       114   0.01973
        18         9       115   0.06728
        18         9       116    0.1161
        18         9       117    0.1351
        18         9       118    0.1112
        18         9       119   0.05956
        18         9       120   0.01325
        20        10         1    0.1024
        20        10         2   0.05425
        20        10         3   0.01224
        20        10         4 0.0009931
        20        10         5   0.03041
        20        10         6   0.08873
        20        10         7    0.1473
        20        10         8    0.1754
        20        10         9     0.157
        20        10        10    0.1008
        20        10        11     0.037
        20        10        12  0.001368
        20        10        13   0.01628
        20        10        14   0.07773
        20        10        15    0.1566
        20        10        16    0.2134
        20        10        17    0.2189
        20        10        18      0.17
        20        10        19   0.09121
        20        10        20   0.02286
        20        10        21 0.0004299
        20        10        22   0.03683
        20        10        23    0.1162
        20        10        24    0.2018
        20        10        25    0.2542
        20        10        26    0.2498
        20        10        27    0.1914
        20        10        28    0.1058
        20        10        29   0.03143
        20        10        30 0.0001179
        20        10        31   0.02403
        20        10        32   0.09133
        20        10        33    0.1726
        20        10        34     0.234
        20        10        35    0.2515
        20        10        36    0.2196
        20        10        37    0.1524
        20        10        38   0.07623
        20        10        39   0.01916
        20        10        40 7.321e-005
        20        10        41   0.02268
        20        10        42   0.07553
        20        10        43    0.1374
        20        10        44    0.1858
        20        10        45    0.2044
        20        10        46    0.1885
        20        10        47    0.1449
        20        10        48   0.08899
        20        10        49   0.03827
        20        10        50   0.00681
        20        10        51 0.0009477
        20        10        52   0.01815
        20        10        53   0.04893
        20        10        54    0.0808
        20        10        55    0.1027
        20        10        56    0.1085
        20        10        57   0.09798
        20        10        58   0.07603
        20        10        59   0.05003
        20        10        60   0.02682
        20        10        61    0.0106
        20        10        62  0.002243
        20        10        63 1.85e-006
        20        10        64  0.001069
        20        10        65  0.003003
        20        10        66  0.004498
        20        10        67  0.005369
        20        10        68  0.006101
        20        10        69  0.007436
        20        10        70   0.01028
        20        10        71   0.01575
        20        10        72   0.02506
        20        10        73   0.03877
        20        10        74   0.05579
        20        10        75   0.07255
        20        10        76    0.0834
        20        10        77    0.0826
        20        10        78   0.06744
        20        10        79   0.04119
        20        10        80   0.01392
        20        10        81 9.083e-005
        20        10        82   0.01299
        20        10        83   0.05813
        20        10        84    0.1287
        20        10        85    0.2055
        20        10        86    0.2636
        20        10        87    0.2814
        20        10        88    0.2505
        20        10        89    0.1808
        20        10        90   0.09704
        20        10        91   0.02926
        20        10        92  0.000355
        20        10        93   0.01657
        20        10        94   0.06556
        20        10        95    0.1229
        20        10        96    0.1634
        20        10        97    0.1721
        20        10        98    0.1489
        20        10        99    0.1061
        20        10       100    0.0609
        20        10       101   0.02633
        20        10       102  0.007196
        20        10       103 0.0005824
        20        10       104  0.000212
        20        10       105 0.0009605
        20        10       106 0.0008754
        20        10       107 0.0003326
        20        10       108 4.171e-005
        20        10       109 1.065e-005
        20        10       110 0.0002303
        20        10       111  0.002005
        20        10       112  0.008111
        20        10       113   0.02095
        20        10       114   0.03976
        20        10       115   0.05922
        20        10       116   0.07112
        20        10       117   0.06879
        20        10       118   0.05166
        20        10       119   0.02684
        20        10       120  0.006195
        22        11         1    0.0413
        22        11         2   0.01687
        22        11         3  0.001565
        22        11         4  0.003217
        22        11         5   0.02151
        22        11         6   0.04765
        22        11         7   0.06847
        22        11         8   0.07302
        22        11         9   0.05846
        22        11        10   0.03204
        22        11        11  0.007957
        22        11        12  0.000272
        22        11        13   0.01551
        22        11        14   0.04867
        22        11        15   0.08508
        22        11        16    0.1073
        22        11        17    0.1038
        22        11        18   0.07555
        22        11        19   0.03617
        22        11        20  0.005993
        22        11        21  0.002537
        22        11        22   0.03169
        22        11        23   0.08417
        22        11        24    0.1391
        22        11        25     0.173
        22        11        26    0.1707
        22        11        27    0.1326
        22        11        28   0.07464
        22        11        29   0.02245
        22        11        30 4.926e-005
        22        11        31   0.01965
        22        11        32   0.07632
        22        11        33    0.1497
        22        11        34    0.2122
        22        11        35    0.2401
        22        11        36    0.2228
        22        11        37     0.167
        22        11        38   0.09369
        22        11        39   0.03046
        22        11        40 0.0007033
        22        11        41    0.0154
        22        11        42   0.06953
        22        11        43    0.1444
        22        11        44    0.2149
        22        11        45    0.2579
        22        11        46    0.2605
        22        11        47    0.2232
        22        11        48    0.1589
        22        11        49   0.08789
        22        11        50   0.03077
        22        11        51  0.002108
        22        11        52   0.00667
        22        11        53   0.03917
        22        11        54   0.08707
        22        11        55    0.1352
        22        11        56    0.1705
        22        11        57    0.1851
        22        11        58    0.1775
        22        11        59    0.1519
        22        11        60    0.1158
        22        11        61   0.07725
        22        11        62   0.04318
        22        11        63   0.01802
        22        11        64  0.003672
        22        11        65 0.0001162
        22        11        66  0.006189
        22        11        67   0.02033
        22        11        68   0.04097
        22        11        69   0.06655
        22        11        70   0.09526
        22        11        71    0.1246
        22        11        72     0.151
        22        11        73    0.1699
        22        11        74    0.1765
        22        11        75     0.167
        22        11        76    0.1403
        22        11        77   0.09979
        22        11        78   0.05415
        22        11        79   0.01619
        22        11        80 1.883e-005
        22        11        81    0.0166
        22        11        82   0.06929
        22        11        83     0.151
        22        11        84    0.2446
        22        11        85    0.3268
        22        11        86    0.3752
        22        11        87    0.3753
        22        11        88     0.326
        22        11        89    0.2404
        22        11        90    0.1421
        22        11        91   0.05772
        22        11        92  0.008321
        22        11        93  0.003382
        22        11        94   0.03859
        22        11        95   0.09854
        22        11        96    0.1627
        22        11        97    0.2122
        22        11        98    0.2353
        22        11        99    0.2292
        22        11       100    0.1991
        22        11       101     0.155
        22        11       102    0.1073
        22        11       103   0.06469
        22        11       104   0.03207
        22        11       105   0.01116
        22        11       106  0.001314
        22        11       107 0.0007879
        22        11       108  0.007609
        22        11       109      0.02
        22        11       110   0.03631
        22        11       111   0.05469
        22        11       112   0.07277
        22        11       113   0.08753
        22        11       114   0.09567
        22        11       115    0.0945
        22        11       116   0.08302
        22        11       117    0.0629
        22        11       118   0.03859
        22        11       119   0.01639
        22        11       120   0.00253
        24        12         1   0.01581
        24        12         2  0.006284
        24        12         3 0.0006803
        24        12         4 0.0007401
        24        12         5  0.005453
        24        12         6   0.01162
        24        12         7    0.0155
        24        12         8   0.01477
        24        12         9  0.009795
        24        12        10  0.003532
        24        12        11 6.227e-005
        24        12        12  0.002393
        24        12        13   0.01067
        24        12        14   0.02176
        24        12        15   0.03056
        24        12        16    0.0325
        24        12        17    0.0261
        24        12        18   0.01421
        24        12        19  0.003238
        24        12        20  0.000367
        24        12        21   0.01014
        24        12        22   0.03179
        24        12        23   0.05883
        24        12        24   0.08131
        24        12        25   0.08987
        24        12        26   0.08011
        24        12        27   0.05515
        24        12        28   0.02513
        24        12        29  0.003676
        24        12        30  0.002481
        24        12        31   0.02629
        24        12        32   0.07029
        24        12        33    0.1213
        24        12        34     0.162
        24        12        35    0.1779
        24        12        36    0.1624
        24        12        37    0.1202
        24        12        38   0.06605
        24        12        39   0.01992
        24        12        40 7.588e-005
        24        12        41   0.01668
        24        12        42   0.06805
        24        12        43    0.1409
        24        12        44    0.2146
        24        12        45    0.2676
        24        12        46    0.2844
        24        12        47    0.2601
        24        12        48    0.2022
        24        12        49    0.1274
        24        12        50   0.05714
        24        12        51   0.01096
        24        12        52  0.001336
        24        12        53   0.03062
        24        12        54   0.09104
        24        12        55    0.1673
        24        12        56    0.2411
        24        12        57    0.2957
        24        12        58    0.3194
        24        12        59    0.3084
        24        12        60    0.2662
        24        12        61    0.2027
        24        12        62    0.1312
        24        12        63   0.06596
        24        12        64   0.01943
        24        12        65 0.0002327
        24        12        66   0.01215
        24        12        67   0.05373
        24        12        68    0.1187
        24        12        69    0.1968
        24        12        70    0.2753
        24        12        71    0.3408
        24        12        72    0.3812
        24        12        73    0.3879
        24        12        74    0.3581
        24        12        75    0.2954
        24        12        76    0.2108
        24        12        77     0.121
        24        12        78   0.04587
        24        12        79  0.004094
        24        12        80  0.009045
        24        12        81   0.06475
        24        12        82    0.1639
        24        12        83    0.2883
        24        12        84    0.4127
        24        12        85    0.5099
        24        12        86    0.5578
        24        12        87    0.5449
        24        12        88    0.4736
        24        12        89    0.3598
        24        12        90    0.2292
        24        12        91    0.1105
        24        12        92   0.02903
        24        12        93 6.538e-006
        24        12        94   0.02587
        24        12        95   0.09633
        24        12        96    0.1917
        24        12        97    0.2885
        24        12        98    0.3648
        24        12        99    0.4052
        24        12       100    0.4035
        24        12       101    0.3626
        24        12       102    0.2929
        24        12       103    0.2091
        24        12       104    0.1268
        24        12       105   0.05945
        24        12       106   0.01595
        24        12       107 8.701e-005
        24        12       108   0.01036
        24        12       109   0.04097
        24        12       110    0.0832
        24        12       111    0.1272
        24        12       112    0.1636
        24        12       113    0.1852
        24        12       114     0.188
        24        12       115    0.1719
        24        12       116    0.1406
        24        12       117    0.1005
        24        12       118   0.05989
        24        12       119   0.02636
        24        12       120  0.005649
        26        13         1   0.00967
        26        13         2  0.006276
        26        13         3  0.003253
        26        13         4  0.001219
        26        13         5 0.0002509
        26        13         6 5.086e-006
        26        13         7 1.777e-005
        26        13         8 9.108e-006
        26        13         9 2.756e-005
        26        13        10 0.0003567
        26        13        11  0.001244
        26        13        12  0.002623
        26        13        13  0.004009
        26        13        14  0.004688
        26        13        15  0.004128
        26        13        16  0.002436
        26        13        17 0.0005662
        26        13        18 0.0001199
        26        13        19  0.002706
        26        13        20  0.009103
        26        13        21   0.01859
        26        13        22   0.02882
        26        13        23   0.03647
        26        13        24   0.03847
        26        13        25    0.0334
        26        13        26   0.02253
        26        13        27   0.00988
        26        13        28  0.001146
        26        13        29  0.001732
        26        13        30   0.01456
        26        13        31    0.0385
        26        13        32   0.06808
        26        13        33   0.09489
        26        13        34    0.1102
        26        13        35    0.1083
        26        13        36    0.0886
        26        13        37    0.0569
        26        13        38   0.02402
        26        13        39  0.002756
        26        13        40    0.0038
        26        13        41   0.03202
        26        13        42   0.08432
        26        13        43    0.1498
        26        13        44    0.2127
        26        13        45    0.2562
        26        13        46    0.2682
        26        13        47    0.2444
        26        13        48    0.1902
        26        13        49      0.12
        26        13        50   0.05302
        26        13        51  0.009029
        26        13        52  0.002597
        26        13        53   0.03943
        26        13        54    0.1146
        26        13        55    0.2137
        26        13        56     0.316
        26        13        57    0.3993
        26        13        58    0.4453
        26        13        59    0.4436
        26        13        60    0.3942
        26        13        61    0.3075
        26        13        62    0.2022
        26        13        63    0.1015
        26        13        64   0.02825
        26        13        65 3.05e-005
        26        13        66   0.02585
        26        13        67     0.104
        26        13        68    0.2221
        26        13        69    0.3593
        26        13        70    0.4903
        26        13        71    0.5899
        26        13        72    0.6381
        26        13        73    0.6244
        26        13        74    0.5501
        26        13        75    0.4289
        26        13        76    0.2844
        26        13        77    0.1461
        26        13        78   0.04364
        26        13        79 0.0004724
        26        13        80   0.02885
        26        13        81    0.1267
        26        13        82    0.2775
        26        13        83    0.4531
        26        13        84    0.6193
        26        13        85    0.7429
        26        13        86    0.7989
        26        13        87    0.7758
        26        13        88     0.678
        26        13        89    0.5255
        26        13        90     0.349
        26        13        91    0.1834
        26        13        92   0.06067
        26        13        93  0.003012
        26        13        94   0.01845
        26        13        95   0.09976
        26        13        96    0.2266
        26        13        97    0.3705
        26        13        98    0.5008
        26        13        99    0.5915
        26        13       100    0.6258
        26        13       101    0.5989
        26        13       102    0.5186
        26        13       103    0.4018
        26        13       104    0.2713
        26        13       105    0.1506
        26        13       106   0.05899
        26        13       107  0.008698
        26        13       108  0.002822
        26        13       109   0.03577
        26        13       110   0.09513
        26        13       111    0.1648
        26        13       112    0.2283
        26        13       113    0.2721
        26        13       114    0.2883
        26        13       115    0.2749
        26        13       116    0.2362
        26        13       117    0.1811
        26        13       118    0.1208
        26        13       119   0.06623
        26        13       120   0.02577
        28        14         1   0.01148
        28        14         2   0.01161
        28        14         3   0.01103
        28        14         4  0.009995
        28        14         5  0.008749
        28        14         6  0.007473
        28        14         7  0.006269
        28        14         8  0.005163
        28        14         9  0.004131
        28        14        10  0.003131
        28        14        11  0.002136
        28        14        12   0.00118
        28        14        13 0.0003898
        28        14        14 4.282e-006
        28        14        15 0.0003461
        28        14        16  0.001739
        28        14        17  0.004372
        28        14        18  0.008142
        28        14        19   0.01255
        28        14        20    0.0167
        28        14        21   0.01949
        28        14        22    0.0199
        28        14        23   0.01746
        28        14        24   0.01254
        28        14        25  0.006516
        28        14        26  0.001561
        28        14        27 8.997e-005
        28        14        28  0.003981
        28        14        29   0.01378
        28        14        30   0.02822
        28        14        31   0.04421
        28        14        32   0.05754
        28        14        33   0.06408
        28        14        34   0.06119
        28        14        35    0.0489
        28        14        36   0.03048
        28        14        37   0.01198
        28        14        38 0.0008434
        28        14        39  0.003828
        28        14        40   0.02479
        28        14        41   0.06302
        28        14        42    0.1128
        28        14        43    0.1641
        28        14        44    0.2052
        28        14        45    0.2253
        28        14        46    0.2182
        28        14        47    0.1841
        28        14        48    0.1303
        28        14        49   0.07071
        28        14        50   0.02199
        28        14        51 0.0002075
        28        14        52   0.01644
        28        14        53    0.0736
        28        14        54     0.165
        28        14        55    0.2752
        28        14        56    0.3829
        28        14        57    0.4659
        28        14        58    0.5056
        28        14        59    0.4921
        28        14        60    0.4266
        28        14        61    0.3221
        28        14        62    0.2009
        28        14        63   0.09044
        28        14        64   0.01748
        28        14        65   0.00239
        28        14        66   0.05442
        28        14        67    0.1692
        28        14        68     0.329
        28        14        69    0.5059
        28        14        70    0.6668
        28        14        71    0.7806
        28        14        72    0.8241
        28        14        73    0.7873
        28        14        74    0.6761
        28        14        75    0.5113
        28        14        76    0.3254
        28        14        77     0.156
        28        14        78   0.03889
        28        14        79 0.0001796
        28        14        80   0.05128
        28        14        81     0.186
        28        14        82    0.3816
        28        14        83    0.6025
        28        14        84    0.8078
        28        14        85    0.9587
        28        14        86     1.027
        28        14        87    0.9989
        28        14        88    0.8807
        28        14        89    0.6947
        28        14        90    0.4761
        28        14        91    0.2655
        28        14        92    0.1013
        28        14        93   0.01187
        28        14        94   0.01046
        28        14        95    0.0931
        28        14        96    0.2399
        28        14        97    0.4196
        28        14        98    0.5959
        28        14        99    0.7349
        28        14       100    0.8111
        28        14       101    0.8124
        28        14       102    0.7408
        28        14       103    0.6118
        28        14       104    0.4503
        28        14       105     0.285
        28        14       106    0.1433
        28        14       107   0.04549
        28        14       108  0.002171
        28        14       109   0.01285
        28        14       110   0.06714
        28        14       111    0.1477
        28        14       112    0.2343
        28        14       113    0.3078
        28        14       114    0.3538
        28        14       115    0.3648
        28        14       116    0.3411
        28        14       117    0.2891
        28        14       118    0.2202
        28        14       119    0.1473
        28        14       120   0.08227
        30        15         1   0.01653
        30        15         2   0.01944
        30        15         3   0.02119
        30        15         4   0.02159
        30        15         5   0.02065
        30        15         6   0.01851
        30        15         7   0.01545
        30        15         8   0.01183
        30        15         9  0.008076
        30        15        10  0.004639
        30        15        11  0.001943
        30        15        12 0.0003417
        30        15        13 6.145e-005
        30        15        14   0.00115
        30        15        15  0.003436
        30        15        16   0.00652
        30        15        17  0.009805
        30        15        18   0.01259
        30        15        19   0.01419
        30        15        20   0.01414
        30        15        21    0.0123
        30        15        22  0.009018
        30        15        23  0.005099
        30        15        24  0.001691
        30        15        25 3.089e-005
        30        15        26  0.001106
        30        15        27   0.00531
        30        15        28    0.0122
        30        15        29   0.02046
        30        15        30   0.02812
        30        15        31   0.03303
        30        15        32   0.03348
        30        15        33   0.02888
        30        15        34   0.02016
        30        15        35  0.009908
        30        15        36  0.001943
        30        15        37 0.0004789
        30        15        38  0.008995
        30        15        39   0.02907
        30        15        40   0.05955
        30        15        41   0.09627
        30        15        42    0.1327
        30        15        43     0.161
        30        15        44    0.1743
        30        15        45    0.1682
        30        15        46    0.1426
        30        15        47    0.1024
        30        15        48   0.05705
        30        15        49   0.01887
        30        15        50 0.0004025
        30        15        51    0.0115
        30        15        52   0.05653
        30        15        53    0.1327
        30        15        54    0.2296
        30        15        55    0.3313
        30        15        56    0.4185
        30        15        57    0.4732
        30        15        58    0.4828
        30        15        59    0.4431
        30        15        60    0.3602
        30        15        61    0.2505
        30        15        62    0.1371
        30        15        63   0.04629
        30        15        64  0.001795
        30        15        65   0.01954
        30        15        66    0.1038
        30        15        67    0.2456
        30        15        68    0.4234
        30        15        69    0.6072
        30        15        70    0.7635
        30        15        71    0.8626
        30        15        72    0.8843
        30        15        73    0.8225
        30        15        74    0.6874
        30        15        75    0.5038
        30        15        76    0.3068
        30        15        77    0.1358
        30        15        78   0.02621
        30        15        79  0.003144
        30        15        80   0.07572
        30        15        81    0.2351
        30        15        82    0.4558
        30        15        83       0.7
        30        15        84    0.9248
        30        15        85      1.09
        30        15        86     1.166
        30        15        87      1.14
        30        15        88     1.015
        30        15        89    0.8146
        30        15        90    0.5747
        30        15        91    0.3376
        30        15        92    0.1443
        30        15        93   0.02692
        30        15        94  0.003148
        30        15        95   0.07319
        30        15        96    0.2204
        30        15        97    0.4149
        30        15        98    0.6194
        30        15        99    0.7964
        30        15       100    0.9149
        30        15       101    0.9557
        30        15       102    0.9141
        30        15       103    0.7998
        30        15       104    0.6346
        30        15       105    0.4473
        30        15       106    0.2682
        30        15       107    0.1237
        30        15       108   0.03193
        30        15       109 4.733e-005
        30        15       110    0.0243
        30        15       111   0.09157
        30        15       112    0.1827
        30        15       113    0.2767
        30        15       114    0.3545
        30        15       115     0.402
        30        15       116    0.4126
        30        15       117    0.3868
        30        15       118    0.3316
        30        15       119    0.2581
        30        15       120    0.1792
