         2         1         1   0.01352
         2         1         2  0.006912
         2         1         3   0.03224
         2         1         4     0.319
         2         1         5    0.7058
         2         1         6    0.7323
         2         1         7    0.3136
         2         1         8  0.007723
         2         1         9   0.08043
         2         1        10    0.2382
         2         1        11    0.3727
         2         1        12    0.2999
         2         1        13   0.08229
         2         1        14   0.03015
         2         1        15    0.1169
         2         1        16    0.1439
         2         1        17 0.0007231
         2         1        18    0.1323
         2         1        19    0.1865
         2         1        20   0.06984
         2         1        21 0.0009149
         2         1        22   0.05671
         2         1        23     0.214
         2         1        24    0.2915
         2         1        25   0.09688
         2         1        26    0.2099
         2         1        27     2.359
         2         1        28     4.551
         2         1        29     3.759
         2         1        30     2.146
         2         1        31     1.236
         2         1        32    0.6403
         2         1        33    0.2198
         2         1        34   0.05687
         2         1        35   0.03175
         2         1        36 0.0003458
         2         1        37     0.303
         2         1        38     1.024
         2         1        39      0.26
         2         1        40     0.368
         2         1        41     1.452
         2         1        42      1.02
         2         1        43    0.3321
         2         1        44   0.06705
         2         1        45 0.0003767
         2         1        46   0.03325
         2         1        47   0.08321
         2         1        48    0.1014
         2         1        49    0.2032
         2         1        50    0.5955
         2         1        51    0.8463
         2         1        52    0.2965
         2         1        53   0.01587
         2         1        54    0.1072
         2         1        55    0.8249
         2         1        56     1.762
         2         1        57     2.458
         2         1        58     2.845
         2         1        59     2.046
         2         1        60    0.4067
         2         1        61    0.1234
         2         1        62    0.8565
         2         1        63    0.9136
         2         1        64    0.9532
         2         1        65     2.484
         2         1        66     7.448
         2         1        67     11.37
         2         1        68     5.824
         2         1        69    0.2522
         2         1        70    0.4254
         2         1        71    0.2254
         2         1        72   0.03848
         2         1        73    0.2699
         2         1        74    0.2318
         2         1        75    0.2182
         2         1        76    0.4091
         2         1        77    0.7176
         2         1        78    0.7293
         2         1        79    0.4197
         2         1        80    0.2357
         2         1        81    0.3327
         2         1        82    0.8607
         2         1        83     1.946
         2         1        84     2.642
         2         1        85     1.685
         2         1        86     0.567
         2         1        87    0.7013
         2         1        88     3.021
         2         1        89     6.517
         2         1        90     5.828
         2         1        91     2.276
         2         1        92    0.3564
         2         1        93   0.02788
         2         1        94    0.1056
         2         1        95    0.6564
         2         1        96     1.138
         2         1        97    0.6267
         2         1        98     0.101
         2         1        99  0.004658
         2         1       100   0.03723
         2         1       101    0.7914
         2         1       102     2.696
         2         1       103     2.876
         2         1       104    0.9609
         2         1       105  0.001818
         2         1       106    0.4007
         2         1       107    0.8658
         2         1       108    0.8654
         2         1       109    0.4178
         2         1       110   0.00676
         2         1       111    0.3601
         2         1       112     1.332
         2         1       113     1.771
         2         1       114    0.8154
         2         1       115   0.01065
         2         1       116     1.571
         2         1       117     3.495
         2         1       118     2.651
         2         1       119    0.9595
         2         1       120    0.2414
         4         2         1  0.009761
         4         2         2    0.1373
         4         2         3  0.004579
         4         2         4   0.03599
         4         2         5    0.0137
         4         2         6   0.03686
         4         2         7    0.1118
         4         2         8    0.3025
         4         2         9   0.08981
         4         2        10    0.7278
         4         2        11 0.0001742
         4         2        12     1.336
         4         2        13   0.05708
         4         2        14     1.896
         4         2        15    0.0897
         4         2        16     1.892
         4         2        17   0.05965
         4         2        18      1.13
         4         2        19   0.05019
         4         2        20    0.2625
         4         2        21    0.0391
         4         2        22   0.01175
         4         2        23  0.006208
         4         2        24    0.5939
         4         2        25    0.3122
         4         2        26     1.935
         4         2        27    0.6677
         4         2        28     2.457
         4         2        29    0.4813
         4         2        30     1.397
         4         2        31    0.1301
         4         2        32    0.6726
         4         2        33   0.01843
         4         2        34     1.124
         4         2        35    0.5655
         4         2        36     3.301
         4         2        37     1.694
         4         2        38     5.622
         4         2        39     2.404
         4         2        40     4.396
         4         2        41     1.796
         4         2        42     1.589
         4         2        43    0.7208
         4         2        44    0.3042
         4         2        45    0.2706
         4         2        46   0.02069
         4         2        47    0.4151
         4         2        48   0.02519
         4         2        49     1.463
         4         2        50    0.1667
         4         2        51     3.509
         4         2        52    0.2337
         4         2        53     4.381
         4         2        54   0.09818
         4         2        55     2.963
         4         2        56  0.005756
         4         2        57     1.492
         4         2        58   0.02168
         4         2        59    0.8956
         4         2        60    0.3148
         4         2        61    0.3364
         4         2        62    0.5153
         4         2        63    0.1409
         4         2        64   0.02519
         4         2        65     3.334
         4         2        66    0.8371
         4         2        67     7.695
         4         2        68     3.565
         4         2        69     5.361
         4         2        70     4.555
         4         2        71     1.009
         4         2        72     2.541
         4         2        73 0.0004169
         4         2        74    0.5589
         4         2        75    0.1057
         4         2        76  0.001259
         4         2        77    0.1147
         4         2        78     0.095
         4         2        79   0.06853
         4         2        80   0.02391
         4         2        81   0.08752
         4         2        82    0.1487
         4         2        83    0.4526
         4         2        84     0.752
         4         2        85     1.875
         4         2        86    0.6538
         4         2        87     3.743
         4         2        88   0.05157
         4         2        89     3.324
         4         2        90   0.05453
         4         2        91     1.013
         4         2        92  0.000495
         4         2        93   0.03724
         4         2        94    0.4194
         4         2        95 3.881e-005
         4         2        96     1.574
         4         2        97   0.09112
         4         2        98     2.668
         4         2        99    0.3844
         4         2       100     3.097
         4         2       101    0.6457
         4         2       102     1.951
         4         2       103    0.6911
         4         2       104    0.3942
         4         2       105    0.4242
         4         2       106  0.004017
         4         2       107     0.194
         4         2       108   0.00297
         4         2       109   0.09584
         4         2       110 0.0005883
         4         2       111    0.0168
         4         2       112   0.04048
         4         2       113   0.01861
         4         2       114    0.1341
         4         2       115    0.4375
         4         2       116   0.08236
         4         2       117      1.44
         4         2       118  0.007963
         4         2       119     1.175
         4         2       120   0.00146
         6         3         1    0.2086
         6         3         2    0.2074
         6         3         3   0.02067
         6         3         4    0.4913
         6         3         5    0.2129
         6         3         6    0.1619
         6         3         7    0.6943
         6         3         8   0.04988
         6         3         9    0.4388
         6         3        10    0.4153
         6         3        11   0.03814
         6         3        12    0.3808
         6         3        13  0.008405
         6         3        14    0.1854
         6         3        15   0.01078
         6         3        16    0.1887
         6         3        17   0.02553
         6         3        18    0.3277
         6         3        19    0.2662
         6         3        20     0.206
         6         3        21    0.9501
         6         3        22   0.01955
         6         3        23     1.115
         6         3        24    0.8847
         6         3        25    0.2465
         6         3        26     2.024
         6         3        27     0.311
         6         3        28     1.172
         6         3        29     2.235
         6         3        30   0.03404
         6         3        31     1.934
         6         3        32     2.419
         6         3        33  0.004965
         6         3        34     2.715
         6         3        35     3.049
         6         3        36   0.01013
         6         3        37      3.72
         6         3        38     2.484
         6         3        39    0.2494
         6         3        40     2.953
         6         3        41    0.6445
         6         3        42    0.5451
         6         3        43    0.8958
         6         3        44  0.007735
         6         3        45    0.5903
         6         3        46   0.03783
         6         3        47    0.7225
         6         3        48    0.8142
         6         3        49    0.1436
         6         3        50     2.386
         6         3        51     0.938
         6         3        52    0.8055
         6         3        53     3.367
         6         3        54    0.5214
         6         3        55     1.072
         6         3        56     2.294
         6         3        57    0.3663
         6         3        58    0.2284
         6         3        59     1.031
         6         3        60     1.111
         6         3        61    0.2683
         6         3        62    0.4859
         6         3        63     3.196
         6         3        64     1.917
         6         3        65    0.3348
         6         3        66     4.612
         6         3        67     2.296
         6         3        68    0.2963
         6         3        69     2.643
         6         3        70    0.7202
         6         3        71    0.1163
         6         3        72    0.3023
         6         3        73   0.01395
         6         3        74 6.328e-005
         6         3        75   0.05837
         6         3        76   0.03291
         6         3        77   0.07623
         6         3        78    0.2613
         6         3        79   0.01382
         6         3        80    0.1937
         6         3        81    0.1732
         6         3        82   0.01841
         6         3        83    0.1668
         6         3        84  0.005707
         6         3        85    0.0475
         6         3        86 4.834e-005
         6         3        87   0.04744
         6         3        88   0.01851
         6         3        89    0.2787
         6         3        90   0.03978
         6         3        91    0.2342
         6         3        92    0.3409
         6         3        93  0.007476
         6         3        94   0.05721
         6         3        95   0.04377
         6         3        96   0.09045
         6         3        97    0.2091
         6         3        98    0.0028
         6         3        99    0.5917
         6         3       100    0.8612
         6         3       101 0.0003046
         6         3       102    0.8713
         6         3       103    0.7362
         6         3       104 4.806e-006
         6         3       105    0.4337
         6         3       106    0.3922
         6         3       107   0.02249
         6         3       108    0.1112
         6         3       109    0.2901
         6         3       110    0.1493
         6         3       111 9.101e-005
         6         3       112    0.1984
         6         3       113    0.4933
         6         3       114    0.2697
         6         3       115   0.04119
         6         3       116    0.9766
         6         3       117    0.9858
         6         3       118 0.0008195
         6         3       119    0.9323
         6         3       120    0.9228
         8         4         1   0.06561
         8         4         2  0.004732
         8         4         3   0.03338
         8         4         4   0.07368
         8         4         5   0.01209
         8         4         6   0.02415
         8         4         7   0.07749
         8         4         8   0.02185
         8         4         9   0.01246
         8         4        10   0.07111
         8         4        11   0.03713
         8         4        12 0.0009295
         8         4        13   0.04405
         8         4        14    0.0428
         8         4        15  0.001277
         8         4        16   0.02582
         8         4        17   0.04909
         8         4        18  0.008724
         8         4        19   0.01322
         8         4        20   0.04536
         8         4        21   0.01158
         8         4        22  0.007096
         8         4        23   0.01998
         8         4        24 9.517e-005
         8         4        25   0.03136
         8         4        26   0.01025
         8         4        27   0.04486
         8         4        28    0.1771
         8         4        29   0.03789
         8         4        30    0.1338
         8         4        31    0.5295
         8         4        32    0.1896
         8         4        33    0.1352
         8         4        34    0.9723
         8         4        35    0.6491
         8         4        36  0.009235
         8         4        37    0.9722
         8         4        38     1.281
         8         4        39    0.1918
         8         4        40    0.2757
         8         4        41     1.123
         8         4        42     0.777
         8         4        43   0.04589
         8         4        44    0.2474
         8         4        45    0.7952
         8         4        46    0.6381
         8         4        47   0.06195
         8         4        48    0.2463
         8         4        49    0.9596
         8         4        50    0.6482
         8         4        51 4.283e-005
         8         4        52     0.714
         8         4        53     1.066
         8         4        54    0.1047
         8         4        55    0.5458
         8         4        56     1.515
         8         4        57    0.4039
         8         4        58    0.4309
         8         4        59     2.568
         8         4        60     1.805
         8         4        61  0.003567
         8         4        62     2.585
         8         4        63     4.462
         8         4        64     1.278
         8         4        65    0.4453
         8         4        66      4.03
         8         4        67     3.952
         8         4        68    0.5214
         8         4        69     0.695
         8         4        70     2.748
         8         4        71     1.884
         8         4        72    0.1404
         8         4        73    0.3487
         8         4        74    0.9561
         8         4        75    0.5197
         8         4        76    0.0211
         8         4        77    0.1053
         8         4        78    0.1931
         8         4        79    0.0561
         8         4        80  0.002104
         8         4        81   0.02883
         8         4        82  0.004087
         8         4        83   0.02167
         8         4        84   0.06641
         8         4        85   0.01927
         8         4        86     0.028
         8         4        87    0.2182
         8         4        88     0.283
         8         4        89   0.06355
         8         4        90   0.06771
         8         4        91     0.491
         8         4        92    0.5666
         8         4        93    0.1002
         8         4        94    0.1426
         8         4        95    0.7813
         8         4        96    0.6944
         8         4        97   0.04576
         8         4        98    0.3353
         8         4        99    0.9933
         8         4       100    0.5435
         8         4       101 7.528e-005
         8         4       102    0.4723
         8         4       103    0.6541
         8         4       104    0.1119
         8         4       105   0.09128
         8         4       106    0.3152
         8         4       107   0.05969
         8         4       108    0.1212
         8         4       109     0.443
         8         4       110    0.1317
         8         4       111    0.1617
         8         4       112     1.126
         8         4       113     1.116
         8         4       114   0.08034
         8         4       115    0.6225
         8         4       116     2.056
         8         4       117     1.435
         8         4       118   0.05799
         8         4       119    0.6183
         8         4       120     1.516
        10         5         1   0.01157
        10         5         2  0.005388
        10         5         3 0.0005897
        10         5         4 3.049e-005
        10         5         5 1.457e-005
        10         5         6 0.0001805
        10         5         7 0.0003476
        10         5         8 6.522e-006
        10         5         9  0.001504
        10         5        10  0.003948
        10         5        11  0.003047
        10         5        12 0.0004448
        10         5        13 0.0001742
        10         5        14 0.0004599
        10         5        15 1.806e-006
        10         5        16  0.001198
        10         5        17  0.002268
        10         5        18 0.0004869
        10         5        19  0.001215
        10         5        20  0.008925
        10         5        21   0.01514
        10         5        22  0.009889
        10         5        23   0.00067
        10         5        24  0.004941
        10         5        25   0.02081
        10         5        26   0.02297
        10         5        27  0.005489
        10         5        28  0.003363
        10         5        29   0.02842
        10         5        30   0.03016
        10         5        31  0.001702
        10         5        32   0.02816
        10         5        33    0.1012
        10         5        34   0.07919
        10         5        35  0.001081
        10         5        36   0.09448
        10         5        37    0.2832
        10         5        38    0.2271
        10         5        39   0.01853
        10         5        40   0.09796
        10         5        41     0.375
        10         5        42    0.3376
        10         5        43   0.05338
        10         5        44   0.05592
        10         5        45    0.3081
        10         5        46    0.3086
        10         5        47    0.0691
        10         5        48   0.01753
        10         5        49    0.1646
        10         5        50    0.1944
        10         5        51   0.08185
        10         5        52  0.008304
        10         5        53 0.0005043
        10         5        54  0.002986
        10         5        55    0.0118
        10         5        56   0.07523
        10         5        57    0.2601
        10         5        58    0.3984
        10         5        59    0.1901
        10         5        60   0.01332
        10         5        61    0.6506
        10         5        62     1.566
        10         5        63     1.266
        10         5        64    0.1565
        10         5        65    0.3797
        10         5        66     1.948
        10         5        67     2.339
        10         5        68    0.8922
        10         5        69  0.002501
        10         5        70    0.9012
        10         5        71     1.784
        10         5        72     1.187
        10         5        73     0.172
        10         5        74     0.098
        10         5        75    0.5836
        10         5        76    0.6467
        10         5        77     0.263
        10         5        78  0.007663
        10         5        79   0.07836
        10         5        80    0.2326
        10         5        81    0.2527
        10         5        82      0.14
        10         5        83   0.02032
        10         5        84   0.02021
        10         5        85    0.1686
        10         5        86    0.3257
        10         5        87    0.2877
        10         5        88   0.08044
        10         5        89   0.01186
        10         5        90     0.223
        10         5        91    0.3895
        10         5        92    0.2232
        10         5        93  0.006803
        10         5        94    0.1183
        10         5        95    0.3296
        10         5        96    0.2279
        10         5        97   0.01071
        10         5        98    0.1188
        10         5        99    0.3962
        10         5       100    0.3743
        10         5       101    0.1019
        10         5       102  0.008234
        10         5       103    0.1907
        10         5       104    0.3737
        10         5       105    0.3711
        10         5       106     0.231
        10         5       107   0.07018
        10         5       108  0.001155
        10         5       109    0.1661
        10         5       110    0.6107
        10         5       111     1.001
        10         5       112    0.8037
        10         5       113    0.1668
        10         5       114    0.1114
        10         5       115     1.066
        10         5       116     1.855
        10         5       117     1.315
        10         5       118     0.221
        10         5       119    0.1309
        10         5       120    0.9577
        12         6         1   0.01289
        12         6         2   0.01992
        12         6         3   0.01956
        12         6         4   0.01304
        12         6         5  0.005332
        12         6         6 0.0006848
        12         6         7 0.0003265
        12         6         8  0.002921
        12         6         9  0.006229
        12         6        10  0.008516
        12         6        11  0.009092
        12         6        12  0.008099
        12         6        13  0.006018
        12         6        14   0.00339
        12         6        15 0.0009677
        12         6        16 1.629e-005
        12         6        17  0.002005
        12         6        18  0.007154
        12         6        19   0.01289
        12         6        20   0.01483
        12         6        21   0.01085
        12         6        22  0.004082
        12         6        23 0.0001609
        12         6        24   0.00114
        12         6        25  0.003973
        12         6        26  0.005218
        12         6        27   0.00481
        12         6        28  0.004614
        12         6        29  0.005992
        12         6        30  0.008965
        12         6        31   0.01054
        12         6        32  0.006191
        12         6        33 8.447e-005
        12         6        34   0.00938
        12         6        35   0.04213
        12         6        36   0.07211
        12         6        37   0.06181
        12         6        38   0.01936
        12         6        39 0.0006505
        12         6        40    0.0328
        12         6        41   0.06842
        12         6        42   0.05317
        12         6        43    0.0102
        12         6        44  0.004689
        12         6        45   0.03945
        12         6        46   0.05063
        12         6        47   0.01616
        12         6        48  0.003846
        12         6        49   0.07203
        12         6        50    0.1646
        12         6        51    0.1665
        12         6        52   0.06432
        12         6        53 0.0006162
        12         6        54    0.1205
        12         6        55    0.3688
        12         6        56    0.4964
        12         6        57    0.3349
        12         6        58   0.05696
        12         6        59   0.05184
        12         6        60    0.4511
        12         6        61    0.8656
        12         6        62    0.7896
        12         6        63    0.2827
        12         6        64   0.00127
        12         6        65    0.3842
        12         6        66     1.019
        12         6        67     1.123
        12         6        68    0.5666
        12         6        69   0.04252
        12         6        70    0.1403
        12         6        71    0.6101
        12         6        72    0.7815
        12         6        73    0.4618
        12         6        74   0.07882
        12         6        75   0.01886
        12         6        76    0.1704
        12         6        77    0.2106
        12         6        78   0.08421
        12         6        79 3.116e-005
        12         6        80   0.06739
        12         6        81    0.1521
        12         6        82    0.1113
        12         6        83   0.01359
        12         6        84   0.02972
        12         6        85    0.1765
        12         6        86    0.2849
        12         6        87    0.2265
        12         6        88   0.07662
        12         6        89 0.0003509
        12         6        90    0.0397
        12         6        91   0.09204
        12         6        92    0.0758
        12         6        93   0.02482
        12         6        94 0.0009762
        12         6        95 0.0005479
        12         6        96  0.001104
        12         6        97   0.03218
        12         6        98    0.1151
        12         6        99    0.1731
        12         6       100    0.1127
        12         6       101  0.006908
        12         6       102   0.08127
        12         6       103    0.4293
        12         6       104    0.8001
        12         6       105    0.8054
        12         6       106    0.3913
        12         6       107   0.01617
        12         6       108    0.2209
        12         6       109    0.9842
        12         6       110     1.617
        12         6       111     1.444
        12         6       112    0.6071
        12         6       113   0.01267
        12         6       114    0.3652
        12         6       115      1.33
        12         6       116     1.864
        12         6       117     1.392
        12         6       118    0.4435
        12         6       119 4.474e-006
        12         6       120    0.3717
        14         7         1   0.02406
        14         7         2   0.04302
        14         7         3    0.0515
        14         7         4   0.04441
        14         7         5   0.02635
        14         7         6  0.008166
        14         7         7 4.441e-005
        14         7         8  0.005777
        14         7         9   0.02132
        14         7        10   0.03776
        14         7        11   0.04634
        14         7        12   0.04285
        14         7        13   0.02934
        14         7        14   0.01281
        14         7        15  0.001638
        14         7        16  0.001373
        14         7        17   0.01185
        14         7        18   0.02722
        14         7        19     0.039
        14         7        20   0.04069
        14         7        21   0.03135
        14         7        22   0.01612
        14         7        23  0.003397
        14         7        24 0.0003891
        14         7        25  0.009357
        14         7        26   0.02635
        14         7        27   0.04287
        14         7        28   0.04978
        14         7        29   0.04234
        14         7        30   0.02385
        14         7        31  0.005513
        14         7        32 0.0005556
        14         7        33   0.01502
        14         7        34   0.04157
        14         7        35   0.06294
        14         7        36   0.06447
        14         7        37    0.0457
        14         7        38   0.02024
        14         7        39  0.003457
        14         7        40 0.0002539
        14         7        41  0.004509
        14         7        42  0.008332
        14         7        43  0.009388
        14         7        44   0.01009
        14         7        45   0.01399
        14         7        46    0.0248
        14         7        47   0.04423
        14         7        48   0.06469
        14         7        49   0.06739
        14         7        50   0.04028
        14         7        51  0.004843
        14         7        52   0.01351
        14         7        53   0.09861
        14         7        54    0.2173
        14         7        55     0.268
        14         7        56    0.1904
        14         7        57   0.05164
        14         7        58   0.00402
        14         7        59    0.1283
        14         7        60    0.3249
        14         7        61    0.3966
        14         7        62    0.2593
        14         7        63   0.05439
        14         7        64    0.0158
        14         7        65    0.2191
        14         7        66    0.4867
        14         7        67    0.5644
        14         7        68    0.3812
        14         7        69    0.1145
        14         7        70 2.826e-005
        14         7        71    0.1034
        14         7        72    0.2874
        14         7        73    0.3756
        14         7        74     0.314
        14         7        75    0.1785
        14         7        76   0.06657
        14         7        77   0.01394
        14         7        78 0.0008706
        14         7        79  0.000107
        14         7        80 0.0007131
        14         7        81  0.002741
        14         7        82   0.01239
        14         7        83   0.04319
        14         7        84    0.1052
        14         7        85     0.184
        14         7        86    0.2379
        14         7        87     0.228
        14         7        88    0.1546
        14         7        89    0.0614
        14         7        90   0.00447
        14         7        91   0.01474
        14         7        92    0.0863
        14         7        93    0.1894
        14         7        94    0.2885
        14         7        95    0.3506
        14         7        96    0.3478
        14         7        97    0.2663
        14         7        98    0.1288
        14         7        99   0.01387
        14         7       100   0.03497
        14         7       101    0.2595
        14         7       102     0.612
        14         7       103    0.8683
        14         7       104    0.8083
        14         7       105    0.4376
        14         7       106   0.06134
        14         7       107   0.06895
        14         7       108    0.5673
        14         7       109     1.212
        14         7       110     1.461
        14         7       111     1.074
        14         7       112     0.378
        14         7       113  0.001669
        14         7       114    0.2986
        14         7       115     1.007
        14         7       116     1.489
        14         7       117     1.327
        14         7       118    0.6829
        14         7       119    0.1133
        14         7       120   0.03569
        16         8         1   0.04896
        16         8         2   0.07815
        16         8         3   0.09038
        16         8         4   0.07834
        16         8         5     0.048
        16         8         6   0.01594
        16         8         7 0.0002068
        16         8         8   0.01012
        16         8         9   0.04091
        16         8        10   0.07622
        16         8        11   0.09713
        16         8        12    0.0925
        16         8        13   0.06495
        16         8        14   0.02924
        16         8        15  0.004181
        16         8        16  0.002401
        16         8        17   0.02366
        16         8        18    0.0552
        16         8        19   0.07885
        16         8        20   0.08111
        16         8        21   0.06063
        16         8        22   0.02908
        16         8        23  0.004693
        16         8        24  0.002027
        16         8        25   0.02351
        16         8        26   0.05767
        16         8        27   0.08531
        16         8        28   0.09044
        16         8        29   0.06971
        16         8        30   0.03485
        16         8        31  0.006315
        16         8        32  0.001795
        16         8        33   0.02614
        16         8        34   0.06866
        16         8        35    0.1091
        16         8        36    0.1283
        16         8        37    0.1181
        16         8        38    0.0838
        16         8        39   0.04125
        16         8        40  0.008918
        16         8        41 0.0006446
        16         8        42   0.02107
        16         8        43   0.06448
        16         8        44    0.1164
        16         8        45    0.1575
        16         8        46    0.1699
        16         8        47    0.1449
        16         8        48   0.09047
        16         8        49   0.03166
        16         8        50 0.0006664
        16         8        51   0.01793
        16         8        52   0.07526
        16         8        53    0.1356
        16         8        54    0.1556
        16         8        55    0.1184
        16         8        56    0.0503
        16         8        57  0.003486
        16         8        58   0.01324
        16         8        59   0.06574
        16         8        60    0.1078
        16         8        61   0.09529
        16         8        62    0.0384
        16         8        63 0.0001273
        16         8        64   0.04243
        16         8        65    0.1657
        16         8        66    0.2968
        16         8        67    0.3423
        16         8        68    0.2645
        16         8        69    0.1169
        16         8        70  0.009513
        16         8        71   0.03112
        16         8        72    0.1887
        16         8        73    0.4057
        16         8        74    0.5739
        16         8        75    0.6166
        16         8        76    0.5239
        16         8        77    0.3456
        16         8        78    0.1584
        16         8        79   0.03093
        16         8        80  0.003361
        16         8        81   0.08169
        16         8        82    0.2419
        16         8        83    0.4375
        16         8        84    0.6089
        16         8        85    0.6973
        16         8        86    0.6642
        16         8        87    0.5104
        16         8        88    0.2868
        16         8        89   0.08407
        16         8        90 1.967e-007
        16         8        91   0.09302
        16         8        92    0.3447
        16         8        93    0.6539
        16         8        94    0.8754
        16         8        95    0.8902
        16         8        96    0.6769
        16         8        97    0.3389
        16         8        98   0.06268
        16         8        99   0.01592
        16         8       100     0.239
        16         8       101    0.6022
        16         8       102    0.8717
        16         8       103    0.8596
        16         8       104    0.5626
        16         8       105    0.1835
        16         8       106   0.00032
        16         8       107    0.1635
        16         8       108    0.5702
        16         8       109    0.9262
        16         8       110    0.9625
        16         8       111    0.6466
        16         8       112    0.2162
        16         8       113 0.0009821
        16         8       114    0.1674
        16         8       115    0.5896
        16         8       116    0.9505
        16         8       117    0.9869
        16         8       118    0.6838
        16         8       119    0.2671
        16         8       120   0.01732
        18         9         1   0.08031
        18         9         2    0.1085
        18         9         3     0.113
        18         9         4   0.09067
        18         9         5   0.05161
        18         9         6   0.01513
        18         9         7 3.229e-006
        18         9         8   0.01454
        18         9         9   0.05189
        18         9        10   0.09321
        18         9        11    0.1173
        18         9        12     0.112
        18         9        13   0.07999
        18         9        14   0.03792
        18         9        15  0.006893
        18         9        16  0.001314
        18         9        17   0.02131
        18         9        18   0.05309
        18         9        19   0.07702
        18         9        20   0.07877
        18         9        21   0.05737
        18         9        22   0.02572
        18         9        23  0.003023
        18         9        24  0.003703
        18         9        25   0.02879
        18         9        26   0.06493
        18         9        27   0.09166
        18         9        28    0.0931
        18         9        29   0.06751
        18         9        30   0.02941
        18         9        31  0.002579
        18         9        32  0.007571
        18         9        33   0.05016
        18         9        34    0.1169
        18         9        35    0.1804
        18         9        36     0.212
        18         9        37    0.1962
        18         9        38    0.1388
        18         9        39   0.06551
        18         9        40   0.01118
        18         9        41  0.003753
        18         9        42   0.05096
        18         9        43    0.1357
        18         9        44    0.2231
        18         9        45    0.2758
        18         9        46    0.2713
        18         9        47    0.2124
        18         9        48    0.1255
        18         9        49   0.04669
        18         9        50    0.0044
        18         9        51  0.005461
        18         9        52   0.03438
        18         9        53   0.06467
        18         9        54   0.07537
        18         9        55    0.0621
        18         9        56   0.03614
        18         9        57    0.0134
        18         9        58  0.002276
        18         9        59 3.775e-005
        18         9        60 3.141e-005
        18         9        61  0.002653
        18         9        62   0.01916
        18         9        63   0.06273
        18         9        64    0.1325
        18         9        65    0.2039
        18         9        66     0.238
        18         9        67    0.2059
        18         9        68    0.1165
        18         9        69   0.02406
        18         9        70  0.007604
        18         9        71    0.1281
        18         9        72    0.3877
        18         9        73    0.7158
        18         9        74    0.9928
        18         9        75     1.103
        18         9        76    0.9918
        18         9        77    0.6952
        18         9        78    0.3333
        18         9        79   0.06293
        18         9        80   0.01284
        18         9        81    0.2287
        18         9        82    0.6502
        18         9        83      1.13
        18         9        84     1.489
        18         9        85     1.586
        18         9        86     1.378
        18         9        87    0.9416
        18         9        88    0.4463
        18         9        89   0.08891
        18         9        90  0.009842
        18         9        91    0.2297
        18         9        92    0.6363
        18         9        93     1.033
        18         9        94     1.228
        18         9        95     1.129
        18         9        96    0.7868
        18         9        97    0.3688
        18         9        98   0.06986
        18         9        99  0.008343
        18         9       100    0.1654
        18         9       101    0.4027
        18         9       102    0.5506
        18         9       103    0.5115
        18         9       104    0.3167
        18         9       105   0.09905
        18         9       106 0.0002984
        18         9       107   0.07555
        18         9       108    0.2583
        18         9       109      0.41
        18         9       110    0.4187
        18         9       111    0.2783
        18         9       112   0.09229
        18         9       113 0.0002813
        18         9       114   0.07931
        18         9       115    0.2896
        18         9       116    0.5015
        18         9       117    0.5828
        18         9       118    0.4856
        18         9       119    0.2735
        18         9       120   0.07531
        20        10         1   0.09817
        20        10         2    0.1155
        20        10         3    0.1094
        20        10         4    0.0816
        20        10         5   0.04375
        20        10         6   0.01204
        20        10         7 1.233e-006
        20        10         8   0.01214
        20        10         9   0.04176
        20        10        10   0.07424
        20        10        11   0.09406
        20        10        12   0.09223
        20        10        13    0.0703
        20        10        14   0.03897
        20        10        15   0.01229
        20        10        16 0.0003304
        20        10        17  0.004513
        20        10        18    0.0177
        20        10        19     0.029
        20        10        20    0.0303
        20        10        21    0.0209
        20        10        22  0.007593
        20        10        23 0.0001294
        20        10        24  0.004906
        20        10        25   0.02052
        20        10        26   0.03808
        20        10        27   0.04635
        20        10        28   0.03903
        20        10        29   0.01992
        20        10        30  0.002566
        20        10        31  0.004097
        20        10        32   0.03576
        20        10        33   0.09527
        20        10        34    0.1653
        20        10        35    0.2196
        20        10        36    0.2348
        20        10        37     0.202
        20        10        38    0.1327
        20        10        39    0.0558
        20        10        40  0.006025
        20        10        41  0.009115
        20        10        42   0.07033
        20        10        43    0.1715
        20        10        44    0.2784
        20        10        45    0.3542
        20        10        46    0.3744
        20        10        47    0.3353
        20        10        48    0.2531
        20        10        49    0.1561
        20        10        50   0.07197
        20        10        51   0.01866
        20        10        52 0.0001489
        20        10        53  0.009231
        20        10        54   0.03376
        20        10        55   0.06291
        20        10        56   0.09071
        20        10        57    0.1164
        20        10        58    0.1426
        20        10        59    0.1729
        20        10        60    0.2095
        20        10        61    0.2513
        20        10        62    0.2908
        20        10        63    0.3146
        20        10        64    0.3062
        20        10        65    0.2539
        20        10        66    0.1622
        20        10        67   0.06035
        20        10        68  0.001277
        20        10        69   0.04652
        20        10        70    0.2395
        20        10        71    0.5773
        20        10        72    0.9958
        20        10        73     1.379
        20        10        74     1.597
        20        10        75     1.558
        20        10        76     1.253
        20        10        77    0.7768
        20        10        78    0.3028
        20        10        79   0.02352
        20        10        80   0.07478
        20        10        81    0.4755
        20        10        82      1.11
        20        10        83     1.767
        20        10        84     2.211
        20        10        85     2.283
        20        10        86     1.954
        20        10        87     1.345
        20        10        88    0.6764
        20        10        89    0.1777
        20        10        90 6.386e-008
        20        10        91    0.1587
        20        10        92    0.5361
        20        10        93    0.9395
        20        10        94     1.187
        20        10        95     1.184
        20        10        96    0.9491
        20        10        97    0.5949
        20        10        98    0.2627
        20        10        99   0.05583
        20        10       100   0.00037
        20        10       101   0.04908
        20        10       102    0.1213
        20        10       103    0.1522
        20        10       104    0.1237
        20        10       105    0.0625
        20        10       106   0.01242
        20        10       107  0.001086
        20        10       108   0.02341
        20        10       109   0.05028
        20        10       110   0.05381
        20        10       111   0.03011
        20        10       112   0.00341
        20        10       113  0.008771
        20        10       114   0.06564
        20        10       115    0.1607
        20        10       116     0.252
        20        10       117    0.2929
        20        10       118    0.2602
        20        10       119    0.1692
        20        10       120    0.0668
        22        11         1   0.09904
        22        11         2    0.1075
        22        11         3   0.09745
        22        11         4   0.07224
        22        11         5    0.0408
        22        11         6   0.01407
        22        11         7 0.0007429
        22        11         8  0.003947
        22        11         9   0.02036
        22        11        10   0.04194
        22        11        11   0.05957
        22        11        12   0.06671
        22        11        13   0.06169
        22        11        14   0.04762
        22        11        15   0.03027
        22        11        16    0.0152
        22        11        17  0.005475
        22        11        18  0.001096
        22        11        19 3.309e-005
        22        11        20 3.076e-005
        22        11        21 1.64e-006
        22        11        22 0.0002291
        22        11        23  0.001434
        22        11        24  0.003547
        22        11        25  0.005243
        22        11        26  0.004824
        22        11        27  0.002091
        22        11        28 7.417e-007
        22        11        29  0.004754
        22        11        30   0.02361
        22        11        31   0.06097
        22        11        32    0.1146
        22        11        33    0.1738
        22        11        34     0.222
        22        11        35     0.242
        22        11        36    0.2234
        22        11        37    0.1687
        22        11        38   0.09494
        22        11        39   0.02915
        22        11        40 6.982e-005
        22        11        41   0.02771
        22        11        42    0.1154
        22        11        43    0.2475
        22        11        44    0.3932
        22        11        45    0.5161
        22        11        46    0.5849
        22        11        47    0.5827
        22        11        48    0.5112
        22        11        49    0.3893
        22        11        50    0.2469
        22        11        51    0.1172
        22        11        52   0.02866
        22        11        53  0.000171
        22        11        54   0.03858
        22        11        55    0.1393
        22        11        56    0.2883
        22        11        57    0.4646
        22        11        58    0.6426
        22        11        59    0.7943
        22        11        60    0.8923
        22        11        61    0.9136
        22        11        62    0.8449
        22        11        63    0.6893
        22        11        64    0.4713
        22        11        65     0.239
        22        11        66   0.05874
        22        11        67  0.001877
        22        11        68    0.1248
        22        11        69    0.4462
        22        11        70    0.9303
        22        11        71     1.484
        22        11        72     1.975
        22        11        73     2.265
        22        11        74     2.255
        22        11        75     1.927
        22        11        76     1.361
        22        11        77    0.7192
        22        11        78    0.2065
        22        11        79 0.0002192
        22        11        80    0.1902
        22        11        81    0.7415
        22        11        82     1.499
        22        11        83     2.236
        22        11        84     2.726
        22        11        85     2.819
        22        11        86     2.493
        22        11        87     1.855
        22        11        88     1.103
        22        11        89    0.4543
        22        11        90   0.07204
        22        11        91   0.01694
        22        11        92     0.238
        22        11        93    0.6039
        22        11        94    0.9582
        22        11        95     1.176
        22        11        96     1.199
        22        11        97     1.046
        22        11        98    0.7834
        22        11        99    0.4984
        22        11       100    0.2596
        22        11       101    0.1014
        22        11       102   0.02268
        22        11       103 0.0003216
        22        11       104   0.00563
        22        11       105   0.01703
        22        11       106    0.0244
        22        11       107    0.0267
        22        11       108   0.02704
        22        11       109   0.02902
        22        11       110   0.03569
        22        11       111   0.04988
        22        11       112   0.07388
        22        11       113    0.1075
        22        11       114    0.1459
        22        11       115    0.1788
        22        11       116    0.1936
        22        11       117    0.1808
        22        11       118    0.1401
        22        11       119   0.08314
        22        11       120   0.02992
        24        12         1   0.09854
        24        12         2    0.1043
        24        12         3   0.09561
        24        12         4   0.07489
        24        12         5   0.04813
        24        12         6   0.02277
        24        12         7  0.005446
        24        12         8 3.449e-005
        24        12         9  0.006761
        24        12        10   0.02253
        24        12        11   0.04227
        24        12        12   0.06063
        24        12        13   0.07354
        24        12        14   0.07905
        24        12        15   0.07732
        24        12        16   0.07001
        24        12        17   0.05941
        24        12        18   0.04763
        24        12        19   0.03617
        24        12        20   0.02583
        24        12        21   0.01685
        24        12        22  0.009308
        24        12        23  0.003485
        24        12        24  0.000238
        24        12        25  0.001305
        24        12        26  0.009345
        24        12        27   0.02754
        24        12        28   0.05864
        24        12        29    0.1035
        24        12        30    0.1595
        24        12        31    0.2198
        24        12        32    0.2731
        24        12        33    0.3066
        24        12        34    0.3086
        24        12        35    0.2739
        24        12        36    0.2066
        24        12        37     0.122
        24        12        38   0.04445
        24        12        39  0.002055
        24        12        40   0.01914
        24        12        41    0.1084
        24        12        42    0.2654
        24        12        43    0.4674
        24        12        44    0.6766
        24        12        45     0.849
        24        12        46    0.9447
        24        12        47    0.9385
        24        12        48    0.8274
        24        12        49    0.6331
        24        12        50    0.3985
        24        12        51    0.1797
        24        12        52   0.03365
        24        12        53  0.006091
        24        12        54    0.1204
        24        12        55    0.3711
        24        12        56    0.7225
        24        12        57     1.114
        24        12        58     1.469
        24        12        59     1.714
        24        12        60      1.79
        24        12        61      1.67
        24        12        62      1.37
        24        12        63    0.9505
        24        12        64    0.5071
        24        12        65    0.1548
        24        12        66  0.001204
        24        12        67    0.1187
        24        12        68     0.521
        24        12        69     1.151
        24        12        70     1.887
        24        12        71     2.566
        24        12        72     3.022
        24        12        73     3.133
        24        12        74     2.857
        24        12        75     2.249
        24        12        76     1.459
        24        12        77    0.6925
        24        12        78    0.1568
        24        12        79  0.005087
        24        12        80    0.2892
        24        12        81    0.9428
        24        12        82     1.797
        24        12        83     2.627
        24        12        84     3.217
        24        12        85     3.415
        24        12        86     3.179
        24        12        87     2.583
        24        12        88     1.785
        24        12        89    0.9851
        24        12        90     0.365
        24        12        91   0.03994
        24        12        92   0.03675
        24        12        93     0.297
        24        12        94    0.7045
        24        12        95     1.125
        24        12        96     1.442
        24        12        97     1.588
        24        12        98     1.547
        24        12        99      1.35
        24        12       100     1.058
        24        12       101    0.7375
        24        12       102    0.4458
        24        12       103    0.2201
        24        12       104   0.07533
        24        12       105  0.008492
        24        12       106  0.005215
        24        12       107   0.04652
        24        12       108    0.1138
        24        12       109    0.1912
        24        12       110    0.2665
        24        12       111    0.3303
        24        12       112    0.3757
        24        12       113     0.397
        24        12       114    0.3909
        24        12       115    0.3567
        24        12       116    0.2977
        24        12       117    0.2215
        24        12       118    0.1401
        24        12       119   0.06767
        24        12       120   0.01789
        26        13         1    0.1072
        26        13         2    0.1123
        26        13         3    0.1043
        26        13         4   0.08486
        26        13         5    0.0586
        26        13         6   0.03172
        26        13         7   0.01062
        26        13         8 0.0004519
        26        13         9  0.003944
        26        13        10   0.02093
        26        13        11   0.04854
        26        13        12   0.08192
        26        13        13    0.1153
        26        13        14    0.1432
        26        13        15     0.161
        26        13        16    0.1662
        26        13        17     0.158
        26        13        18    0.1376
        26        13        19    0.1082
        26        13        20   0.07408
        26        13        21   0.04077
        26        13        22   0.01429
        26        13        23 0.0007214
        26        13        24  0.005463
        26        13        25   0.03238
        26        13        26    0.0828
        26        13        27    0.1546
        26        13        28    0.2413
        26        13        29    0.3325
        26        13        30    0.4142
        26        13        31    0.4715
        26        13        32    0.4908
        26        13        33     0.464
        26        13        34    0.3914
        26        13        35    0.2841
        26        13        36    0.1636
        26        13        37   0.05929
        26        13        38  0.003146
        26        13        39   0.02238
        26        13        40    0.1321
        26        13        41    0.3294
        26        13        42     0.591
        26        13        43    0.8751
        26        13        44     1.129
        26        13        45     1.299
        26        13        46     1.345
        26        13        47     1.249
        26        13        48     1.023
        26        13        49    0.7123
        26        13        50    0.3858
        26        13        51    0.1242
        26        13        52  0.002556
        26        13        53    0.0723
        26        13        54    0.3466
        26        13        55    0.7936
        26        13        56     1.339
        26        13        57     1.878
        26        13        58     2.299
        26        13        59     2.505
        26        13        60     2.441
        26        13        61      2.11
        26        13        62     1.577
        26        13        63    0.9591
        26        13        64    0.4046
        26        13        65   0.05926
        26        13        66   0.03145
        26        13        67    0.3629
        26        13        68     1.013
        26        13        69     1.863
        26        13        70     2.737
        26        13        71     3.442
        26        13        72     3.816
        26        13        73     3.763
        26        13        74     3.286
        26        13        75      2.49
        26        13        76     1.556
        26        13        77    0.7067
        26        13        78    0.1454
        26        13        79   0.01061
        26        13        80    0.3395
        26        13        81     1.058
        26        13        82     1.999
        26        13        83     2.944
        26        13        84     3.675
        26        13        85     4.027
        26        13        86     3.931
        26        13        87     3.416
        26        13        88     2.609
        26        13        89     1.691
        26        13        90    0.8569
        26        13        91    0.2651
        26        13        92  0.008781
        26        13        93   0.09822
        26        13        94     0.468
        26        13        95    0.9999
        26        13        96     1.555
        26        13        97     2.005
        26        13        98     2.261
        26        13        99     2.285
        26        13       100      2.09
        26        13       101     1.728
        26        13       102     1.278
        26        13       103    0.8231
        26        13       104    0.4337
        26        13       105    0.1587
        26        13       106   0.01949
        26        13       107   0.01129
        26        13       108    0.1086
        26        13       109    0.2729
        26        13       110    0.4612
        26        13       111    0.6333
        26        13       112    0.7575
        26        13       113    0.8145
        26        13       114    0.7983
        26        13       115    0.7159
        26        13       116    0.5843
        26        13       117    0.4272
        26        13       118    0.2705
        26        13       119    0.1376
        26        13       120   0.04573
        28        14         1    0.1196
        28        14         2    0.1205
        28        14         3    0.1084
        28        14         4   0.08555
        28        14         5   0.05661
        28        14         6   0.02819
        28        14         7  0.007308
        28        14         8 2.972e-005
        28        14         9   0.01012
        28        14        10   0.03813
        28        14        11   0.08112
        28        14        12     0.133
        28        14        13    0.1855
        28        14        14    0.2297
        28        14        15    0.2573
        28        14        16    0.2628
        28        14        17    0.2441
        28        14        18    0.2036
        28        14        19     0.148
        28        14        20   0.08775
        28        14        21   0.03548
        28        14        22  0.004188
        28        14        23  0.004935
        28        14        24   0.04463
        28        14        25    0.1242
        28        14        26    0.2374
        28        14        27     0.371
        28        14        28     0.506
        28        14        29    0.6205
        28        14        30    0.6931
        28        14        31    0.7074
        28        14        32    0.6564
        28        14        33     0.545
        28        14        34    0.3914
        28        14        35    0.2254
        28        14        36   0.08436
        28        14        37  0.006334
        28        14        38   0.02219
        28        14        39     0.148
        28        14        40    0.3792
        28        14        41    0.6886
        28        14        42     1.029
        28        14        43     1.341
        28        14        44     1.562
        28        14        45     1.645
        28        14        46     1.564
        28        14        47     1.327
        28        14        48     0.976
        28        14        49     0.584
        28        14        50    0.2398
        28        14        51   0.03123
        28        14        52   0.02542
        28        14        53    0.2515
        28        14        54    0.6903
        28        14        55     1.274
        28        14        56     1.897
        28        14        57     2.436
        28        14        58     2.775
        28        14        59     2.835
        28        14        60     2.592
        28        14        61     2.089
        28        14        62      1.43
        28        14        63    0.7604
        28        14        64    0.2401
        28        14        65  0.004818
        28        14        66    0.1349
        28        14        67    0.6337
        28        14        68     1.422
        28        14        69      2.35
        28        14        70     3.231
        28        14        71     3.879
        28        14        72     4.149
        28        14        73     3.978
        28        14        74     3.396
        28        14        75     2.524
        28        14        76     1.551
        28        14        77    0.6913
        28        14        78    0.1363
        28        14        79   0.01344
        28        14        80    0.3563
        28        14        81     1.097
        28        14        82      2.08
        28        14        83     3.099
        28        14        84     3.942
        28        14        85     4.435
        28        14        86     4.481
        28        14        87      4.08
        28        14        88      3.32
        28        14        89      2.36
        28        14        90     1.393
        28        14        91    0.5996
        28        14        92    0.1166
        28        14        93  0.009004
        28        14        94    0.2624
        28        14        95    0.7921
        28        14        96     1.466
        28        14        97     2.133
        28        14        98     2.659
        28        14        99     2.945
        28        14       100      2.95
        28        14       101     2.687
        28        14       102     2.218
        28        14       103     1.637
        28        14       104     1.046
        28        14       105    0.5391
        28        14       106    0.1847
        28        14       107   0.01546
        28        14       108   0.02812
        28        14       109    0.1881
        28        14       110    0.4397
        28        14       111    0.7189
        28        14       112    0.9652
        28        14       113     1.132
        28        14       114     1.194
        28        14       115     1.145
        28        14       116     1.003
        28        14       117    0.7974
        28        14       118    0.5659
        28        14       119     0.346
        28        14       120    0.1683
        30        15         1    0.1184
        30        15         2    0.1101
        30        15         3   0.09054
        30        15         4    0.0634
        30        15         5   0.03461
        30        15         6   0.01124
        30        15         7 0.0002273
        30        15         8  0.006846
        30        15         9   0.03343
        30        15        10   0.07854
        30        15        11    0.1368
        30        15        12    0.1997
        30        15        13    0.2565
        30        15        14    0.2968
        30        15        15     0.312
        30        15        16    0.2977
        30        15        17     0.255
        30        15        18    0.1908
        30        15        19    0.1175
        30        15        20   0.05091
        30        15        21  0.008014
        30        15        22   0.00363
        30        15        23   0.04727
        30        15        24    0.1406
        30        15        25    0.2761
        30        15        26    0.4371
        30        15        27    0.6002
        30        15        28    0.7383
        30        15        29    0.8259
        30        15        30    0.8441
        30        15        31    0.7852
        30        15        32    0.6557
        30        15        33     0.477
        30        15        34     0.283
        30        15        35     0.115
        30        15        36   0.01425
        30        15        37   0.01391
        30        15        38    0.1311
        30        15        39    0.3616
        30        15        40    0.6782
        30        15        41     1.033
        30        15        42     1.366
        30        15        43     1.616
        30        15        44      1.73
        30        15        45      1.68
        30        15        46     1.468
        30        15        47      1.13
        30        15        48    0.7317
        30        15        49    0.3556
        30        15        50   0.08829
        30        15        51 0.0007898
        30        15        52    0.1321
        30        15        53    0.4786
        30        15        54    0.9909
        30        15        55     1.581
        30        15        56     2.138
        30        15        57      2.55
        30        15        58     2.728
        30        15        59     2.629
        30        15        60     2.263
        30        15        61       1.7
        30        15        62     1.059
        30        15        63    0.4778
        30        15        64   0.09451
        30        15        65   0.01066
        30        15        66    0.2699
        30        15        67     0.845
        30        15        68      1.64
        30        15        69     2.508
        30        15        70     3.279
        30        15        71     3.797
        30        15        72     3.952
        30        15        73     3.707
        30        15        74     3.106
        30        15        75     2.269
        30        15        76     1.368
        30        15        77    0.5914
        30        15        78    0.1055
        30        15        79   0.01971
        30        15        80     0.363
        30        15        81     1.077
        30        15        82     2.028
        30        15        83     3.034
        30        15        84     3.901
        30        15        85     4.464
        30        15        86     4.617
        30        15        87     4.334
        30        15        88     3.676
        30        15        89     2.771
        30        15        90     1.789
        30        15        91    0.9089
        30        15        92    0.2833
        30        15        93  0.009129
        30        15        94    0.1126
        30        15        95    0.5481
        30        15        96     1.211
        30        15        97     1.961
        30        15        98     2.649
        30        15        99      3.15
        30        15       100     3.377
        30        15       101     3.302
        30        15       102      2.95
        30        15       103     2.394
        30        15       104     1.735
        30        15       105     1.083
        30        15       106    0.5379
        30        15       107    0.1684
        30        15       108  0.007623
        30        15       109   0.04892
        30        15       110     0.252
        30        15       111    0.5536
        30        15       112    0.8815
        30        15       113     1.168
        30        15       114     1.361
        30        15       115     1.431
        30        15       116     1.374
        30        15       117     1.209
        30        15       118    0.9697
        30        15       119    0.6992
        30        15       120    0.4397
