Mo da yda   time   FoF2   foEs    foE   foF1   fbEs
 3 27  86  22.00   3.10   1.80                     
 3 27  86  23.00   3.20   1.90                     
 3 27  86   0.00   3.30   1.20                     
 3 27  86   1.00   3.10   1.50                     
 3 27  86   2.00   2.90   1.60                     
 3 27  86   3.00   3.80   1.70   1.70              
 3 27  86   4.00   4.40   2.30   2.10              
 3 27  86   5.00   4.70   2.90   2.40              
 3 27  86   6.00   5.30   2.90   2.65   4.10       
 3 27  86   7.00   6.30   3.20   2.80   4.00       
 3 27  86   8.00   6.10   3.10   3.00   4.20       
 3 27  86   9.00   5.90   3.00   3.00   4.20       
 3 27  86  10.00   5.80   3.00   3.00   4.10       
 3 27  86  11.00   6.00   2.80   2.85   4.00       
 3 27  86  12.00   5.60   2.00   2.60   3.90       
 3 27  86  13.00   5.20   2.40   2.20              
 3 27  86  14.00   5.40   2.00   1.80              
 3 27  86  15.00   5.30   1.50   1.50              
 3 27  86  16.00   4.70   1.50                     
 3 27  86  17.00   4.40   1.50                     
 3 27  86  18.00   3.70   1.60                     
 3 27  86  19.00   2.80   1.50                     
 3 27  86  20.00   2.50   1.60                     
 3 27  86  21.00   2.70   2.00                     
