Mo da yda   time   FoF2   foEs    foE   foF1   fbEs
 3  6  65  22.00   2.00   1.60                     
 3  6  65  23.00   1.90   1.60                     
 3  6  65   0.00   1.90   1.70                     
 3  6  65   3.00   2.30   1.50   1.50              
 3  6  65   4.00   3.00   2.00   1.70              
 3  6  65   5.00   3.70   2.00   2.10              
 3  6  65   6.00   3.90   2.50   2.50   3.50       
 3  6  65   7.00   3.90   2.70   2.70              
 3  6  65   8.00   4.40   2.80   2.70   3.80       
 3  6  65   9.00   4.40   2.70   2.70   3.80       
 3  6  65  10.00   4.30   2.70   2.70   3.90       
 3  6  65  11.00   4.60   2.50   2.50              
 3  6  65  12.00   4.40   2.20   2.20              
 3  6  65  13.00   4.50   1.90   1.90              
 3  6  65  14.00   4.20   1.70   1.70              
 3  6  65  15.00   3.60   1.50                     
 3  6  65  16.00   3.30   1.50                     
 3  6  65  17.00   3.00   1.50                     
 3  6  65  18.00   2.50   1.50                     
 3  6  65  19.00   2.20   1.70                     
 3  6  65  20.00   2.10   1.50                     
 3  6  65  21.00   2.10   1.30                     
