Mo da yda   time   FoF2   foEs    foE   foF1   fbEs
 3 24  83  22.00   3.40   1.50                     
 3 24  83  23.00   3.30   1.50                     
 3 24  83   0.00   3.20   1.50                     
 3 24  83   1.00   3.40   1.60                     
 3 24  83   2.00   3.30   1.00                     
 3 24  83   3.00   4.00   1.80   1.50              
 3 24  83   4.00   5.20   2.10   2.10              
 3 24  83   5.00   5.80   2.80   2.50              
 3 24  83   6.00   6.30   3.00   2.70              
 3 24  83   7.00   5.90   3.10   2.90   4.00       
 3 24  83   8.00   6.30   3.00   3.00   4.10       
 3 24  83   9.00   6.60   3.00   3.00   4.10       
 3 24  83  10.00   6.30   3.00   3.00   4.10       
 3 24  83  11.00   5.80   2.90   2.90   4.00       
 3 24  83  12.00   6.10   3.40   2.70              
 3 24  83  13.00   5.70   2.40   2.40              
 3 24  83  14.00   5.30   2.00                     
 3 24  83  15.00   5.10   1.60   1.60              
 3 24  83  16.00   5.00   1.50                     
 3 24  83  17.00   4.60   1.60                     
 3 24  83  18.00   3.80   1.60                     
 3 24  83  19.00   3.40   1.90                     
 3 24  83  20.00   3.40   1.80                     
 3 24  83  21.00   3.10   1.60                     
