Mo da yda   time   FoF2   foEs    foE   foF1   fbEs
 3 14  73  22.00          2.40                     
 3 14  73  23.00          1.60                     
 3 14  73   0.00          1.50                     
 3 14  73   4.00   4.40   2.00   2.00              
 3 14  73   5.00   4.70   2.80   2.45              
 3 14  73   6.00   5.20   2.80   2.65              
 3 14  73   7.00   5.30   2.90          4.00       
 3 14  73   8.00   5.60   2.80          4.10       
 3 14  73   9.00   5.50   3.40   2.80   4.10       
 3 14  73  10.00   5.50   1.90   2.80   4.00       
 3 14  73  11.00   5.40   1.90   2.65   3.80       
 3 14  73  12.00   5.30   2.40   2.45              
 3 14  73  13.00   5.20   2.10   2.10              
 3 14  73  14.00   4.90   1.70   1.70              
 3 14  73  15.00   4.70   1.60                     
 3 14  73  16.00   4.90   1.50                     
 3 14  73  17.00   4.60   1.50                     
 3 14  73  18.00   4.10   1.50                     
 3 14  73  19.00   3.10   1.50                     
 3 14  73  20.00   3.20   1.50                     
 3 14  73  21.00   3.10   1.40                     
