Mo da yda   time   FoF2   foEs    foE   foF1   fbEs
 3 22  81  22.00   2.80   1.60                     
 3 22  81  23.00   2.70   1.50                     
 3 22  81   0.00   2.60   1.50                     
 3 22  81   1.00   2.90   1.60                     
 3 22  81   2.00   2.90   1.50                     
 3 22  81   3.00   3.90   1.50   1.50              
 3 22  81   4.00   4.40   2.10   2.00              
 3 22  81   5.00   5.50   2.50   2.40   3.70       
 3 22  81   6.00   5.40   2.80   2.60              
 3 22  81   7.00   6.10   3.10   2.80   4.10       
 3 22  81   8.00   6.10   3.40   3.00              
 3 22  81   9.00   6.00   3.00   3.00   4.10       
 3 22  81  10.00   5.80   2.00   3.00   4.00       
 3 22  81  11.00   5.50   3.00   2.95   4.00       
 3 22  81  12.00   5.40   1.80   2.70              
 3 22  81  13.00   5.50   2.40   2.30              
 3 22  81  14.00   5.30   2.00   1.75              
 3 22  81  15.00   4.50   1.80                     
 3 22  81  16.00   4.50   1.60                     
 3 22  81  17.00   4.30   1.80                     
 3 22  81  18.00   3.90   1.50                     
 3 22  81  19.00   3.50   1.50                     
 3 22  81  20.00   3.20   1.50                     
 3 22  81  21.00   3.30   1.50                     
