Mo da yda   time   FoF2   foEs    foE   foF1   fbEs
 3  2  61  22.00   2.10   1.40                     
 3  2  61  23.00   2.30   1.50                     
 3  2  61   0.00   2.30   1.60                     
 3  2  61   1.00   2.10   1.50                     
 3  2  61   3.00   2.30   1.50                     
 3  2  61   4.00   3.40   1.80   1.70              
 3  2  61   5.00   4.00   2.00   2.00              
 3  2  61   6.00   4.50   2.40   2.35   3.60       
 3  2  61   7.00   4.50   2.60   2.55   3.80       
 3  2  61   8.00   4.40   3.00   2.70              
 3  2  61   9.00   4.60   2.40   2.70   3.90       
 3  2  61  10.00   4.50   2.80   2.70   3.90       
 3  2  61  11.00   4.60   2.60   2.50   3.80       
 3  2  61  12.00   4.60   2.20   2.25              
 3  2  61  13.00   4.00   2.00   1.85              
 3  2  61  14.00   4.50   1.60   1.60              
 3  2  61  15.00   3.90   1.60                     
 3  2  61  16.00   4.20   1.50                     
 3  2  61  17.00   3.70   1.50                     
 3  2  61  18.00   3.00   1.60                     
 3  2  61  19.00   2.50   1.40                     
 3  2  61  20.00   2.20   1.50                     
 3  2  61  21.00   2.60   1.50                     
