Mo da yda   time   FoF2   foEs    foE   foF1   fbEs
 2 23  54  22.00   2.40   1.50                     
 2 23  54  23.00   2.50   1.50                     
 2 23  54   0.00   2.50   1.60                     
 2 23  54   1.00   2.40   1.50                     
 2 23  54   2.00   2.00   1.60                     
 2 23  54   3.00   2.00   1.60                     
 2 23  54   4.00   3.40   1.60   1.60              
 2 23  54   5.00   4.40   2.00   2.00              
 2 23  54   6.00   5.10   2.40   2.25              
 2 23  54   7.00   5.40   2.40   2.45              
 2 23  54   8.00   5.80   2.60   2.60   3.90       
 2 23  54   9.00   5.90   2.60   2.60   3.90       
 2 23  54  10.00   6.10   2.60   2.60              
 2 23  54  11.00   6.00   2.50   2.50              
 2 23  54  12.00   5.80   2.20   2.20              
 2 23  54  13.00   5.40   1.90   1.90              
 2 23  54  14.00   4.90                            
 2 23  54  15.00   3.70   1.50                     
 2 23  54  16.00   3.70   1.50                     
 2 23  54  17.00   3.30   1.00                     
 2 23  54  18.00   3.10   1.50                     
 2 23  54  19.00   3.10   1.50                     
 2 23  54  20.00   3.10   1.50                     
 2 23  54  21.00   2.90   1.40                     
