Mo da yda   time   FoF2   foEs    foE   foF1   fbEs
 2 18  49  22.00   2.30   1.70                     
 2 18  49  23.00   2.10   1.60                     
 2 18  49   0.00   2.10   1.50                     
 2 18  49   1.00   1.70   1.50                     
 2 18  49   4.00   3.10   1.60   1.60              
 2 18  49   5.00   4.30   2.00                     
 2 18  49   6.00   5.00   2.70   2.30              
 2 18  49   7.00   6.40   2.70   2.55              
 2 18  49   8.00   6.20   3.10   2.60              
 2 18  49   9.00   5.50   2.70   2.70              
 2 18  49  10.00   6.00   2.70   2.70              
 2 18  49  11.00   5.90   2.60   2.55              
 2 18  49  12.00   6.00   2.50   2.35              
 2 18  49  13.00   5.00   2.10   2.05              
 2 18  49  14.00   5.10   1.60   1.60              
 2 18  49  15.00   3.50   1.60                     
 2 18  49  16.00   3.40   1.50                     
 2 18  49  17.00   2.60   1.80                     
 2 18  49  18.00   2.40   1.60                     
 2 18  49  19.00   2.40   1.50                     
 2 18  49  20.00   2.40   2.00                     
 2 18  49  21.00   2.40   2.00                     
