Mo da yda   time   FoF2   foEs    foE   foF1   fbEs
 2 25  56  23.00   2.40   1.50                     
 2 25  56   4.00   3.30   1.60   1.65              
 2 25  56   5.00   3.80   2.00   1.90              
 2 25  56   6.00   4.10   2.50   2.35   3.40       
 2 25  56   7.00   4.40          2.60   3.70       
 2 25  56   8.00   4.50   2.70   2.70   3.70       
 2 25  56   9.00   4.50   2.70   2.70   3.80       
 2 25  56  10.00   4.80   2.60   2.65   3.70       
 2 25  56  11.00   4.90   2.50   2.50   3.60       
 2 25  56  12.00   4.60   1.90   2.20              
 2 25  56  13.00   4.30   2.10   2.00              
 2 25  56  14.00   3.70   1.70   1.70              
 2 25  56  15.00   3.80   1.50                     
 2 25  56  16.00   3.10   1.50                     
 2 25  56  17.00   3.00   1.60                     
 2 25  56  18.00   2.40   1.60                     
 2 25  56  19.00   2.40   1.60                     
 2 25  56  20.00   2.30   1.60                     
 2 25  56  21.00   2.30   1.50                     
