Mo da yda   time   FoF2   foEs    foE   foF1   fbEs
 3  7  66  22.00   2.20   1.60                     
 3  7  66  23.00   2.10   2.00                     
 3  7  66   0.00   2.00   1.40                     
 3  7  66   3.00   2.30   1.50                     
 3  7  66   4.00   3.40   1.80   1.80              
 3  7  66   5.00   4.30   1.90   2.20   3.00       
 3  7  66   6.00   4.80   2.40   2.45              
 3  7  66   7.00   5.00   2.80          3.80       
 3  7  66   8.00   5.00   2.80          4.00       
 3  7  66   9.00   5.00   2.70   2.70              
 3  7  66  10.00   5.30   1.70   2.65   3.90       
 3  7  66  11.00   5.00   2.40   2.45   3.60       
 3  7  66  12.00   5.40   2.20   2.25              
 3  7  66  13.00   4.80   2.10   1.90              
 3  7  66  14.00   5.00   1.60   1.40              
 3  7  66  15.00   4.30   1.50                     
 3  7  66  16.00   4.10   1.50                     
 3  7  66  17.00   2.80   1.50                     
 3  7  66  18.00   2.70   1.50                     
 3  7  66  19.00   2.70   1.50                     
 3  7  66  20.00   2.60   1.50                     
 3  7  66  21.00   2.60   1.50                     
