Mo da yda   time   FoF2   foEs    foE   foF1   fbEs
 1 20  20  22.00   2.50   1.50                     
 1 20  20  23.00   2.30   1.50                     
 1 20  20   0.00   2.30   1.60                     
 1 20  20   1.00   1.70                            
 1 20  20   3.00          3.80                     
 1 20  20   4.00   2.30   1.50                     
 1 20  20   5.00   4.30   1.60   1.60              
 1 20  20   6.00   5.10   2.00   2.00              
 1 20  20   7.00   5.70   2.30   2.30              
 1 20  20   8.00   6.30   2.80   2.50              
 1 20  20   9.00   6.50   2.60   2.60              
 1 20  20  10.00   5.00   2.30   2.55              
 1 20  20  11.00   5.40   2.50   2.30              
 1 20  20  12.00   4.80   1.90                     
 1 20  20  13.00   4.00   1.70   1.70              
 1 20  20  14.00   2.80   1.60                     
 1 20  20  15.00   2.50   1.60                     
 1 20  20  16.00   2.20   1.80                     
 1 20  20  17.00   2.50   1.50                     
 1 20  20  18.00   2.50   1.80                     
 1 20  20  19.00   2.90   1.80                     
 1 20  20  20.00   2.90   1.50                     
 1 20  20  21.00   2.90   1.50                     
