Mo da yda   time   FoF2   foEs    foE   foF1   fbEs
 3 29  88  22.00   2.70   1.20                     
 3 29  88  23.00   2.70   1.50                     
 3 29  88   0.00   2.80   2.20                     
 3 29  88   1.00   2.80   1.50                     
 3 29  88   2.00   3.00   1.50                     
 3 29  88   3.00   3.90   1.50   1.50              
 3 29  88   4.00   4.40   2.20   2.10              
 3 29  88   5.00   4.80   2.80   2.40              
 3 29  88   6.00   5.00   2.70          4.00       
 3 29  88   7.00   5.40   2.90          4.00       
 3 29  88   8.00   5.10   4.30          4.20       
 3 29  88   9.00   5.00   3.70          4.20       
 3 29  88  10.00   5.00   2.50   2.95   4.00       
 3 29  88  11.00   4.90   3.00   2.85   4.00       
 3 29  88  12.00   4.80   2.70   2.70   3.80       
 3 29  88  13.00   5.00   2.40   2.40              
 3 29  88  14.00   5.00          2.05              
 3 29  88  15.00   5.40   1.80   1.80              
 3 29  88  16.00   5.20   2.50                     
 3 29  88  17.00   4.70   2.80                     
 3 29  88  18.00   3.80   2.10                     
 3 29  88  19.00   3.20   2.00                     
 3 29  88  20.00   3.00   2.10                     
 3 29  88  21.00   3.00   1.60                     
