Mo da yda   time   FoF2   foEs    foE   foF1   fbEs
 2 26  57  22.00   2.10   1.50                     
 2 26  57  23.00   2.20   1.50                     
 2 26  57   0.00   2.30   1.40                     
 2 26  57   1.00   2.20   1.50                     
 2 26  57   2.00   1.90   1.50                     
 2 26  57   3.00   2.00   1.50                     
 2 26  57   4.00   3.30   1.70   1.70              
 2 26  57   5.00   4.00   2.10   2.00              
 2 26  57   6.00   4.10   2.40   2.30              
 2 26  57   7.00   4.20   2.60   2.45              
 2 26  57   8.00   5.00   2.80   2.65              
 2 26  57   9.00   4.90   2.90   2.65              
 2 26  57  10.00   4.80   2.00   2.65   3.90       
 2 26  57  11.00   4.80   2.40   2.45              
 2 26  57  12.00   5.00   2.20   2.25              
 2 26  57  13.00   4.60   1.80   1.80              
 2 26  57  14.00   4.00   1.60   1.60              
 2 26  57  15.00   3.70   1.50                     
 2 26  57  16.00   3.70   1.60                     
 2 26  57  17.00   3.00   1.50                     
 2 26  57  18.00   2.90   1.60                     
 2 26  57  19.00   2.40   1.50                     
 2 26  57  20.00   2.60   1.50                     
 2 26  57  21.00   3.00   1.60                     
