Mo da yda   time   FoF2   foEs    foE   foF1   fbEs
 2 28  59   3.00   2.10   1.70                     
 2 28  59   4.00   2.80   1.70   1.70              
 2 28  59   5.00   3.10   2.00   2.10              
 2 28  59   6.00   3.20   2.30   2.30              
 2 28  59   7.00   3.40   2.60   2.50   3.40       
 2 28  59   8.00   3.50   2.60   2.60   3.50       
 2 28  59   9.00   4.00   2.80   2.60   3.60       
 2 28  59  10.00   3.90   2.80   2.60              
 2 28  59  11.00   3.50   2.70   2.45   3.50       
 2 28  59  12.00   3.70   2.20   2.25              
 2 28  59  13.00   3.60   2.00   1.80              
 2 28  59  14.00   3.20   1.70   1.70              
 2 28  59  15.00   3.40   1.50                     
 2 28  59  16.00   3.00   2.50                     
 2 28  59  17.00          3.50                     
 2 28  59  19.00          2.10                     
 2 28  59  20.00          2.10                     
 2 28  59  21.00   1.70                            
