Mo da yda   time   FoF2   foEs    foE   foF1   fbEs
 3 28  87  22.00   2.50   2.10                     
 3 28  87  23.00   2.50   1.50                     
 3 28  87   0.00   2.70   1.50                     
 3 28  87   1.00   3.00   1.50                     
 3 28  87   2.00   3.00   1.50                     
 3 28  87   3.00   3.60   1.80                     
 3 28  87   4.00   4.40   2.50   2.05   3.40       
 3 28  87   5.00   4.30   3.20   2.40   3.60       
 3 28  87   6.00   4.40   2.90   2.60   3.70       
 3 28  87   7.00   4.40   3.00   2.70   3.90       
 3 28  87   8.00   4.70   3.20   2.80   3.90       
 3 28  87   9.00   4.40   3.00   2.80   4.00       
 3 28  87  10.00   4.40   2.80   2.80              
 3 28  87  11.00   4.50   2.20   2.65   3.90       
 3 28  87  12.00   4.50   2.00   2.40              
 3 28  87  13.00   4.50   1.60   2.15   3.40       
 3 28  87  14.00   4.50   2.00   2.00              
 3 28  87  15.00   4.30   1.60   1.60              
 3 28  87  16.00   4.40   1.60                     
 3 28  87  17.00   4.00   1.40                     
 3 28  87  18.00   2.90   1.50                     
 3 28  87  19.00   2.60   1.60                     
 3 28  87  20.00   2.20   1.50                     
 3 28  87  21.00   2.70   1.50                     
