Mo da yda   time   FoF2   foEs    foE   foF1   fbEs
 3  5  64  22.00   1.90   1.60                     
 3  5  64  23.00   1.90   1.50                     
 3  5  64   0.00   1.70                            
 3  5  64   3.00   2.10   1.60                     
 3  5  64   4.00   3.10   1.80   1.80              
 3  5  64   5.00   3.80   2.30   2.20   3.40       
 3  5  64   6.00   4.10   2.60   2.40   3.60       
 3  5  64   7.00   4.30   2.70   2.55              
 3  5  64   8.00   4.80   3.00   2.65   3.80       
 3  5  64   9.00   4.80   2.60   2.70   3.80       
 3  5  64  10.00   5.00   2.60   2.65   3.80       
 3  5  64  11.00   4.60   2.50   2.50              
 3  5  64  12.00   4.50   2.30   2.30              
 3  5  64  13.00   4.40   2.00   2.00              
 3  5  64  14.00   3.90   1.70   1.70              
 3  5  64  15.00   3.40   1.50                     
 3  5  64  16.00   3.30   1.50                     
 3  5  64  17.00   2.70   1.60                     
 3  5  64  18.00   2.70   1.50                     
 3  5  64  19.00   2.60   1.60                     
 3  5  64  20.00   2.70   1.50                     
 3  5  64  21.00   2.60   1.50                     
