Mo da yda   time   FoF2   foEs    foE   foF1   fbEs
 3  9  68  22.00   2.40   1.50                     
 3  9  68  23.00   2.40   1.50                     
 3  9  68   0.00   2.30   1.20                     
 3  9  68   1.00   2.00   1.50                     
 3  9  68   3.00   2.70   1.50                     
 3  9  68   4.00   3.50   1.80   1.80              
 3  9  68   5.00   4.40   2.40   2.20              
 3  9  68   6.00   4.40   2.60   2.50   3.70       
 3  9  68   7.00   4.70   2.60   2.70   3.90       
 3  9  68   8.00   4.80   2.80   2.75   3.90       
 3  9  68   9.00   4.60   3.60   2.75   4.00       
 3  9  68  10.00   4.70   2.70   2.70   3.80       
 3  9  68  11.00   4.70   2.60   2.60   3.70       
 3  9  68  12.00   4.50   2.40   2.35              
 3  9  68  13.00   4.90   2.40   2.05              
 3  9  68  14.00   4.40   1.80                     
 3  9  68  15.00   4.30   1.60                     
 3  9  68  16.00   3.80   1.50                     
 3  9  68  17.00   2.50   1.50                     
 3  9  68  18.00   2.50   1.50                     
 3  9  68  19.00   2.00   1.50                     
 3  9  68  20.00   2.20   1.50                     
 3  9  68  21.00   2.10   1.50                     
