Mo da yda   time   FoF2   foEs    foE   foF1   fbEs
 3 20  79  22.00   3.10   1.50                     
 3 20  79  23.00   2.90   1.50                     
 3 20  79   0.00   2.90   1.50                     
 3 20  79   1.00   2.70   1.50                     
 3 20  79   2.00   2.10   1.50                     
 3 20  79   3.00   3.40   1.70   1.70              
 3 20  79   4.00   4.30   2.40   2.10              
 3 20  79   5.00   4.80   3.20   2.40   3.70       
 3 20  79   6.00   4.90   3.40   2.65   3.90       
 3 20  79   7.00   5.00   3.40   2.75   3.90       
 3 20  79   8.00   5.40   3.20          4.00       
 3 20  79   9.00   5.20   3.20          4.10       
 3 20  79  10.00   5.50   5.30          4.00       
 3 20  79  11.00   5.30   2.90   2.90   3.90       
 3 20  79  12.00   5.00   2.40   2.75   3.80       
 3 20  79  13.00   5.40   3.00   2.45              
 3 20  79  14.00   5.10   2.00   2.00              
 3 20  79  15.00   4.80   1.50                     
 3 20  79  16.00   4.10   1.50                     
 3 20  79  17.00   3.80   1.50                     
 3 20  79  18.00   3.40   1.50                     
 3 20  79  19.00   2.50   1.50                     
 3 20  79  20.00   2.50   1.50                     
 3 20  79  21.00   2.60   1.50                     
