Mo da yda   time   FoF2   foEs    foE   foF1   fbEs
 2 27  58  22.00   3.10   1.50                     
 2 27  58  23.00   3.00   1.50                     
 2 27  58   0.00   3.00   1.50                     
 2 27  58   1.00   2.70   1.50                     
 2 27  58   2.00   2.30   1.60                     
 2 27  58   3.00   2.10   1.60                     
 2 27  58   4.00   3.40   1.60   1.60              
 2 27  58   5.00   4.10   2.00   2.00              
 2 27  58   6.00   4.60   2.40   2.30              
 2 27  58   7.00   4.80   2.50   2.50   3.60       
 2 27  58   8.00   5.20   2.00   2.60              
 2 27  58   9.00   5.10   2.60   2.60   3.80       
 2 27  58  10.00   5.60   2.60   2.60   3.80       
 2 27  58  11.00   5.40   2.40   2.40              
 2 27  58  12.00   5.10   2.20   2.20              
 2 27  58  13.00   4.90   2.00   1.90              
 2 27  58  14.00   5.00   1.60   1.60              
 2 27  58  15.00   4.40   1.60                     
 2 27  58  16.00   4.10   1.50                     
 2 27  58  17.00   3.40   1.60                     
 2 27  58  18.00   3.30   1.60                     
 2 27  58  19.00   3.10   1.50                     
 2 27  58  20.00   2.90   1.50                     
