Mo da yda   time   FoF2   foEs    foE   foF1   fbEs
 3  1  60  22.00   1.80   1.50                     
 3  1  60  23.00   1.90   1.50                     
 3  1  60   0.00   2.00   1.50                     
 3  1  60   4.00   2.80   1.80   1.80              
 3  1  60   5.00   3.50   2.00   2.00              
 3  1  60   6.00   3.50   2.20   2.35              
 3  1  60   7.00   4.00   2.70   2.50   3.60       
 3  1  60   8.00   4.20   2.70   2.60   3.80       
 3  1  60   9.00   4.80   3.00   2.60              
 3  1  60  10.00   5.20   2.90   2.60   3.70       
 3  1  60  11.00   4.70   2.80   2.50              
 3  1  60  12.00   4.50   2.50   2.30              
 3  1  60  13.00   4.20   2.00   2.00              
 3  1  60  14.00   4.20   1.70   1.70              
 3  1  60  15.00   3.70   1.60                     
 3  1  60  16.00   3.30   1.60                     
 3  1  60  17.00   2.50   1.60                     
 3  1  60  18.00   2.00   1.60                     
 3  1  60  19.00   1.80   1.60                     
 3  1  60  20.00   1.80   1.60                     
 3  1  60  21.00   2.00   1.50                     
