Mo da yda   time   FoF2   foEs    foE   foF1   fbEs
 2 22  53  22.00   2.50   1.50                     
 2 22  53  23.00   2.40   1.50                     
 2 22  53   0.00   2.30   1.50                     
 2 22  53   1.00   2.40   1.50                     
 2 22  53   2.00   2.00   1.60                     
 2 22  53   4.00   3.20   1.50   1.50              
 2 22  53   5.00   4.00   2.10   1.90              
 2 22  53   6.00   4.50   2.30   2.30              
 2 22  53   7.00   4.60   2.60   2.50   3.60       
 2 22  53   8.00   5.10   2.70   2.70   3.90       
 2 22  53   9.00   5.30   2.70   2.70   3.80       
 2 22  53  10.00   5.20   2.70   2.70   3.80       
 2 22  53  11.00   5.30   2.50   2.50   3.60       
 2 22  53  12.00   5.30   2.20   2.20              
 2 22  53  13.00   4.40   1.80   1.80              
 2 22  53  14.00   4.10   1.60   1.60              
 2 22  53  15.00   3.70   1.60                     
 2 22  53  16.00   3.40   1.50                     
 2 22  53  17.00   2.50   1.70                     
 2 22  53  18.00   2.40   1.60                     
 2 22  53  19.00   2.40   1.50                     
 2 22  53  20.00   2.40   1.50                     
 2 22  53  21.00   2.30   1.00                     
