Mo da yda   time   FoF2   foEs    foE   foF1   fbEs
 2  9  40  22.00   2.70   1.60                     
 2  9  40  23.00   2.40   1.60                     
 2  9  40   0.00   2.20   1.60                     
 2  9  40   4.00   2.50   1.70                     
 2  9  40   5.00   3.60   1.90   1.90              
 2  9  40   6.00   4.50   2.20   2.20              
 2  9  40   7.00   4.40   2.00   2.35              
 2  9  40   8.00   4.90   2.00   2.50   3.50       
 2  9  40   9.00   4.80   1.60   2.50              
 2  9  40  10.00   5.10   2.50   2.50              
 2  9  40  11.00   5.50   1.70   2.30              
 2  9  40  12.00   5.10   3.00                     
 2  9  40  13.00   4.40   1.80   1.80              
 2  9  40  14.00   3.50                            
 2  9  40  15.00   2.80                            
 2  9  40  16.00   2.40   1.60                     
 2  9  40  17.00   1.90   1.60                     
 2  9  40  21.00   1.90   1.50                     
