Mo da yda   time   FoF2   foEs    foE   foF1   fbEs
 2 17  48  22.00   2.40   1.60                     
 2 17  48  23.00   2.30   1.50                     
 2 17  48   0.00   2.40   1.50                     
 2 17  48   1.00   2.00   1.60                     
 2 17  48   3.00   2.00   1.70                     
 2 17  48   4.00   3.80   1.60   1.60              
 2 17  48   5.00   4.70   1.60   1.60              
 2 17  48   6.00   5.30   2.20   2.20              
 2 17  48   7.00   6.00   2.40   2.45              
 2 17  48   8.00   6.60   2.60   2.60   3.80       
 2 17  48   9.00   6.00   2.60   2.60              
 2 17  48  10.00   6.80   2.60   2.60              
 2 17  48  11.00   5.40   1.90   2.45              
 2 17  48  12.00   5.40   2.60   2.60              
 2 17  48  13.00   4.50   2.00   1.80              
 2 17  48  14.00   4.30   1.60   1.60              
 2 17  48  15.00   3.40   1.50                     
 2 17  48  16.00   3.40   1.60                     
 2 17  48  17.00   3.20   1.50                     
 2 17  48  18.00   2.80   2.00                     
 2 17  48  19.00   2.30   1.70                     
 2 17  48  20.00   2.40   1.50                     
 2 17  48  21.00   2.30   1.50                     
