Mo da yda   time   FoF2   foEs    foE   foF1   fbEs
 3 23  82  22.00   3.10   1.60                     
 3 23  82  23.00   2.90   1.50                     
 3 23  82   0.00   2.90   1.50                     
 3 23  82   1.00   3.00   1.50                     
 3 23  82   2.00   2.80   1.50                     
 3 23  82   3.00   3.60   1.60   1.60              
 3 23  82   4.00   4.60   2.10   2.10              
 3 23  82   5.00   5.30   2.40   2.40   3.80       
 3 23  82   6.00   5.50   2.90   2.60   4.00       
 3 23  82   7.00   5.70   2.90   2.80   4.10       
 3 23  82   8.00   5.40   3.10   2.90              
 3 23  82   9.00   5.50   3.00   3.00   4.20       
 3 23  82  10.00   5.60   3.20   3.00   4.00       
 3 23  82  11.00   5.80   2.90   2.90   4.00       
 3 23  82  12.00   5.30   2.40   2.70              
 3 23  82  13.00   5.60   2.50   2.30              
 3 23  82  14.00   5.40   1.90   1.90              
 3 23  82  15.00   5.10   1.50   1.50              
 3 23  82  16.00   5.20   1.60                     
 3 23  82  17.00   5.00   1.60                     
 3 23  82  18.00   4.40   1.60                     
 3 23  82  19.00   4.00   1.60                     
 3 23  82  20.00   3.70   1.60                     
 3 23  82  21.00   3.60   1.60                     
