Mo da yda   time   FoF2   foEs    foE   foF1   fbEs
 3  8  67  22.00   2.50   1.50                     
 3  8  67  23.00   2.30   1.50                     
 3  8  67   0.00   2.20   1.50                     
 3  8  67   2.00   1.70                            
 3  8  67   3.00   2.40   1.50                     
 3  8  67   4.00   3.30   1.70                     
 3  8  67   5.00   4.50   2.20   2.15   3.50       
 3  8  67   6.00   3.90   2.60   2.35   3.40       
 3  8  67   7.00   4.30   2.80   2.50   3.70       
 3  8  67   8.00   4.70   2.70   2.70   3.80       
 3  8  67   9.00   4.70   2.70   2.70   3.80       
 3  8  67  10.00   4.80   2.60   2.60   3.80       
 3  8  67  11.00   5.10   1.40   2.40   3.70       
 3  8  67  12.00   4.80   2.20   2.20              
 3  8  67  13.00   4.90   2.00   2.00              
 3  8  67  14.00   4.80   1.70   1.70              
 3  8  67  15.00   4.00   1.50                     
 3  8  67  16.00   3.70   1.50                     
 3  8  67  17.00   2.80   1.50                     
 3  8  67  18.00   2.40   1.50                     
 3  8  67  19.00   2.30   1.40                     
 3  8  67  20.00   2.50                            
 3  8  67  21.00   2.50   1.50                     
