Mo da yda   time   FoF2   foEs    foE   foF1   fbEs
 3 19  78  22.00   3.50   1.60                     
 3 19  78  23.00   3.30   1.00                     
 3 19  78   0.00   3.20   1.50                     
 3 19  78   1.00   3.10   1.50                     
 3 19  78   2.00   2.70   1.60                     
 3 19  78   3.00   3.80   2.20                     
 3 19  78   4.00   4.90   2.10   2.10              
 3 19  78   5.00   5.10   2.60   2.50              
 3 19  78   6.00   5.50   3.10   2.75   4.00       
 3 19  78   7.00   5.70   3.00   2.80   4.00       
 3 19  78   8.00   5.50   3.00   2.85   4.10       
 3 19  78   9.00   5.60   3.10   3.00   4.10       
 3 19  78  10.00   5.70   3.00   3.00   4.00       
 3 19  78  11.00   5.80   2.80   2.80              
 3 19  78  12.00   5.40   2.60   2.60              
 3 19  78  13.00   5.20   2.20   2.20              
 3 19  78  14.00   5.10   2.00   1.80              
 3 19  78  15.00   4.40   1.60                     
 3 19  78  16.00   4.20   1.60                     
 3 19  78  17.00   4.30   2.00                     
 3 19  78  18.00   3.40   1.60                     
 3 19  78  19.00   3.10   1.60                     
 3 19  78  20.00   3.00   1.60                     
 3 19  78  21.00   3.10   1.50                     
