Mo da yda   time   FoF2   foEs    foE   foF1   fbEs
 3 26  85  22.00   3.40   1.50                     
 3 26  85  23.00   3.40   1.50                     
 3 26  85   0.00   3.40   1.50                     
 3 26  85   1.00   3.00   1.60                     
 3 26  85   2.00   3.00   1.50                     
 3 26  85   3.00   3.90   1.80                     
 3 26  85   4.00   4.60   2.20   2.10              
 3 26  85   5.00   4.80   2.50   2.45   3.80       
 3 26  85   6.00   5.40   3.20          4.00       
 3 26  85   7.00   5.60   3.20          4.10       
 3 26  85   8.00   5.80   3.20          4.20       
 3 26  85   9.00   5.60   3.30   3.00   4.20       
 3 26  85  10.00   5.70   3.00   2.95   4.10       
 3 26  85  11.00   5.60   1.60   2.75   4.00       
 3 26  85  12.00   5.50   2.60   2.55              
 3 26  85  13.00   5.50   2.20   2.20              
 3 26  85  14.00   5.60   2.30   1.80              
 3 26  85  15.00   5.50   1.70                     
 3 26  85  16.00   5.40   1.50                     
 3 26  85  17.00   5.00   1.50                     
 3 26  85  18.00   4.10   2.10                     
 3 26  85  19.00   3.30   1.50                     
 3 26  85  20.00   3.00   1.50                     
 3 26  85  21.00   3.00   1.50                     
