Mo da yda   time   FoF2   foEs    foE   foF1   fbEs
 3 31  90  22.00   2.60   1.50                     
 3 31  90  23.00   2.40   1.50                     
 3 31  90   0.00   2.30   1.30                     
 3 31  90   1.00   2.40   1.40                     
 3 31  90   2.00   2.80   1.50                     
 3 31  90   3.00   3.70   1.80   1.80              
 3 31  90   4.00   4.40   2.20   2.20   3.40       
 3 31  90   5.00   4.90   3.20   2.50   4.00       
 3 31  90   6.00   5.30   2.70   2.70   3.90       
 3 31  90   7.00   4.90   3.00   2.90              
 3 31  90   8.00   5.40          3.00   4.20       
 3 31  90   9.00   5.50   3.30   3.00   4.10       
 3 31  90  10.00   5.60   2.60   3.00   4.10       
 3 31  90  11.00   5.30   3.00   2.90   4.00       
 3 31  90  12.00   4.80   2.30   2.70              
 3 31  90  13.00   4.80   2.60   2.40              
 3 31  90  14.00   5.40   2.10                     
 3 31  90  15.00   5.70   2.30                     
 3 31  90  16.00   5.40   1.50                     
 3 31  90  17.00   5.10   2.80                     
 3 31  90  18.00   4.60   2.00                     
 3 31  90  19.00   4.40   1.50                     
 3 31  90  20.00   3.90   1.40                     
 3 31  90  21.00   3.60   1.50                     
