Mo da yda   time   FoF2   foEs    foE   foF1   fbEs
 3 15  74  22.00   2.90   1.40                     
 3 15  74  23.00   3.00   1.30                     
 3 15  74   0.00   2.90   1.50                     
 3 15  74   1.00   2.70   1.50                     
 3 15  74   2.00   2.50   1.50                     
 3 15  74   3.00   3.30   1.50   1.50              
 3 15  74   4.00   4.10   2.00   1.90              
 3 15  74   5.00   4.80   2.30   2.30   3.70       
 3 15  74   6.00   4.60   2.50   2.50   3.90       
 3 15  74   7.00   5.20   2.70   2.70   4.00       
 3 15  74   8.00   5.50   2.30   2.90   4.00       
 3 15  74   9.00   5.60   2.00   2.90   4.00       
 3 15  74  10.00   5.40   2.00   2.85   3.90       
 3 15  74  11.00   4.90   2.00   2.75   3.80       
 3 15  74  12.00   4.50   2.50   2.50              
 3 15  74  13.00   4.80   2.10   2.10              
 3 15  74  14.00   4.70   1.80   1.80              
 3 15  74  15.00   3.80   1.50   1.50              
 3 15  74  16.00   4.10   1.50                     
 3 15  74  17.00   4.30   1.50                     
 3 15  74  18.00   3.80   1.50                     
 3 15  74  19.00   3.10   1.50                     
 3 15  74  20.00   2.70   1.50                     
 3 15  74  21.00   2.40   1.50                     
