Mo da yda   time   FoF2   foEs    foE   foF1   fbEs
 1 16  16  22.00   2.30   1.50                     
 1 16  16  23.00   2.70   1.60                     
 1 16  16   0.00   2.00                            
 1 16  16   5.00   3.40   1.60   1.60              
 1 16  16   6.00   5.10   2.00   1.80              
 1 16  16   7.00   6.50   2.20   2.25              
 1 16  16   8.00   5.90   2.40   2.40              
 1 16  16   9.00   5.40   2.40   2.40              
 1 16  16  10.00   6.00   2.30   2.30              
 1 16  16  11.00   5.50   2.10   2.10              
 1 16  16  12.00   4.30   1.80   1.80              
 1 16  16  13.00   4.40   1.70   1.70              
 1 16  16  14.00   3.50   1.60                     
 1 16  16  15.00   2.10   1.60                     
 1 16  16  16.00   1.80   1.60                     
 1 16  16  18.00   1.80   1.60                     
 1 16  16  19.00   2.00   2.20                     
 1 16  16  20.00   2.20   2.00                     
 1 16  16  21.00   2.30   1.50                     
