Mo da yda   time   FoF2   foEs    foE   foF1   fbEs
 3 25  84  22.00   3.00   1.50                     
 3 25  84  23.00   2.90   1.50                     
 3 25  84   0.00   3.00   1.40                     
 3 25  84   1.00   2.80   1.50                     
 3 25  84   2.00   2.80   1.60                     
 3 25  84   3.00   3.60   1.50   1.50              
 3 25  84   4.00   4.20   2.40   2.20              
 3 25  84   5.00   5.10   3.10   2.55              
 3 25  84   6.00   5.30   3.40   2.75   4.00       
 3 25  84   7.00   6.00   3.40          4.00       
 3 25  84   8.00   5.90   5.00          4.20       
 3 25  84   9.00   5.80   2.80   3.00   4.00       
 3 25  84  10.00   5.70   2.80   2.95   4.10       
 3 25  84  11.00   5.80   3.20   2.85              
 3 25  84  12.00   5.30   2.60   2.65              
 3 25  84  13.00   5.20   2.60   2.40              
 3 25  84  14.00   5.80   2.10   2.05              
 3 25  84  15.00   5.90   1.20   1.20              
 3 25  84  16.00   6.10   3.30                     
 3 25  84  17.00   5.70   1.50                     
 3 25  84  18.00   5.10   1.50                     
 3 25  84  19.00   4.10   2.80                     
 3 25  84  20.00   3.70   2.30                     
 3 25  84  21.00   3.20   1.70                     
