1.000000000000000000e+00 4.106250000000000178e+00
2.000000000000000000e+00 3.506250000000000089e+00
3.000000000000000000e+00 3.873333333333333517e+00
4.000000000000000000e+00 3.479999999999999094e+00
5.000000000000000000e+00 3.952631578947368052e+00
6.000000000000000000e+00 3.900000000000000355e+00
7.000000000000000000e+00 4.075000000000000178e+00
8.000000000000000000e+00 4.206249999999999822e+00
9.000000000000000000e+00 4.170588235294117041e+00
1.000000000000000000e+01 4.226666666666667460e+00
1.100000000000000000e+01 4.309090909090908639e+00
1.200000000000000000e+01 4.264999999999998792e+00
1.300000000000000000e+01 3.578947368421052655e+00
1.400000000000000000e+01 3.831578947368420085e+00
1.500000000000000000e+01 3.764999999999999680e+00
1.600000000000000000e+01 3.770588235294118018e+00
1.700000000000000000e+01 3.494117647058823550e+00
1.800000000000000000e+01 4.047619047619047450e+00
1.900000000000000000e+01 3.844444444444444553e+00
2.000000000000000000e+01 3.582352941176470296e+00
2.100000000000000000e+01 3.739999999999999769e+00
2.200000000000000000e+01 3.526315789473683626e+00
2.300000000000000000e+01 3.729411764705882426e+00
2.400000000000000000e+01 3.839999999999999414e+00
2.500000000000000000e+01 9.990000000000000000e+02
2.600000000000000000e+01 4.236842105263157521e+00
2.700000000000000000e+01 3.923529411764706154e+00
2.800000000000000000e+01 4.564285714285714946e+00
2.900000000000000000e+01 3.631578947368420351e+00
3.000000000000000000e+01 4.099999999999999645e+00
3.100000000000000000e+01 3.870588235294118107e+00
3.200000000000000000e+01 3.913333333333333997e+00
3.300000000000000000e+01 3.930000000000000604e+00
3.400000000000000000e+01 3.949999999999999734e+00
3.500000000000000000e+01 4.077777777777777501e+00
3.600000000000000000e+01 4.235714285714285765e+00
3.700000000000000000e+01 4.028571428571429358e+00
3.800000000000000000e+01 4.437500000000000000e+00
3.900000000000000000e+01 4.279999999999999361e+00
4.000000000000000000e+01 4.353333333333333499e+00
4.100000000000000000e+01 4.056250000000000355e+00
4.200000000000000000e+01 4.020000000000000462e+00
4.300000000000000000e+01 4.031250000000000000e+00
4.400000000000000000e+01 2.935714285714285943e+00
4.500000000000000000e+01 9.990000000000000000e+02
4.600000000000000000e+01 3.489473684210526283e+00
4.700000000000000000e+01 2.926086956521738891e+00
4.800000000000000000e+01 2.995238095238095699e+00
4.900000000000000000e+01 3.143181818181818521e+00
5.000000000000000000e+01 2.762499999999999734e+00
5.100000000000000000e+01 3.020000000000000462e+00
5.200000000000000000e+01 2.899999999999999911e+00
5.300000000000000000e+01 2.996875000000000622e+00
5.400000000000000000e+01 3.925000000000000266e+00
5.500000000000000000e+01 9.990000000000000000e+02
5.600000000000000000e+01 9.990000000000000000e+02
5.700000000000000000e+01 9.990000000000000000e+02
5.800000000000000000e+01 9.990000000000000000e+02
5.900000000000000000e+01 9.990000000000000000e+02
6.000000000000000000e+01 2.738235294117647101e+00
6.100000000000000000e+01 3.018181818181818521e+00
6.200000000000000000e+01 9.990000000000000000e+02
6.300000000000000000e+01 9.990000000000000000e+02
6.400000000000000000e+01 3.130000000000000338e+00
6.500000000000000000e+01 3.452631578947368052e+00
6.600000000000000000e+01 3.371052631578947967e+00
6.700000000000000000e+01 3.290909090909091006e+00
6.800000000000000000e+01 9.990000000000000000e+02
6.900000000000000000e+01 3.984615384615384226e+00
7.000000000000000000e+01 9.990000000000000000e+02
7.100000000000000000e+01 9.990000000000000000e+02
7.200000000000000000e+01 9.990000000000000000e+02
7.300000000000000000e+01 9.990000000000000000e+02
7.400000000000000000e+01 9.990000000000000000e+02
7.500000000000000000e+01 3.828947368421052655e+00
7.600000000000000000e+01 3.390625000000000444e+00
7.700000000000000000e+01 4.279166666666666785e+00
7.800000000000000000e+01 4.218750000000000000e+00
7.900000000000000000e+01 4.099999999999999645e+00
8.000000000000000000e+01 3.771428571428570908e+00
8.100000000000000000e+01 3.756249999999999645e+00
8.200000000000000000e+01 9.990000000000000000e+02
8.300000000000000000e+01 9.990000000000000000e+02
8.400000000000000000e+01 4.741176470588235325e+00
8.500000000000000000e+01 9.990000000000000000e+02
8.600000000000000000e+01 3.915384615384614797e+00
8.700000000000000000e+01 9.990000000000000000e+02
8.800000000000000000e+01 9.990000000000000000e+02
8.900000000000000000e+01 4.707142857142856407e+00
9.000000000000000000e+01 4.260714285714285232e+00
9.100000000000000000e+01 4.391176470588234793e+00
9.200000000000000000e+01 4.905882352941177693e+00
9.300000000000000000e+01 4.349999999999998757e+00
9.400000000000000000e+01 4.194444444444445530e+00
9.500000000000000000e+01 4.482352941176470651e+00
9.600000000000000000e+01 4.616666666666666252e+00
9.700000000000000000e+01 4.939999999999999503e+00
9.800000000000000000e+01 4.802777777777777146e+00
9.900000000000000000e+01 4.485000000000000320e+00
1.000000000000000000e+02 4.852777777777777857e+00
1.010000000000000000e+02 9.990000000000000000e+02
1.020000000000000000e+02 3.980555555555555181e+00
1.030000000000000000e+02 9.990000000000000000e+02
1.040000000000000000e+02 3.049999999999999822e+00
1.050000000000000000e+02 3.586363636363635976e+00
1.060000000000000000e+02 4.705000000000000071e+00
1.070000000000000000e+02 4.994736842105262475e+00
1.080000000000000000e+02 4.064999999999999503e+00
1.090000000000000000e+02 4.828571428571428292e+00
1.100000000000000000e+02 4.519999999999999574e+00
1.110000000000000000e+02 9.990000000000000000e+02
1.120000000000000000e+02 9.990000000000000000e+02
1.130000000000000000e+02 6.660000000000000000e+02
1.140000000000000000e+02 9.990000000000000000e+02
1.150000000000000000e+02 9.990000000000000000e+02
1.160000000000000000e+02 3.386111111111111072e+00
1.170000000000000000e+02 4.295652173913043548e+00
1.180000000000000000e+02 4.249999999999999112e+00
1.190000000000000000e+02 3.250000000000000000e+00
1.200000000000000000e+02 9.990000000000000000e+02
1.210000000000000000e+02 3.178571428571428381e+00
