Mo da yda   time   FoF2   foEs    foE   foF1   fbEs
12 18 352  22.00   3.40                            
12 18 352  23.00   3.50   1.30                     
12 18 352   0.00   3.30   1.20                     
12 18 352   1.00   2.80   1.50                     
12 18 352   2.00   2.80   1.50                     
12 18 352   5.00   3.90                            
12 18 352   6.00   4.70   2.20                     
12 18 352   7.00   5.60         220.00              
12 18 352   8.00   5.70   2.50  225.00              
12 18 352   9.00   5.70   3.00  225.00              
12 18 352  10.00   5.40   2.80                     
12 18 352  11.00   5.40                            
12 18 352  12.00   4.70                            
12 18 352  13.00   3.40                            
12 18 352  14.00   3.20                            
12 18 352  15.00   3.00                            
12 18 352  17.00   3.50                            
12 18 352  18.00   3.60                            
12 18 352  19.00   3.60                            
12 18 352  20.00   3.90                            
12 18 352  21.00   3.90   2.10                     
