Mo da yda   time   FoF2   foEs    foE   foF1   fbEs
12 28 362  22.00   3.00   2.20                     
12 28 362  23.00   3.10   1.50                     
12 28 362   0.00   3.00   1.20                     
12 28 362   1.00   2.90   2.10                     
12 28 362   5.00   3.40                            
12 28 362   6.00   5.10   2.00                     
12 28 362   7.00   5.80                            
12 28 362   8.00   6.40                            
12 28 362   9.00   6.90                            
12 28 362  10.00   6.70                            
12 28 362  11.00   6.10                            
12 28 362  12.00   4.50   2.00                     
12 28 362  13.00   4.70   1.80                     
12 28 362  21.00   2.30   1.50                     
