Mo da yda   time   FoF2   foEs    foE   foF1   fbEs
12 29 363  22.00   2.50   1.50                     
12 29 363  23.00   2.60   1.50                     
12 29 363   0.00   2.30   1.10                     
12 29 363   5.00   3.40   2.50                     
12 29 363   6.00   4.40                            
12 29 363   7.00   5.00                            
12 29 363   8.00   5.40                            
12 29 363   9.00   5.90                            
12 29 363  10.00   5.30                            
12 29 363  11.00   5.30                            
12 29 363  12.00   5.00                            
12 29 363  13.00   4.30   1.80                     
12 29 363  14.00   3.30   1.50                     
12 29 363  15.00   3.00   1.60                     
12 29 363  16.00          1.50                     
12 29 363  18.00   2.70   1.50                     
12 29 363  19.00          1.50                     
12 29 363  20.00   2.80   1.50                     
12 29 363  21.00   2.80   1.50                     
