Mo da yda   time   FoF2   foEs    foE   foF1   fbEs
12 25 359  22.00   3.20   1.70                     
12 25 359  23.00   3.20   1.60                     
12 25 359   0.00   2.40   1.60                     
12 25 359   1.00   2.00   1.50                     
12 25 359   5.00   3.40                            
12 25 359   6.00   4.70                            
12 25 359   9.00   5.40                            
12 25 359  10.00   5.20                            
12 25 359  11.00   5.30                            
12 25 359  12.00   4.40   2.00                     
12 25 359  13.00   4.40   1.80                     
12 25 359  21.00   3.30   1.60                     
