Mo da yda   time   FoF2   foEs    foE   foF1   fbEs
12 27 361  22.00   2.90   1.70                     
12 27 361  23.00   2.60   1.70                     
12 27 361   0.00   2.40   1.70                     
12 27 361   1.00   2.20   1.60                     
12 27 361   5.00   3.80                            
12 27 361   6.00   6.30                            
12 27 361   7.00   5.30   2.00                     
12 27 361   8.00   5.80         210.00              
12 27 361   9.00   5.80                            
12 27 361  10.00   6.10                            
12 27 361  11.00   5.40                            
12 27 361  12.00   4.30                            
12 27 361  13.00   3.50   1.60                     
12 27 361  15.00          1.60                     
12 27 361  18.00   3.10   1.50                     
12 27 361  20.00   2.80                            
12 27 361  21.00   2.80   1.80                     
