Mo da yda   time   FoF2   foEs    foE   foF1   fbEs
12 24 358  22.00   2.90   1.20                     
12 24 358  23.00   3.40                            
12 24 358   0.00          1.60                     
12 24 358   1.00   2.20   1.60                     
12 24 358   5.00   3.70                            
12 24 358   6.00   5.40                            
12 24 358   7.00   5.50                            
12 24 358   8.00   5.80                            
12 24 358  10.00   5.40                            
12 24 358  11.00   5.30                            
12 24 358  12.00   4.20   2.00                     
12 24 358  13.00   3.80   3.00                     
12 24 358  19.00   2.80   1.80                     
12 24 358  20.00   2.80   1.70                     
12 24 358  21.00   2.80   1.70                     
