Mo da yda   time   FoF2   foEs    foE   foF1   fbEs
12 20 354  22.00   2.70   1.30                     
12 20 354   0.00          1.20                     
12 20 354   2.00          1.70                     
12 20 354   5.00   3.60                            
12 20 354   6.00   4.50                            
12 20 354   7.00   5.80         200.00              
12 20 354   8.00   5.10         215.00              
12 20 354   9.00   5.00   2.40  220.00              
12 20 354  10.00   5.00   3.00  220.00              
12 20 354  11.00   5.00   2.30  210.00              
12 20 354  12.00   4.00                            
12 20 354  13.00   3.30                            
12 20 354  16.00          4.30                     
12 20 354  18.00   2.20   1.60                     
12 20 354  19.00   2.40   1.70                     
12 20 354  20.00   2.40   1.60                     
12 20 354  21.00   2.70   1.40                     
