Mo da yda   time   FoF2   foEs    foE   foF1   fbEs
 3 10  69  22.00   3.20   1.50                     
 3 10  69  23.00   3.30   1.50                     
 3 10  69   0.00   3.40   1.50                     
 3 10  69   1.00   3.80   1.50                     
 3 10  69   2.00   5.90                            
 3 10  69   3.00   4.00                            
 3 10  69   4.00   4.80          1.70              
 3 10  69   5.00   5.10          2.05              
 3 10  69   6.00   6.20          2.30              
 3 10  69   7.00   6.10   3.00   2.55              
 3 10  69   8.00                 2.75              
 3 10  69   9.00   6.30          2.90   4.10       
 3 10  69  10.00   6.60          2.90   4.00       
 3 10  69  11.00   6.40          2.75              
 3 10  69  12.00   6.00          2.40              
 3 10  69  13.00   5.80          2.05              
 3 10  69  14.00   6.20                            
 3 10  69  15.00          1.50                     
