Mo da yda   time   FoF2   foEs    foE   foF1   fbEs
 1 13  13  22.00   2.70   1.60                     
 1 13  13  23.00   3.10                            
 1 13  13   0.00   3.20   1.50                     
 1 13  13   1.00   2.50   1.50                     
 1 13  13  12.00   5.40                            
 1 13  13  13.00   3.30   1.50                     
 1 13  13  14.00   3.00                            
 1 13  13  15.00   2.90   1.50                     
 1 13  13  16.00   2.60                            
 1 13  13  17.00   2.40                            
 1 13  13  18.00   2.20   2.50                     
 1 13  13  19.00   2.50                            
 1 13  13  20.00   2.60   1.50                     
 1 13  13  21.00   2.70   1.60                     
