Mo da yda   time   FoF2   foEs    foE   foF1   fbEs
 3 15  74  22.00   2.00   1.50                     
 3 15  74  23.00   1.90   1.30                     
 3 15  74   0.00   2.00                            
 3 15  74   1.00   1.90                            
 3 15  74   3.00          2.00                     
 3 15  74   4.00   4.70          1.85              
 3 15  74   5.00   5.30   3.00   2.30              
 3 15  74   6.00          3.00   2.50              
 3 15  74   7.00          4.10                     
 3 15  74   8.00          2.90          4.20       
 3 15  74   9.00          3.30          4.20       
 3 15  74  10.00          2.20   2.95   4.20       
 3 15  74  11.00   6.50   2.00          4.00       
 3 15  74  12.00          3.10                     
 3 15  74  13.00   5.90   2.90                     
 3 15  74  14.00   5.60   2.10                     
 3 15  74  15.00   5.70                            
 3 15  74  16.00          1.40                     
 3 15  74  17.00   5.10   1.50                     
 3 15  74  19.00   3.80   1.50                     
 3 15  74  20.00   3.30   1.50                     
 3 15  74  21.00   3.20   1.50                     
