Mo da yda   time   FoF2   foEs    foE   foF1   fbEs
 2 17  48  22.00   3.10   1.50                     
 2 17  48  23.00   3.20                            
 2 17  48   0.00   3.20   1.50                     
 2 17  48   1.00   3.20   1.50                     
 2 17  48   2.00   3.00                            
 2 17  48   3.00   2.80                            
 2 17  48   4.00   4.20                            
 2 17  48   5.00   5.40          1.95              
 2 17  48   6.00   5.90                            
 2 17  48   7.00   5.90                            
 2 17  48   8.00   5.80                            
 2 17  48  12.00   5.80                            
 2 17  48  13.00   5.20   2.00   1.80              
 2 17  48  14.00   5.10   2.10                     
 2 17  48  15.00   4.00   1.50                     
 2 17  48  16.00   3.80   1.50                     
 2 17  48  17.00   3.00   1.50                     
 2 17  48  20.00   2.70   1.50                     
 2 17  48  21.00   2.60   1.50                     
