Mo da yda   time   FoF2   foEs    foE   foF1   fbEs
 3  9  68  22.00   3.10   1.50                     
 3  9  68  23.00   3.20   1.50                     
 3  9  68   0.00   3.30   1.50                     
 3  9  68   1.00   3.30   1.50                     
 3  9  68   2.00   3.40                            
 3  9  68   3.00   3.80                            
 3  9  68   5.00   5.80          2.10              
 3  9  68   6.00   5.80          2.50              
 3  9  68   7.00   5.90          2.80              
 3  9  68   8.00   6.00          2.95   4.00       
 3  9  68   9.00   5.70          2.95   4.00       
 3  9  68  10.00   5.50          2.75   3.90       
 3  9  68  11.00   6.10          2.60   3.80       
 3  9  68  12.00   5.90          2.40              
 3  9  68  13.00   5.90   2.50   2.10              
 3  9  68  14.00   6.30   1.80   1.70              
 3  9  68  15.00          1.50                     
 3  9  68  18.00   3.30   1.50                     
 3  9  68  20.00   2.80   1.50                     
 3  9  68  21.00   3.10   1.50                     
