Mo da yda   time   FoF2   foEs    foE   foF1   fbEs
 3 18  77  22.00   3.40   1.50                     
 3 18  77  23.00   3.30   1.50                     
 3 18  77   0.00   3.20   1.50                     
 3 18  77   1.00   2.90   1.50                     
 3 18  77   2.00   2.60   1.50                     
 3 18  77   3.00   3.80                            
 3 18  77   4.00   4.90          2.00              
 3 18  77   5.00   5.50          2.45              
 3 18  77   6.00          3.10   2.70   4.00       
 3 18  77   7.00                 2.95              
 3 18  77   8.00                 3.05              
 3 18  77   9.00   6.10          3.05              
 3 18  77  10.00                 3.10              
 3 18  77  11.00                 3.10              
 3 18  77  12.00   5.80                            
 3 18  77  13.00   5.40          2.85              
 3 18  77  14.00   5.60                            
 3 18  77  15.00   5.50   2.00                     
 3 18  77  17.00   5.00                            
 3 18  77  21.00   3.00                            
