Mo da yda   time   FoF2   foEs    foE   foF1   fbEs
 3 13  72   8.00                 2.95   4.00       
 3 13  72   9.00                 3.05   4.20       
 3 13  72  10.00   6.50          3.00   4.20       
 3 13  72  11.00   6.60                            
 3 13  72  12.00   6.90                            
 3 13  72  13.00   6.10          2.30              
 3 13  72  14.00   6.30          1.80              
 3 13  72  15.00   6.60                            
 3 13  72  16.00          1.50                     
 3 13  72  17.00   6.00   1.50                     
 3 13  72  19.00          1.50                     
 3 13  72  21.00   2.70   1.50                     
