Mo da yda   time   FoF2   foEs    foE   foF1   fbEs
 1 16  16  22.00   3.20   1.50                     
 1 16  16  23.00   3.30   1.60                     
 1 16  16   0.00   3.30   1.60                     
 1 16  16   1.00   3.00   1.60                     
 1 16  16   2.00   3.00   1.60                     
 1 16  16   3.00          1.60                     
 1 16  16   4.00          1.70                     
 1 16  16   5.00   3.80                            
 1 16  16   6.00          2.40   1.95              
 1 16  16   7.00   4.90   2.50                     
 1 16  16   8.00          2.60                     
 1 16  16  10.00   5.30   2.30   2.10              
 1 16  16  11.00          1.90   1.95              
 1 16  16  12.00          2.70                     
 1 16  16  13.00   4.00   1.70                     
 1 16  16  14.00   3.50   1.60                     
 1 16  16  15.00   3.40   1.60                     
 1 16  16  16.00   3.30   1.50                     
 1 16  16  17.00          1.60                     
 1 16  16  18.00          2.00                     
 1 16  16  19.00          1.90                     
 1 16  16  20.00          1.70                     
 1 16  16  21.00   3.20   1.50                     
