Mo da yda   time   FoF2   foEs    foE   foF1   fbEs
 2 13  44  22.00   2.80                            
 2 13  44  23.00   3.20   1.50                     
 2 13  44   0.00   3.30   1.50                     
 2 13  44   1.00   2.60   1.50                     
 2 13  44   4.00   3.80                            
 2 13  44   5.00   5.00                            
 2 13  44   6.00   5.30                            
 2 13  44   7.00   6.00                            
 2 13  44  10.00                                   
 2 13  44  11.00   5.70          2.05              
 2 13  44  12.00                 1.75              
 2 13  44  13.00   5.90   2.00                     
 2 13  44  14.00   5.30   2.30                     
 2 13  44  15.00   4.50   1.50                     
 2 13  44  16.00   3.80   1.50                     
 2 13  44  17.00   2.80                            
 2 13  44  18.00   2.50   1.50                     
 2 13  44  19.00   2.50   1.50                     
 2 13  44  20.00   2.80                            
 2 13  44  21.00   3.20   1.50                     
