Mo da yda   time   FoF2   foEs    foE   foF1   fbEs
 3 28  87  22.00   3.10   1.50                     
 3 28  87  23.00   3.10                            
 3 28  87   0.00   2.70                            
 3 28  87   1.00   2.70   1.20                     
 3 28  87   2.00   3.20                            
 3 28  87   3.00   3.70                            
 3 28  87   4.00   4.00          2.10              
 3 28  87   8.00   6.10          2.90   4.10       
 3 28  87   9.00   6.30          3.00   4.20       
 3 28  87  10.00   7.30          3.05   4.10       
 3 28  87  11.00   6.90          2.85   4.00       
 3 28  87  12.00   6.70          2.60   3.80       
 3 28  87  13.00   5.10   1.50   2.45              
 3 28  87  14.00   4.70          1.95              
 3 28  87  15.00   4.80          1.70              
 3 28  87  16.00          1.50                     
 3 28  87  17.00          1.50                     
 3 28  87  21.00   3.10   1.50                     
