Mo da yda   time   FoF2   foEs    foE   foF1   fbEs
 3 25  84   3.00   3.80                            
 3 25  84   4.00                                   
 3 25  84   8.00                        4.10       
 3 25  84   9.00   5.80                 4.10       
 3 25  84  12.00   5.80          2.60   4.00       
 3 25  84  13.00   6.00          2.40   3.70       
 3 25  84  14.00   5.60          2.00              
 3 25  84  15.00   5.50                            
 3 25  84  21.00   2.40   1.60                     
