Mo da yda   time   FoF2   foEs    foE   foF1   fbEs
 2  3  34  22.00   3.20   1.50                     
 2  3  34  23.00   3.20   2.00                     
 2  3  34   0.00          1.40                     
 2  3  34   1.00   2.80   1.30                     
 2  3  34   4.00   2.60                            
 2  3  34   6.00   5.10   1.80   2.00              
 2  3  34   7.00          1.90   2.20              
 2  3  34   8.00          2.00                     
 2  3  34   9.00   5.60   2.70   2.50              
 2  3  34  10.00   5.90          2.50              
 2  3  34  11.00   4.80   2.60                     
 2  3  34  12.00                 2.20              
 2  3  34  13.00   4.60                            
 2  3  34  14.00   3.90                            
 2  3  34  15.00   3.50   1.50                     
 2  3  34  16.00   3.00                            
 2  3  34  19.00   3.40   1.60                     
 2  3  34  20.00   3.10   1.50                     
 2  3  34  21.00   3.40   1.70                     
