Mo da yda   time   FoF2   foEs    foE   foF1   fbEs
 1 29  29  22.00   2.20   2.50                     
 1 29  29  23.00   2.30   1.70                     
 1 29  29   0.00   2.60   1.90                     
 1 29  29   1.00   2.10   1.30                     
 1 29  29   2.00   1.90                            
 1 29  29   3.00   1.90                            
 1 29  29   4.00   2.00                            
 1 29  29   9.00   4.50   3.00                     
 1 29  29  11.00   5.40                            
 1 29  29  12.00                 2.15              
 1 29  29  13.00   4.70                            
 1 29  29  14.00   3.20                            
 1 29  29  15.00   3.00   2.00                     
 1 29  29  18.00   2.10   1.50                     
 1 29  29  19.00   2.20   1.50                     
 1 29  29  20.00   2.00   1.40                     
 1 29  29  21.00   2.30   1.40                     
