Mo da yda   time   FoF2   foEs    foE   foF1   fbEs
 2 16  47  22.00   2.80   1.50                     
 2 16  47  23.00   2.90   1.50                     
 2 16  47   0.00   2.90   1.50                     
 2 16  47   1.00   2.70   1.50                     
 2 16  47   4.00   4.00                            
 2 16  47   5.00   5.70                            
 2 16  47   6.00   5.90                            
 2 16  47   7.00   7.10                            
 2 16  47  12.00   5.70                            
 2 16  47  13.00   5.50                            
 2 16  47  14.00   4.80                            
 2 16  47  15.00   4.50   1.50                     
 2 16  47  16.00   4.00   1.50                     
 2 16  47  17.00   3.40   1.50                     
 2 16  47  18.00   2.70   1.50                     
 2 16  47  21.00   2.90   1.50                     
