Mo da yda   time   FoF2   foEs    foE   foF1   fbEs
 2  5  36  22.00   2.40   1.40                     
 2  5  36  23.00   2.40                            
 2  5  36   0.00   2.30   1.30                     
 2  5  36   1.00   2.10   1.50                     
 2  5  36   4.00          2.70                     
 2  5  36   5.00   4.10   2.00                     
 2  5  36   6.00                                   
 2  5  36   7.00                                   
 2  5  36   8.00                                   
 2  5  36   9.00   5.60          2.40              
 2  5  36  11.00   5.80                            
 2  5  36  14.00   4.10   1.50                     
 2  5  36  15.00   3.20   1.50                     
 2  5  36  21.00          1.50                     
