Mo da yda   time   FoF2   foEs    foE   foF1   fbEs
 3 20  79  22.00   3.40   1.50                     
 3 20  79  23.00   3.10   1.50                     
 3 20  79   0.00          1.50                     
 3 20  79   4.00   4.00          2.05              
 3 20  79   5.00   4.30   2.90   2.45              
 3 20  79   6.00   4.90          2.55   4.00       
 3 20  79   7.00   4.90          2.75   4.00       
 3 20  79  10.00   5.80          3.05   4.10       
 3 20  79  11.00   6.10          2.95   4.00       
 3 20  79  12.00   5.90          2.60   3.80       
 3 20  79  13.00   5.80          2.30              
 3 20  79  14.00   5.50          1.90              
 3 20  79  15.00   5.20   1.50                     
 3 20  79  16.00   5.10   1.50                     
 3 20  79  21.00   2.30   1.50                     
