Mo da yda   time   FoF2   foEs    foE   foF1   fbEs
 3  1  60  22.00   2.50   1.50                     
 3  1  60  23.00   2.60   1.40                     
 3  1  60   0.00   2.60                            
 3  1  60   1.00   2.30                            
 3  1  60   4.00   4.90                            
 3  1  60   5.00   6.30          2.05              
 3  1  60   6.00                 2.25              
 3  1  60   7.00   5.80          2.50   3.90       
 3  1  60   8.00                                   
 3  1  60   9.00   6.30          2.85   4.00       
 3  1  60  10.00   6.00   3.10   2.80   3.90       
 3  1  60  11.00   5.50   3.50   2.55              
 3  1  60  12.00   5.40          2.25              
 3  1  60  13.00   5.80   2.10                     
 3  1  60  14.00   5.10   1.90                     
 3  1  60  15.00   4.10   1.50                     
 3  1  60  17.00   3.80   1.50                     
 3  1  60  21.00   3.40   2.50                     
