Mo da yda   time   FoF2   foEs    foE   foF1   fbEs
 1 15  15  22.00   3.00   1.50                     
 1 15  15  23.00   3.10   1.50                     
 1 15  15   0.00   2.60   2.00                     
 1 15  15   1.00   2.50   1.40                     
 1 15  15   5.00   3.90                            
 1 15  15   6.00   5.90   2.30   1.90              
 1 15  15   7.00   5.90          2.10              
 1 15  15   8.00   5.50          2.30              
 1 15  15   9.00   5.80   2.90   2.35              
 1 15  15  10.00   6.20   2.80                     
 1 15  15  11.00                 2.30              
 1 15  15  14.00   3.40                            
 1 15  15  15.00   3.50   1.70                     
 1 15  15  16.00          1.60                     
 1 15  15  17.00          1.60                     
 1 15  15  18.00          1.70                     
 1 15  15  19.00   3.00   1.70                     
 1 15  15  20.00          1.80                     
 1 15  15  21.00   3.00   1.60                     
