Mo da yda   time   FoF2   foEs    foE   foF1   fbEs
 2 12  43  22.00   3.40   1.50                     
 2 12  43  23.00   3.60   1.50                     
 2 12  43   0.00          1.20                     
 2 12  43   9.00                                   
 2 12  43  10.00                                   
 2 12  43  11.00   5.70                            
 2 12  43  13.00   5.10                            
 2 12  43  14.00   5.00                            
 2 12  43  15.00   4.00   1.50                     
 2 12  43  16.00   3.60   1.50                     
 2 12  43  21.00   2.70   1.50                     
