Mo da yda   time   FoF2   foEs    foE   foF1   fbEs
 2 24  55  22.00   2.40   1.60                     
 2 24  55  23.00   2.20   2.00                     
 2 24  55   0.00   2.10   1.50                     
 2 24  55   4.00   3.40                            
 2 24  55   5.00   4.00                            
 2 24  55   8.00                        4.00       
 2 24  55   9.00   5.00                            
 2 24  55  10.00                                   
 2 24  55  11.00   5.20                 4.00       
 2 24  55  12.00   5.10                            
 2 24  55  13.00   5.40   2.50   2.00              
 2 24  55  14.00   4.80                            
 2 24  55  15.00   4.30   1.80                     
 2 24  55  16.00   3.00   1.50                     
