Mo da yda   time   FoF2   foEs    foE   foF1   fbEs
 3  4  63  22.00   3.40   1.50                     
 3  4  63  23.00   3.20   1.50                     
 3  4  63   0.00   3.30                            
 3  4  63   1.00          1.50                     
 3  4  63   2.00   3.10   1.50                     
 3  4  63   3.00   3.20   1.50                     
 3  4  63   4.00                 1.80              
 3  4  63   5.00   6.60   2.60   2.25              
 3  4  63   6.00          2.30   2.45              
 3  4  63   7.00          2.20   2.05              
 3  4  63   8.00   6.50   2.00   2.65   4.00       
 3  4  63   9.00   6.00   3.20   2.85   4.00       
 3  4  63  10.00   6.10   2.20   2.75   4.00       
 3  4  63  11.00   6.00   2.00   2.55   3.90       
 3  4  63  12.00   5.50   2.00   2.30              
 3  4  63  13.00   6.00          1.90              
 3  4  63  14.00   5.40                            
 3  4  63  21.00   3.40   1.50                     
