Mo da yda   time   FoF2   foEs    foE   foF1   fbEs
 3 19  78  22.00   3.00                            
 3 19  78  23.00   2.90                            
 3 19  78   0.00          1.50                     
 3 19  78   3.00   4.00                            
 3 19  78   4.00   5.30          2.05              
 3 19  78   5.00   5.90          2.50              
 3 19  78   6.00                 2.80              
 3 19  78   7.00   6.50          3.00              
 3 19  78   8.00   6.60          3.10   4.20       
 3 19  78   9.00   6.40          3.10   4.20       
 3 19  78  10.00   6.90          3.00   4.00       
 3 19  78  11.00   7.10          2.80   3.80       
 3 19  78  12.00   7.00          2.60   3.70       
 3 19  78  13.00   6.60          2.45              
 3 19  78  14.00   6.30          1.80              
 3 19  78  15.00   6.10                            
 3 19  78  17.00          1.50                     
 3 19  78  18.00   3.80   1.50                     
 3 19  78  19.00   3.90   1.50                     
 3 19  78  20.00   3.80   1.50                     
 3 19  78  21.00   3.50   1.50                     
