Mo da yda   time   FoF2   foEs    foE   foF1   fbEs
 2 28  59  22.00   2.50                            
 2 28  59  23.00   2.80                            
 2 28  59   0.00   2.50   1.20                     
 2 28  59   1.00   2.10   1.20                     
 2 28  59   6.00   5.80          2.05              
 2 28  59   7.00   6.10          2.30   3.90       
 2 28  59   8.00   5.90          2.55              
 2 28  59   9.00   5.60          2.75              
 2 28  59  10.00   5.30          2.70   4.00       
 2 28  59  11.00   5.20          2.65   3.90       
 2 28  59  12.00                 2.45              
 2 28  59  13.00   5.80          2.05              
 2 28  59  14.00   5.30                            
 2 28  59  21.00   2.30   1.50                     
