Mo da yda   time   FoF2   foEs    foE   foF1   fbEs
 3  3  62  22.00   3.40   1.50                     
 3  3  62  23.00   3.40   1.50                     
 3  3  62   0.00   3.30   1.30                     
 3  3  62   1.00   3.30   1.50                     
 3  3  62   4.00   4.30                            
 3  3  62   5.00   5.10   2.20   2.05              
 3  3  62   6.00   5.90          2.30   3.80       
 3  3  62   7.00   5.90          2.60   3.90       
 3  3  62   8.00   6.10          2.80   4.10       
 3  3  62   9.00   6.00   2.10   2.85   4.00       
 3  3  62  10.00   6.80   2.10                     
 3  3  62  11.00   5.80   2.00                     
 3  3  62  12.00   5.10          2.05              
 3  3  62  14.00          1.50                     
 3  3  62  16.00   3.60   1.50                     
 3  3  62  17.00   3.60                            
 3  3  62  18.00   3.70   1.50                     
 3  3  62  19.00   3.60                            
 3  3  62  20.00   3.30   1.50                     
 3  3  62  21.00   3.30   1.50                     
