Mo da yda   time   FoF2   foEs    foE   foF1   fbEs
 2 18  49  22.00   2.90   1.50                     
 2 18  49  23.00   3.10   1.50                     
 2 18  49   0.00   2.90                            
 2 18  49   1.00   2.70   1.50                     
 2 18  49   2.00   2.80   1.50                     
 2 18  49   3.00   2.90                            
 2 18  49   4.00   4.60                            
 2 18  49   6.00                                   
 2 18  49   7.00                                   
 2 18  49   8.00                                   
 2 18  49   9.00                                   
 2 18  49  10.00   5.70                            
 2 18  49  11.00                                   
 2 18  49  12.00   5.60                            
 2 18  49  13.00   5.20   2.00                     
 2 18  49  14.00   4.30   3.00                     
 2 18  49  15.00   3.80                            
 2 18  49  20.00   3.00   1.50                     
 2 18  49  21.00   3.30   1.50                     
