Mo da yda   time   FoF2   foEs    foE   foF1   fbEs
 3 26  85  22.00   2.40   1.50                     
 3 26  85  23.00   2.30                            
 3 26  85   0.00   2.30                            
 3 26  85   1.00   2.20   1.50                     
 3 26  85   4.00   3.50          2.05              
 3 26  85   5.00                 2.40              
 3 26  85   6.00                 2.55              
 3 26  85  10.00                        4.00       
 3 26  85  11.00                                   
 3 26  85  12.00   5.70          2.75   3.90       
 3 26  85  13.00   5.20          2.30              
 3 26  85  14.00   5.10          1.95              
 3 26  85  15.00   5.30                            
 3 26  85  16.00          1.50                     
 3 26  85  17.00   4.00   1.50                     
 3 26  85  18.00   3.50   1.50                     
 3 26  85  19.00   3.10                            
 3 26  85  20.00   3.00   1.50                     
 3 26  85  21.00   2.90   1.50                     
