Mo da yda   time   FoF2   foEs    foE   foF1   fbEs
 3 16  75  22.00   3.10   1.50                     
 3 16  75  23.00   3.00   1.50                     
 3 16  75   0.00   2.70   1.50                     
 3 16  75   3.00   3.20                            
 3 16  75   4.00   4.30                            
 3 16  75   5.00   5.40          2.35              
 3 16  75   6.00   5.70   2.80   2.55              
 3 16  75   7.00   6.00          2.80              
 3 16  75   8.00          3.00   2.95   4.00       
 3 16  75   9.00   7.10          3.60   4.10       
 3 16  75  10.00   6.70                 4.10       
 3 16  75  11.00   6.10                            
 3 16  75  12.00   6.10          2.60              
 3 16  75  13.00   6.40          2.30              
 3 16  75  15.00   5.60   1.80                     
 3 16  75  16.00   5.30                            
 3 16  75  17.00   5.10                            
 3 16  75  18.00   3.30                            
 3 16  75  19.00   3.20                            
 3 16  75  21.00   2.80                            
