Mo da yda   time   FoF2   foEs    foE   foF1   fbEs
 1 20  20  22.00   2.40   1.50                     
 1 20  20  23.00   2.60   1.90                     
 1 20  20   0.00   2.50   1.50                     
 1 20  20   1.00   2.10                            
 1 20  20   2.00   2.00                            
 1 20  20   5.00   4.50   1.60                     
 1 20  20   6.00   5.00   2.30   2.00              
 1 20  20   7.00   5.60   3.10   2.10              
 1 20  20   8.00          3.20   2.25              
 1 20  20   9.00          3.00   2.35              
 1 20  20  10.00   5.40   2.50                     
 1 20  20  11.00          3.50                     
 1 20  20  12.00          2.00                     
 1 20  20  15.00          2.80                     
 1 20  20  16.00          1.80                     
 1 20  20  17.00          1.70                     
 1 20  20  18.00   2.60   1.70                     
 1 20  20  19.00   3.20   2.00                     
 1 20  20  20.00          1.60                     
 1 20  20  21.00   2.90   1.60                     
