Mo da yda   time   FoF2   foEs    foE   foF1   fbEs
 3  2  61  22.00   3.30   1.50                     
 3  2  61  23.00   3.20   1.50                     
 3  2  61   0.00   3.10   1.50                     
 3  2  61   1.00   3.00   1.50                     
 3  2  61   4.00   4.80          1.80              
 3  2  61   5.00   5.50          2.05              
 3  2  61   6.00   6.00          2.45              
 3  2  61   7.00   6.00          2.55   4.00       
 3  2  61   8.00   6.20          2.75   4.00       
 3  2  61   9.00   5.70          2.90   4.00       
 3  2  61  10.00   5.60          2.80   4.10       
 3  2  61  11.00   5.60          2.60   4.00       
 3  2  61  12.00   5.70   1.50   2.40              
 3  2  61  13.00   5.60          1.85              
 3  2  61  14.00   5.90                            
 3  2  61  15.00   4.80   1.50                     
 3  2  61  21.00   3.40   1.50                     
