Mo da yda   time   FoF2   foEs    foE   foF1   fbEs
 3 12  71  22.00          1.50                     
 3 12  71  23.00          1.50                     
 3 12  71   0.00   3.50   1.50                     
 3 12  71   1.00   3.60   1.50                     
 3 12  71   2.00   3.70   1.50                     
 3 12  71   3.00   4.00                            
 3 12  71   4.00   4.80          1.80              
 3 12  71   5.00                 2.15              
 3 12  71   6.00                 2.50              
 3 12  71   7.00   6.40          2.80   4.00       
 3 12  71   8.00          3.00   2.90   4.00       
 3 12  71   9.00   6.60          2.95   4.00       
 3 12  71  10.00   6.70          2.95   4.10       
 3 12  71  11.00   6.30          2.80              
 3 12  71  12.00   6.50          2.60              
 3 12  71  13.00   6.00          2.15              
 3 12  71  14.00                 1.60              
 3 12  71  15.00          1.30                     
