         2         1         1      2.25
         2         1         2    0.3138
         2         1         3     4.856
         2         1         4     37.02
         2         1         5     89.83
         2         1         6     85.37
         2         1         7     31.23
         2         1         8     6.116
         2         1         9    0.2953
         2         1        10     1.935
         2         1        11     5.918
         2         1        12     5.034
         2         1        13     2.723
         2         1        14    0.5793
         2         1        15    0.2717
         2         1        16     6.162
         2         1        17     27.55
         2         1        18      32.8
         2         1        19     11.52
         2         1        20     1.182
         2         1        21      4.15
         2         1        22     25.01
         2         1        23     30.68
         2         1        24     11.43
         2         1        25     2.473
         2         1        26    0.6681
         2         1        27      1.05
         2         1        28      16.2
         2         1        29     105.8
         2         1        30     207.5
         2         1        31     94.95
         2         1        32     2.698
         2         1        33     113.8
         2         1        34     140.3
         2         1        35     53.86
         2         1        36     4.801
         2         1        37    0.3818
         2         1        38    0.8196
         2         1        39    0.4371
         2         1        40     1.862
         2         1        41     1.941
         2         1        42    0.2425
         2         1        43     4.009
         2         1        44     2.924
         2         1        45     1.801
         2         1        46     4.264
         2         1        47     17.67
         2         1        48     64.96
         2         1        49     125.6
         2         1        50     103.7
         2         1        51     33.43
         2         1        52     2.098
         2         1        53      3.09
         2         1        54     28.41
         2         1        55     106.2
         2         1        56     194.4
         2         1        57     138.3
         2         1        58     22.76
         2         1        59     2.449
         2         1        60     24.46
         2         1        61     36.55
         2         1        62      25.3
         2         1        63      16.8
         2         1        64     46.85
         2         1        65     110.9
         2         1        66     68.78
         2         1        67     1.002
         2         1        68     19.89
         2         1        69     32.68
         2         1        70     22.06
         2         1        71     8.233
         2         1        72 0.0009125
         2         1        73     33.39
         2         1        74     201.6
         2         1        75     371.4
         2         1        76     244.6
         2         1        77     67.71
         2         1        78     24.92
         2         1        79     34.44
         2         1        80     48.23
         2         1        81     43.25
         2         1        82      25.7
         2         1        83     14.24
         2         1        84     15.96
         2         1        85     20.94
         2         1        86     3.438
         2         1        87     26.06
         2         1        88     127.2
         2         1        89     141.1
         2         1        90     85.12
         2         1        91     60.97
         2         1        92     44.58
         2         1        93      12.6
         2         1        94  0.004187
         2         1        95     8.711
         2         1        96     57.48
         2         1        97       163
         2         1        98     197.7
         2         1        99     106.9
         2         1       100     15.63
         2         1       101     14.45
         2         1       102     111.5
         2         1       103     142.9
         2         1       104     71.58
         2         1       105     24.66
         2         1       106     14.41
         2         1       107     17.94
         2         1       108     26.58
         2         1       109     36.19
         2         1       110     32.34
         2         1       111     5.945
         2         1       112     4.747
         2         1       113     13.93
         2         1       114     2.368
         2         1       115    0.5976
         2         1       116     2.609
         2         1       117     3.832
         2         1       118     2.872
         2         1       119    0.3093
         2         1       120    0.2194
         4         2         1     2.346
         4         2         2     1.773
         4         2         3    0.8272
         4         2         4     35.18
         4         2         5     34.81
         4         2         6     55.91
         4         2         7     84.36
         4         2         8     12.51
         4         2         9     63.95
         4         2        10      2.57
         4         2        11     12.62
         4         2        12      16.8
         4         2        13     2.693
         4         2        14     19.97
         4         2        15     21.83
         4         2        16     22.04
         4         2        17     9.489
         4         2        18     37.21
         4         2        19     4.396
         4         2        20     72.92
         4         2        21     38.22
         4         2        22     103.3
         4         2        23     35.15
         4         2        24      96.5
         4         2        25      11.5
         4         2        26      98.5
         4         2        27     10.15
         4         2        28     156.2
         4         2        29     47.43
         4         2        30     181.2
         4         2        31     122.2
         4         2        32     72.75
         4         2        33     112.9
         4         2        34     3.501
         4         2        35     23.45
         4         2        36    0.4975
         4         2        37     5.129
         4         2        38    0.2265
         4         2        39     52.65
         4         2        40      1.18
         4         2        41     81.38
         4         2        42     8.331
         4         2        43     48.01
         4         2        44     18.85
         4         2        45     1.945
         4         2        46     23.21
         4         2        47     22.94
         4         2        48     24.38
         4         2        49     57.67
         4         2        50     24.69
         4         2        51     27.06
         4         2        52     29.47
         4         2        53   0.07726
         4         2        54     59.78
         4         2        55     30.08
         4         2        56     107.5
         4         2        57     52.25
         4         2        58     109.4
         4         2        59     11.19
         4         2        60     91.84
         4         2        61      21.5
         4         2        62     110.8
         4         2        63     158.9
         4         2        64     145.2
         4         2        65     262.9
         4         2        66     120.5
         4         2        67     166.7
         4         2        68     45.03
         4         2        69     23.88
         4         2        70     4.604
         4         2        71     19.19
         4         2        72    0.8196
         4         2        73     192.7
         4         2        74     10.54
         4         2        75     406.5
         4         2        76     18.56
         4         2        77     329.9
         4         2        78     9.008
         4         2        79     95.76
         4         2        80    0.1659
         4         2        81     3.661
         4         2        82     8.477
         4         2        83     3.465
         4         2        84      56.7
         4         2        85     3.226
         4         2        86     157.4
         4         2        87    0.4384
         4         2        88       242
         4         2        89     5.437
         4         2        90     243.4
         4         2        91    0.3591
         4         2        92     192.3
         4         2        93     12.16
         4         2        94     134.9
         4         2        95     54.14
         4         2        96      86.8
         4         2        97     84.66
         4         2        98     28.17
         4         2        99     90.69
         4         2       100     3.013
         4         2       101     94.62
         4         2       102      55.9
         4         2       103     73.49
         4         2       104     52.19
         4         2       105     32.78
         4         2       106     15.26
         4         2       107      17.6
         4         2       108     10.61
         4         2       109     30.61
         4         2       110     32.58
         4         2       111        63
         4         2       112     59.52
         4         2       113     69.16
         4         2       114      57.2
         4         2       115     29.54
         4         2       116     37.62
         4         2       117     2.746
         4         2       118     19.46
         4         2       119   0.07541
         4         2       120     7.586
         6         3         1     77.49
         6         3         2     6.136
         6         3         3     243.1
         6         3         4     247.2
         6         3         5    0.5143
         6         3         6     333.7
         6         3         7     317.6
         6         3         8    0.2867
         6         3         9     271.9
         6         3        10     176.6
         6         3        11     10.24
         6         3        12     177.7
         6         3        13      53.7
         6         3        14     34.19
         6         3        15     134.3
         6         3        16     28.17
         6         3        17     35.15
         6         3        18     142.5
         6         3        19     54.57
         6         3        20     17.88
         6         3        21     152.1
         6         3        22     81.06
         6         3        23     2.878
         6         3        24     71.85
         6         3        25     47.39
         6         3        26     5.174
         6         3        27    0.6424
         6         3        28     11.69
         6         3        29     29.55
         6         3        30      11.8
         6         3        31     2.809
         6         3        32     13.23
         6         3        33    0.6144
         6         3        34    0.6561
         6         3        35     4.729
         6         3        36     15.14
         6         3        37     1.463
         6         3        38     59.98
         6         3        39     30.36
         6         3        40     25.11
         6         3        41     116.8
         6         3        42     10.23
         6         3        43     83.53
         6         3        44     108.7
         6         3        45     1.837
         6         3        46     130.3
         6         3        47      53.7
         6         3        48     30.74
         6         3        49       139
         6         3        50     22.19
         6         3        51     56.01
         6         3        52     144.2
         6         3        53     18.25
         6         3        54     64.96
         6         3        55     142.4
         6         3        56      6.87
         6         3        57     78.76
         6         3        58     62.37
         6         3        59     13.08
         6         3        60     66.86
         6         3        61     3.549
         6         3        62     127.2
         6         3        63     13.89
         6         3        64     148.4
         6         3        65       191
         6         3        66     6.246
         6         3        67     239.6
         6         3        68     73.22
         6         3        69     59.88
         6         3        70     124.3
         6         3        71     4.222
         6         3        72     158.5
         6         3        73      20.6
         6         3        74     156.5
         6         3        75       245
         6         3        76     0.109
         6         3        77     250.5
         6         3        78     169.5
         6         3        79     3.492
         6         3        80     108.2
         6         3        81     44.53
         6         3        82   0.08434
         6         3        83     10.12
         6         3        84     11.24
         6         3        85     5.554
         6         3        86     2.058
         6         3        87     28.84
         6         3        88     7.021
         6         3        89     28.46
         6         3        90     51.63
         6         3        91     1.584
         6         3        92     65.96
         6         3        93     9.773
         6         3        94     29.55
         6         3        95     13.46
         6         3        96     24.61
         6         3        97     22.71
         6         3        98      39.1
         6         3        99     133.1
         6         3       100    0.6641
         6         3       101     184.9
         6         3       102     184.9
         6         3       103    0.3228
         6         3       104     161.5
         6         3       105     143.8
         6         3       106     5.018
         6         3       107     50.95
         6         3       108     101.6
         6         3       109     24.17
         6         3       110     21.98
         6         3       111     92.18
         6         3       112     14.11
         6         3       113     41.86
         6         3       114     73.69
         6         3       115    0.1454
         6         3       116     52.59
         6         3       117     30.23
         6         3       118     2.636
         6         3       119      23.5
         6         3       120     4.214
         8         4         1     3.427
         8         4         2     208.1
         8         4         3     377.4
         8         4         4     151.1
         8         4         5      7.77
         8         4         6     241.7
         8         4         7       312
         8         4         8     84.78
         8         4         9     4.888
         8         4        10      72.6
         8         4        11     59.41
         8         4        12     15.35
         8         4        13     3.757
         8         4        14     4.845
         8         4        15     1.676
         8         4        16     9.844
         8         4        17     76.11
         8         4        18     100.3
         8         4        19     15.09
         8         4        20     44.61
         8         4        21     204.6
         8         4        22     169.4
         8         4        23     9.607
         8         4        24     82.04
         8         4        25     246.1
         8         4        26     169.6
         8         4        27     11.09
         8         4        28     52.41
         8         4        29     166.5
         8         4        30     130.7
         8         4        31     21.68
         8         4        32      10.9
         8         4        33     71.17
         8         4        34     74.82
         8         4        35     19.87
         8         4        36     1.929
         8         4        37     28.35
         8         4        38      26.2
         8         4        39     2.207
         8         4        40     5.631
         8         4        41     11.53
         8         4        42     1.746
         8         4        43     1.644
         8         4        44     3.274
         8         4        45    0.1302
         8         4        46    0.3661
         8         4        47    0.3812
         8         4        48     7.096
         8         4        49     5.838
         8         4        50     1.712
         8         4        51     33.91
         8         4        52      46.1
         8         4        53     6.129
         8         4        54     18.76
         8         4        55      75.3
         8         4        56     57.62
         8         4        57     4.306
         8         4        58     18.87
         8         4        59     69.96
         8         4        60      70.1
         8         4        61     19.21
         8         4        62     4.695
         8         4        63     70.31
         8         4        64     116.6
         8         4        65     57.25
         8         4        66   0.06272
         8         4        67     49.51
         8         4        68     113.6
         8         4        69     94.03
         8         4        70     29.51
         8         4        71    0.3556
         8         4        72     51.24
         8         4        73     148.9
         8         4        74     158.1
         8         4        75     40.07
         8         4        76     18.58
         8         4        77     173.7
         8         4        78     209.2
         8         4        79     56.13
         8         4        80     6.868
         8         4        81     84.26
         8         4        82     82.07
         8         4        83     18.84
         8         4        84    0.2103
         8         4        85     6.015
         8         4        86     4.354
         8         4        87     2.356
         8         4        88     3.956
         8         4        89     6.746
         8         4        90     3.052
         8         4        91    0.9516
         8         4        92     17.18
         8         4        93     30.72
         8         4        94     13.84
         8         4        95     1.098
         8         4        96     43.95
         8         4        97     93.74
         8         4        98     53.14
         8         4        99    0.4435
         8         4       100     103.4
         8         4       101     219.7
         8         4       102     109.5
         8         4       103    0.8531
         8         4       104     141.8
         8         4       105       227
         8         4       106     77.42
         8         4       107     2.609
         8         4       108     73.95
         8         4       109     70.02
         8         4       110     10.42
         8         4       111      2.11
         8         4       112     5.245
         8         4       113   0.06581
         8         4       114     1.655
         8         4       115    0.1078
         8         4       116     4.279
         8         4       117     11.07
         8         4       118     4.511
         8         4       119    0.2509
         8         4       120     5.864
        10         5         1     108.2
        10         5         2     314.4
        10         5         3     331.3
        10         5         4     121.8
        10         5         5    0.8453
        10         5         6     155.9
        10         5         7       350
        10         5         8       296
        10         5         9     83.15
        10         5        10     2.873
        10         5        11     112.5
        10         5        12     202.4
        10         5        13     135.4
        10         5        14     20.03
        10         5        15     15.06
        10         5        16     94.35
        10         5        17     109.2
        10         5        18     33.34
        10         5        19     4.328
        10         5        20     84.93
        10         5        21     140.7
        10         5        22     69.27
        10         5        23  0.001189
        10         5        24     81.13
        10         5        25     202.6
        10         5        26     166.5
        10         5        27     30.84
        10         5        28     18.39
        10         5        29     143.7
        10         5        30     200.9
        10         5        31     106.7
        10         5        32     7.725
        10         5        33     22.46
        10         5        34     82.13
        10         5        35     81.27
        10         5        36     31.55
        10         5        37      1.36
        10         5        38     4.582
        10         5        39     10.54
        10         5        40     6.102
        10         5        41    0.9698
        10         5        42 2.752e-005
        10         5        43   0.02031
        10         5        44      1.44
        10         5        45     5.691
        10         5        46     7.586
        10         5        47     2.866
        10         5        48    0.5169
        10         5        49        13
        10         5        50     31.06
        10         5        51     28.55
        10         5        52     6.341
        10         5        53     3.854
        10         5        54     36.64
        10         5        55      56.8
        10         5        56     27.72
        10         5        57 0.0008864
        10         5        58      34.5
        10         5        59     84.55
        10         5        60     62.79
        10         5        61      4.82
        10         5        62     30.48
        10         5        63     132.2
        10         5        64     157.1
        10         5        65      57.6
        10         5        66     2.518
        10         5        67     123.4
        10         5        68     277.3
        10         5        69     238.1
        10         5        70     56.74
        10         5        71     15.97
        10         5        72       207
        10         5        73       369
        10         5        74     267.6
        10         5        75     49.46
        10         5        76     23.01
        10         5        77     201.3
        10         5        78       305
        10         5        79     190.1
        10         5        80     28.22
        10         5        81      16.4
        10         5        82     110.8
        10         5        83     145.6
        10         5        84     79.44
        10         5        85     9.516
        10         5        86     7.463
        10         5        87     39.77
        10         5        88     43.32
        10         5        89     15.03
        10         5        90    0.1122
        10         5        91     15.91
        10         5        92     27.13
        10         5        93     9.918
        10         5        94      2.12
        10         5        95     40.94
        10         5        96     79.22
        10         5        97     49.46
        10         5        98    0.8765
        10         5        99     47.96
        10         5       100     163.7
        10         5       101     182.8
        10         5       102     69.03
        10         5       103    0.5335
        10         5       104     91.83
        10         5       105     206.8
        10         5       106     177.2
        10         5       107      53.7
        10         5       108    0.3577
        10         5       109     51.01
        10         5       110     103.3
        10         5       111     87.38
        10         5       112     34.29
        10         5       113     2.037
        10         5       114     5.906
        10         5       115      23.3
        10         5       116     30.13
        10         5       117     21.11
        10         5       118      6.92
        10         5       119   0.08293
        10         5       120     2.896
        12         6         1     206.9
        12         6         2     309.7
        12         6         3       244
        12         6         4     77.82
        12         6         5    0.4999
        12         6         6     97.34
        12         6         7     246.5
        12         6         8     272.3
        12         6         9       154
        12         6        10     27.86
        12         6        11     4.627
        12         6        12     54.25
        12         6        13     81.73
        12         6        14      55.2
        12         6        15     16.46
        12         6        16    0.7953
        12         6        17    0.3642
        12         6        18   0.01232
        12         6        19     2.241
        12         6        20     7.283
        12         6        21      4.71
        12         6        22     0.224
        12         6        23     19.45
        12         6        24     63.18
        12         6        25     86.55
        12         6        26     55.59
        12         6        27     7.191
        12         6        28     12.26
        12         6        29     79.86
        12         6        30     136.8
        12         6        31     117.7
        12         6        32     45.94
        12         6        33    0.8939
        12         6        34      22.3
        12         6        35     73.48
        12         6        36     95.11
        12         6        37     69.83
        12         6        38     27.02
        12         6        39     1.912
        12         6        40      4.43
        12         6        41     21.49
        12         6        42     35.52
        12         6        43     37.01
        12         6        44     26.37
        12         6        45     10.91
        12         6        46    0.7525
        12         6        47     3.011
        12         6        48     15.35
        12         6        49     25.75
        12         6        50     23.09
        12         6        51     9.923
        12         6        52    0.4459
        12         6        53     2.915
        12         6        54     9.167
        12         6        55      7.64
        12         6        56     1.223
        12         6        57     1.103
        12         6        58     6.086
        12         6        59     4.627
        12         6        60  0.009537
        12         6        61     11.98
        12         6        62     40.38
        12         6        63      50.3
        12         6        64     22.12
        12         6        65    0.2372
        12         6        66     46.33
        12         6        67     139.2
        12         6        68     174.3
        12         6        69     99.06
        12         6        70      7.51
        12         6        71     37.45
        12         6        72     182.5
        12         6        73     279.1
        12         6        74     208.7
        12         6        75     55.29
        12         6        76     3.629
        12         6        77     107.7
        12         6        78       231
        12         6        79     225.4
        12         6        80     105.6
        12         6        81     8.707
        12         6        82     18.81
        12         6        83     86.89
        12         6        84     117.9
        12         6        85     83.92
        12         6        86     30.25
        12         6        87     2.273
        12         6        88      2.34
        12         6        89     9.752
        12         6        90     12.91
        12         6        91     13.66
        12         6        92     16.63
        12         6        93      23.4
        12         6        94     29.44
        12         6        95     24.39
        12         6        96     7.091
        12         6        97     1.976
        12         6        98     40.15
        12         6        99     110.1
        12         6       100     147.8
        12         6       101     105.4
        12         6       102     24.83
        12         6       103      5.14
        12         6       104     85.03
        12         6       105     185.2
        12         6       106     195.6
        12         6       107     105.4
        12         6       108     13.82
        12         6       109     12.45
        12         6       110     85.57
        12         6       111     141.1
        12         6       112     120.1
        12         6       113     51.17
        12         6       114     3.658
        12         6       115     9.557
        12         6       116     42.33
        12         6       117     58.57
        12         6       118     43.74
        12         6       119     16.59
        12         6       120     1.005
        14         7         1     228.5
        14         7         2     258.2
        14         7         3     181.6
        14         7         4     61.53
        14         7         5    0.2122
        14         7         6     48.19
        14         7         7     160.5
        14         7         8     240.5
        14         7         9     225.9
        14         7        10     134.9
        14         7        11     39.53
        14         7        12    0.1255
        14         7        13     24.47
        14         7        14     76.25
        14         7        15     112.1
        14         7        16     110.9
        14         7        17     78.67
        14         7        18     36.47
        14         7        19     6.266
        14         7        20     1.638
        14         7        21     23.39
        14         7        22     58.65
        14         7        23     85.22
        14         7        24     83.62
        14         7        25      52.3
        14         7        26     13.72
        14         7        27    0.6592
        14         7        28     28.76
        14         7        29     78.98
        14         7        30     110.2
        14         7        31     94.79
        14         7        32     45.36
        14         7        33     4.787
        14         7        34     7.956
        14         7        35     50.49
        14         7        36     93.88
        14         7        37     100.8
        14         7        38     66.92
        14         7        39     21.65
        14         7        40    0.1193
        14         7        41     14.01
        14         7        42     45.48
        14         7        43     65.69
        14         7        44     59.11
        14         7        45     33.13
        14         7        46     8.261
        14         7        47   0.06389
        14         7        48     8.746
        14         7        49     22.66
        14         7        50     29.78
        14         7        51     26.26
        14         7        52     16.32
        14         7        53     6.574
        14         7        54     1.019
        14         7        55    0.1957
        14         7        56     3.066
        14         7        57     8.702
        14         7        58     16.32
        14         7        59     23.96
        14         7        60     27.46
        14         7        61     22.34
        14         7        62     9.548
        14         7        63    0.1108
        14         7        64     9.934
        14         7        65     43.46
        14         7        66     81.15
        14         7        67     90.48
        14         7        68     58.23
        14         7        69     12.58
        14         7        70     3.473
        14         7        71     52.16
        14         7        72     121.8
        14         7        73     147.7
        14         7        74     102.7
        14         7        75     29.55
        14         7        76     0.524
        14         7        77     44.88
        14         7        78     118.9
        14         7        79     150.5
        14         7        80     110.6
        14         7        81     38.64
        14         7        82    0.3035
        14         7        83     25.22
        14         7        84     84.36
        14         7        85     122.5
        14         7        86     108.2
        14         7        87     56.36
        14         7        88     9.734
        14         7        89     3.238
        14         7        90     39.44
        14         7        91     90.19
        14         7        92     118.3
        14         7        93     102.9
        14         7        94     54.54
        14         7        95      9.18
        14         7        96      4.64
        14         7        97     51.29
        14         7        98     119.2
        14         7        99     156.6
        14         7       100       131
        14         7       101     60.85
        14         7       102     5.298
        14         7       103     14.62
        14         7       104      83.4
        14         7       105     152.2
        14         7       106     160.1
        14         7       107     100.9
        14         7       108     27.04
        14         7       109    0.3871
        14         7       110     35.59
        14         7       111     91.51
        14         7       112       114
        14         7       113     85.18
        14         7       114     33.73
        14         7       115      2.04
        14         7       116     7.623
        14         7       117     33.59
        14         7       118     50.67
        14         7       119     44.44
        14         7       120      23.2
        16         8         1     221.7
        16         8         2     212.8
        16         8         3     137.3
        16         8         4     45.15
        16         8         5    0.2103
        16         8         6     35.16
        16         8         7     127.2
        16         8         8       214
        16         8         9     237.4
        16         8        10     183.6
        16         8        11     89.71
        16         8        12     15.96
        16         8        13     3.404
        16         8        14     48.92
        16         8        15     111.9
        16         8        16     145.4
        16         8        17     127.5
        16         8        18     73.09
        16         8        19     19.73
        16         8        20   0.04159
        16         8        21     20.27
        16         8        22     58.73
        16         8        23     83.43
        16         8        24      75.6
        16         8        25     42.16
        16         8        26     9.093
        16         8        27     1.018
        16         8        28     22.58
        16         8        29     55.47
        16         8        30      73.2
        16         8        31     61.81
        16         8        32      30.6
        16         8        33     4.269
        16         8        34     3.244
        16         8        35     27.73
        16         8        36     58.12
        16         8        37     70.84
        16         8        38     56.61
        16         8        39      26.8
        16         8        40     3.598
        16         8        41     2.652
        16         8        42     22.03
        16         8        43     45.16
        16         8        44     54.27
        16         8        45     43.34
        16         8        46      21.1
        16         8        47     3.374
        16         8        48      1.29
        16         8        49     14.22
        16         8        50     31.51
        16         8        51     40.61
        16         8        52     35.48
        16         8        53        20
        16         8        54     4.814
        16         8        55    0.2342
        16         8        56     9.669
        16         8        57     27.39
        16         8        58     41.94
        16         8        59     43.35
        16         8        60     30.06
        16         8        61     10.92
        16         8        62    0.1519
        16         8        63     7.563
        16         8        64     30.41
        16         8        65     53.66
        16         8        66     60.12
        16         8        67     43.94
        16         8        68     16.84
        16         8        69    0.4248
        16         8        70     9.104
        16         8        71     37.28
        16         8        72     62.59
        16         8        73     63.96
        16         8        74     39.86
        16         8        75     10.36
        16         8        76    0.3423
        16         8        77     17.81
        16         8        78     46.73
        16         8        79     61.07
        16         8        80     47.92
        16         8        81     19.06
        16         8        82    0.5566
        16         8        83     9.522
        16         8        84     38.75
        16         8        85     62.82
        16         8        86     60.35
        16         8        87     33.15
        16         8        88     5.365
        16         8        89     3.264
        16         8        90     32.51
        16         8        91     72.24
        16         8        92     91.29
        16         8        93     73.79
        16         8        94     33.15
        16         8        95     2.592
        16         8        96     9.055
        16         8        97     51.02
        16         8        98     98.46
        16         8        99     115.6
        16         8       100      89.2
        16         8       101     39.15
        16         8       102     3.404
        16         8       103     8.277
        16         8       104     48.14
        16         8       105     90.65
        16         8       106     102.7
        16         8       107     76.03
        16         8       108      31.9
        16         8       109     2.646
        16         8       110     6.092
        16         8       111     33.56
        16         8       112     59.58
        16         8       113     63.28
        16         8       114     43.45
        16         8       115     16.37
        16         8       116    0.8988
        16         8       117     4.077
        16         8       118     18.25
        16         8       119     29.59
        16         8       120     29.41
        18         9         1     186.7
        18         9         2     157.2
        18         9         3     91.98
        18         9         4     27.24
        18         9         5   0.00415
        18         9         6     25.92
        18         9         7     89.45
        18         9         8     153.1
        18         9         9     180.1
        18         9        10       156
        18         9        11     96.13
        18         9        12     34.42
        18         9        13     1.879
        18         9        14     8.589
        18         9        15     40.38
        18         9        16     70.66
        18         9        17     78.47
        18         9        18     60.51
        18         9        19     30.29
        18         9        20     6.544
        18         9        21    0.1981
        18         9        22     8.573
        18         9        23     19.83
        18         9        24     23.03
        18         9        25     15.93
        18         9        26     5.224
        18         9        27    0.0115
        18         9        28     4.174
        18         9        29     13.62
        18         9        30     20.11
        18         9        31     18.14
        18         9        32     9.416
        18         9        33     1.356
        18         9        34     1.118
        18         9        35     9.866
        18         9        36     21.76
        18         9        37     28.37
        18         9        38     24.96
        18         9        39     14.04
        18         9        40     3.341
        18         9        41    0.1468
        18         9        42      6.05
        18         9        43     16.08
        18         9        44      22.6
        18         9        45     20.89
        18         9        46     12.39
        18         9        47     3.349
        18         9        48   0.02476
        18         9        49     4.196
        18         9        50     12.08
        18         9        51     17.35
        18         9        52     15.93
        18         9        53     8.935
        18         9        54     1.845
        18         9        55    0.3412
        18         9        56     6.049
        18         9        57     15.21
        18         9        58     21.32
        18         9        59     19.87
        18         9        60      11.8
        18         9        61      2.99
        18         9        62    0.1213
        18         9        63     5.795
        18         9        64     16.45
        18         9        65     24.78
        18         9        66     24.94
        18         9        67     16.82
        18         9        68     6.131
        18         9        69    0.1929
        18         9        70     2.582
        18         9        71     10.63
        18         9        72      17.7
        18         9        73     18.34
        18         9        74     12.31
        18         9        75     4.357
        18         9        76    0.1295
        18         9        77     1.624
        18         9        78     5.983
        18         9        79       8.4
        18         9        80     6.489
        18         9        81     2.255
        18         9        82  0.001401
        18         9        83      2.14
        18         9        84     6.765
        18         9        85     9.333
        18         9        86     7.065
        18         9        87     2.081
        18         9        88    0.1298
        18         9        89     5.604
        18         9        90        17
        18         9        91     27.07
        18         9        92     28.13
        18         9        93     18.68
        18         9        94     5.652
        18         9        95   0.03942
        18         9        96     8.587
        18         9        97     28.01
        18         9        98     46.44
        18         9        99     51.59
        18         9       100     39.71
        18         9       101     18.64
        18         9       102     2.528
        18         9       103      1.91
        18         9       104     16.45
        18         9       105     35.46
        18         9       106     45.67
        18         9       107     40.44
        18         9       108     23.83
        18         9       109      6.99
        18         9       110  0.008216
        18         9       111     5.278
        18         9       112      16.8
        18         9       113     25.29
        18         9       114     24.83
        18         9       115     16.37
        18         9       116     6.056
        18         9       117     0.323
        18         9       118     1.597
        18         9       119     7.359
        18         9       120     12.66
        20        10         1     144.3
        20        10         2     112.8
        20        10         3     63.76
        20        10         4     19.56
        20        10         5     0.141
        20        10         6     13.32
        20        10         7     51.12
        20        10         8     94.17
        20        10         9     121.6
        20        10        10     121.5
        20        10        11     95.27
        20        10        12     56.23
        20        10        13     21.23
        20        10        14      2.31
        20        10        15     1.803
        20        10        16     13.18
        20        10        17     26.18
        20        10        18     32.72
        20        10        19      30.3
        20        10        20     21.66
        20        10        21     11.76
        20        10        22     4.459
        20        10        23    0.9059
        20        10        24   0.01618
        20        10        25   0.08014
        20        10        26   0.09149
        20        10        27  0.001618
        20        10        28    0.1161
        20        10        29    0.4412
        20        10        30     0.612
        20        10        31    0.3682
        20        10        32   0.01628
        20        10        33    0.3441
        20        10        34     1.974
        20        10        35     4.683
        20        10        36     7.303
        20        10        37      8.39
        20        10        38     7.223
        20        10        39      4.38
        20        10        40     1.452
        20        10        41   0.02994
        20        10        42    0.6828
        20        10        43     2.635
        20        10        44     4.362
        20        10        45     4.651
        20        10        46     3.382
        20        10        47     1.491
        20        10        48    0.1966
        20        10        49     0.106
        20        10        50    0.8527
        20        10        51     1.503
        20        10        52     1.372
        20        10        53    0.5958
        20        10        54   0.01258
        20        10        55    0.4469
        20        10        56     1.969
        20        10        57     3.726
        20        10        58     4.519
        20        10        59     3.714
        20        10        60     1.815
        20        10        61    0.2233
        20        10        62    0.3068
        20        10        63     2.426
        20        10        64     5.598
        20        10        65     8.073
        20        10        66     8.432
        20        10        67     6.491
        20        10        68     3.383
        20        10        69    0.8154
        20        10        70   0.01085
        20        10        71     1.046
        20        10        72     2.961
        20        10        73     4.485
        20        10        74     4.818
        20        10        75     3.979
        20        10        76     2.577
        20        10        77     1.293
        20        10        78    0.4851
        20        10        79    0.1296
        20        10        80   0.02518
        20        10        81  0.005339
        20        10        82  0.001761
        20        10        83 0.0003386
        20        10        84   0.03563
        20        10        85    0.2715
        20        10        86     1.038
        20        10        87     2.654
        20        10        88     5.049
        20        10        89     7.482
        20        10        90     8.722
        20        10        91     7.776
        20        10        92     4.782
        20        10        93     1.371
        20        10        94   0.02374
        20        10        95     2.604
        20        10        96     8.944
        20        10        97      16.5
        20        10        98     21.56
        20        10        99     21.31
        20        10       100     15.71
        20        10       101     7.657
        20        10       102     1.439
        20        10       103    0.2537
        20        10       104     4.348
        20        10       105     10.95
        20        10       106     16.01
        20        10       107     16.63
        20        10       108     12.65
        20        10       109      6.52
        20        10       110     1.573
        20        10       111   0.01314
        20        10       112     1.766
        20        10       113     4.854
        20        10       114     6.872
        20        10       115     6.505
        20        10       116     4.168
        20        10       117     1.475
        20        10       118   0.05463
        20        10       119    0.5243
        20        10       120      2.25
        22        11         1       115
        22        11         2     88.13
        22        11         3     51.37
        22        11         4     18.36
        22        11         5     1.066
        22        11         6     5.104
        22        11         7     27.69
        22        11         8     59.14
        22        11         9     86.99
        22        11        10     101.1
        22        11        11      97.1
        22        11        12     77.66
        22        11        13     50.38
        22        11        14     24.34
        22        11        15     6.604
        22        11        16   0.06261
        22        11        17       3.3
        22        11        18     12.09
        22        11        19     21.55
        22        11        20     28.01
        22        11        21     29.84
        22        11        22     27.35
        22        11        23     22.07
        22        11        24     15.77
        22        11        25     9.907
        22        11        26     5.296
        22        11        27     2.199
        22        11        28    0.5172
        22        11        29 0.0003675
        22        11        30    0.3801
        22        11        31     1.412
        22        11        32     2.858
        22        11        33     4.451
        22        11        34     5.874
        22        11        35     6.801
        22        11        36      6.97
        22        11        37     6.294
        22        11        38     4.917
        22        11        39       3.2
        22        11        40     1.593
        22        11        41    0.4771
        22        11        42   0.01743
        22        11        43     0.129
        22        11        44    0.5482
        22        11        45    0.9768
        22        11        46     1.213
        22        11        47     1.208
        22        11        48     1.036
        22        11        49    0.8134
        22        11        50    0.6319
        22        11        51    0.5338
        22        11        52     0.527
        22        11        53    0.6044
        22        11        54    0.7432
        22        11        55    0.8881
        22        11        56    0.9486
        22        11        57    0.8379
        22        11        58    0.5439
        22        11        59    0.1856
        22        11        60 8.344e-005
        22        11        61    0.2408
        22        11        62     1.028
        22        11        63     2.235
        22        11        64     3.493
        22        11        65     4.332
        22        11        66     4.392
        22        11        67     3.613
        22        11        68     2.284
        22        11        69    0.9318
        22        11        70     0.102
        22        11        71      0.13
        22        11        72     1.016
        22        11        73     2.442
        22        11        74     3.916
        22        11        75      4.96
        22        11        76     5.266
        22        11        77     4.774
        22        11        78     3.655
        22        11        79     2.247
        22        11        80    0.9484
        22        11        81    0.1349
        22        11        82    0.0826
        22        11        83    0.9101
        22        11        84     2.535
        22        11        85     4.655
        22        11        86     6.773
        22        11        87     8.289
        22        11        88     8.675
        22        11        89     7.675
        22        11        90      5.49
        22        11        91     2.811
        22        11        92    0.6598
        22        11        93   0.03257
        22        11        94     1.465
        22        11        95     4.718
        22        11        96     8.765
        22        11        97     12.14
        22        11        98     13.52
        22        11        99     12.33
        22        11       100     9.019
        22        11       101     4.881
        22        11       102     1.498
        22        11       103   0.02659
        22        11       104    0.7192
        22        11       105     2.871
        22        11       106     5.228
        22        11       107      6.61
        22        11       108     6.446
        22        11       109     4.945
        22        11       110     2.872
        22        11       111     1.095
        22        11       112    0.1454
        22        11       113   0.04158
        22        11       114    0.4008
        22        11       115    0.7407
        22        11       116    0.7673
        22        11       117    0.4938
        22        11       118    0.1539
        22        11       119 0.0001889
        22        11       120    0.1283
        24        12         1     97.07
        24        12         2     74.05
        24        12         3     44.63
        24        12         4     17.93
        24        12         5      2.16
        24        12         6     1.918
        24        12         7     16.77
        24        12         8     41.53
        24        12         9     68.13
        24        12        10     88.33
        24        12        11      96.3
        24        12        12     90.24
        24        12        13      72.6
        24        12        14     48.85
        24        12        15     25.59
        24        12        16     8.417
        24        12        17    0.4814
        24        12        18     1.955
        24        12        19     10.46
        24        12        20     22.17
        24        12        21     33.08
        24        12        22     40.15
        24        12        23     41.87
        24        12        24     38.35
        24        12        25     30.97
        24        12        26     21.76
        24        12        27     12.79
        24        12        28      5.69
        24        12        29     1.374
        24        12        30 5.547e-005
        24        12        31     1.099
        24        12        32     3.798
        24        12        33     7.081
        24        12        34     10.02
        24        12        35     11.93
        24        12        36     12.49
        24        12        37      11.7
        24        12        38     9.849
        24        12        39     7.397
        24        12        40     4.844
        24        12        41     2.626
        24        12        42     1.032
        24        12        43    0.1773
        24        12        44   0.01823
        24        12        45    0.3975
        24        12        46     1.104
        24        12        47     1.926
        24        12        48     2.689
        24        12        49     3.272
        24        12        50     3.607
        24        12        51     3.669
        24        12        52     3.464
        24        12        53     3.024
        24        12        54     2.402
        24        12        55     1.676
        24        12        56    0.9541
        24        12        57    0.3624
        24        12        58   0.03298
        24        12        59   0.07132
        24        12        60    0.5191
        24        12        61     1.322
        24        12        62     2.322
        24        12        63     3.275
        24        12        64     3.917
        24        12        65      4.04
        24        12        66     3.573
        24        12        67     2.625
        24        12        68     1.471
        24        12        69    0.4822
        24        12        70   0.01051
        24        12        71    0.2676
        24        12        72     1.243
        24        12        73     2.689
        24        12        74     4.186
        24        12        75     5.272
        24        12        76     5.588
        24        12        77     5.006
        24        12        78     3.687
        24        12        79     2.048
        24        12        80    0.6458
        24        12        81  0.006917
        24        12        82    0.4565
        24        12        83     1.997
        24        12        84     4.282
        24        12        85     6.697
        24        12        86     8.536
        24        12        87     9.221
        24        12        88       8.5
        24        12        89     6.554
        24        12        90     3.969
        24        12        91     1.569
        24        12        92    0.1579
        24        12        93    0.2544
        24        12        94     1.901
        24        12        95     4.636
        24        12        96     7.632
        24        12        97     9.965
        24        12        98     10.92
        24        12        99     10.24
        24        12       100     8.173
        24        12       101     5.371
        24        12       102     2.664
        24        12       103    0.7555
        24        12       104  0.009795
        24        12       105    0.3742
        24        12       106     1.456
        24        12       107      2.71
        24        12       108     3.646
        24        12       109     3.986
        24        12       110     3.707
        24        12       111     2.989
        24        12       112       2.1
        24        12       113      1.28
        24        12       114    0.6681
        24        12       115    0.2929
        24        12       116    0.1057
        24        12       117   0.03177
        24        12       118  0.009327
        24        12       119   0.00434
        24        12       120  0.004203
        26        13         1        83
        26        13         2     62.55
        26        13         3     38.02
        26        13         4        16
        26        13         5     2.437
        26        13         6    0.9584
        26        13         7     11.85
        26        13         8        32
        26        13         9     55.86
        26        13        10     77.01
        26        13        11     89.94
        26        13        12     91.53
        26        13        13     81.72
        26        13        14     63.35
        26        13        15     41.21
        26        13        16     20.63
        26        13        17     6.092
        26        13        18    0.1173
        26        13        19     2.869
        26        13        20     12.35
        26        13        21     25.17
        26        13        22     37.52
        26        13        23     46.21
        26        13        24      49.3
        26        13        25     46.45
        26        13        26     38.74
        26        13        27     28.22
        26        13        28      17.3
        26        13        29     8.138
        26        13        30     2.196
        26        13        31   0.01727
        26        13        32     1.262
        26        13        33     4.923
        26        13        34     9.658
        26        13        35     14.13
        26        13        36     17.27
        26        13        37      18.5
        26        13        38     17.71
        26        13        39     15.22
        26        13        40     11.68
        26        13        41     7.807
        26        13        42     4.309
        26        13        43     1.706
        26        13        44    0.2779
        26        13        45   0.04966
        26        13        46    0.8279
        26        13        47     2.268
        26        13        48     3.956
        26        13        49     5.492
        26        13        50     6.554
        26        13        51     6.947
        26        13        52     6.622
        26        13        53     5.668
        26        13        54     4.291
        26        13        55      2.77
        26        13        56     1.395
        26        13        57    0.4207
        26        13        58  0.009176
        26        13        59    0.1993
        26        13        60    0.8966
        26        13        61     1.892
        26        13        62      2.91
        26        13        63     3.671
        26        13        64     3.964
        26        13        65     3.701
        26        13        66     2.948
        26        13        67     1.913
        26        13        68    0.8906
        26        13        69    0.1845
        26        13        70   0.01497
        26        13        71    0.4499
        26        13        72     1.376
        26        13        73     2.522
        26        13        74     3.536
        26        13        75     4.094
        26        13        76     3.999
        26        13        77     3.262
        26        13        78     2.108
        26        13        79    0.9204
        26        13        80    0.1318
        26        13        81   0.08602
        26        13        82    0.9213
        26        13        83      2.51
        26        13        84     4.477
        26        13        85     6.302
        26        13        86     7.466
        26        13        87     7.617
        26        13        88     6.683
        26        13        89     4.914
        26        13        90     2.815
        26        13        91     1.011
        26        13        92   0.06089
        26        13        93    0.2952
        26        13        94     1.712
        26        13        95     3.974
        26        13        96     6.508
        26        13        97     8.663
        26        13        98     9.899
        26        13        99     9.926
        26        13       100     8.773
        26        13       101     6.764
        26        13       102     4.405
        26        13       103      2.24
        26        13       104    0.7052
        26        13       105   0.03038
        26        13       106    0.2086
        26        13       107     1.034
        26        13       108     2.183
        26        13       109      3.32
        26        13       110     4.173
        26        13       111      4.59
        26        13       112     4.544
        26        13       113     4.112
        26        13       114     3.424
        26        13       115     2.628
        26        13       116      1.85
        26        13       117     1.175
        26        13       118    0.6515
        26        13       119    0.2899
        26        13       120   0.08033
        28        14         1      69.4
        28        14         2     51.21
        28        14         3     30.77
        28        14         4     12.94
        28        14         5     2.035
        28        14         6    0.6934
        28        14         7     9.247
        28        14         8     25.62
        28        14         9     45.87
        28        14        10     65.15
        28        14        11     78.95
        28        14        12     84.13
        28        14        13     79.67
        28        14        14      66.8
        28        14        15     48.64
        28        14        16     29.32
        28        14        17     12.95
        28        14        18     2.706
        28        14        19    0.1057
        28        14        20     4.814
        28        14        21     14.87
        28        14        22     27.27
        28        14        23     38.78
        28        14        24     46.67
        28        14        25     49.28
        28        14        26     46.32
        28        14        27     38.74
        28        14        28      28.4
        28        14        29     17.57
        28        14        30     8.355
        28        14        31     2.279
        28        14        32   0.01739
        28        14        33     1.361
        28        14        34     5.376
        28        14        35      10.7
        28        14        36     15.87
        28        14        37     19.68
        28        14        38     21.35
        28        14        39     20.67
        28        14        40     17.94
        28        14        41     13.84
        28        14        42     9.257
        28        14        43     5.062
        28        14        44     1.939
        28        14        45    0.2705
        28        14        46    0.1024
        28        14        47     1.178
        28        14        48     3.027
        28        14        49     5.088
        28        14        50     6.831
        28        14        51     7.862
        28        14        52     7.988
        28        14        53     7.233
        28        14        54     5.807
        28        14        55     4.046
        28        14        56     2.321
        28        14        57      0.96
        28        14        58    0.1725
        28        14        59   0.01802
        28        14        60    0.4035
        28        14        61     1.119
        28        14        62     1.897
        28        14        63     2.487
        28        14        64     2.712
        28        14        65     2.518
        28        14        66     1.974
        28        14        67      1.25
        28        14        68    0.5619
        28        14        69    0.1089
        28        14        70   0.01152
        28        14        71    0.2779
        28        14        72    0.8014
        28        14        73     1.394
        28        14        74     1.847
        28        14        75     1.995
        28        14        76     1.778
        28        14        77     1.263
        28        14        78    0.6347
        28        14        79    0.1393
        28        14        80   0.01359
        28        14        81    0.4054
        28        14        82     1.318
        28        14        83     2.594
        28        14        84     3.948
        28        14        85     5.041
        28        14        86     5.576
        28        14        87     5.386
        28        14        88     4.495
        28        14        89     3.124
        28        14        90     1.643
        28        14        91    0.4781
        28        14        92  0.001076
        28        14        93    0.4266
        28        14        94     1.751
        28        14        95     3.745
        28        14        96     6.007
        28        14        97     8.059
        28        14        98     9.464
        28        14        99     9.925
        28        14       100     9.356
        28        14       101     7.894
        28        14       102     5.858
        28        14       103     3.674
        28        14       104     1.768
        28        14       105    0.4812
        28        14       106  0.001979
        28        14       107    0.3408
        28        14       108     1.347
        28        14       109     2.755
        28        14       110     4.253
        28        14       111     5.546
        28        14       112     6.413
        28        14       113     6.733
        28        14       114     6.493
        28        14       115     5.776
        28        14       116     4.727
        28        14       117     3.524
        28        14       118     2.341
        28        14       119     1.322
        28        14       120    0.5675
        30        15         1     56.19
        30        15         2     40.46
        30        15         3     23.83
        30        15         4     9.827
        30        15         5     1.478
        30        15         6     0.593
        30        15         7     7.362
        30        15         8     20.31
        30        15         9     36.61
        30        15        10     52.75
        30        15        11     65.27
        30        15        12     71.56
        30        15        13     70.39
        30        15        14     62.12
        30        15        15     48.63
        30        15        16     32.76
        30        15        17     17.72
        30        15        18     6.366
        30        15        19    0.5798
        30        15        20    0.9526
        30        15        21     6.733
        30        15        22     16.09
        30        15        23     26.57
        30        15        24      35.7
        30        15        25     41.48
        30        15        26      42.8
        30        15        27     39.59
        30        15        28     32.73
        30        15        29     23.77
        30        15        30     14.55
        30        15        31      6.81
        30        15        32     1.775
        30        15        33  0.003088
        30        15        34     1.325
        30        15        35     4.959
        30        15        36     9.745
        30        15        37     14.43
        30        15        38     17.92
        30        15        39     19.52
        30        15        40     19.01
        30        15        41     16.62
        30        15        42     12.95
        30        15        43     8.782
        30        15        44     4.914
        30        15        45     1.978
        30        15        46    0.3367
        30        15        47   0.04644
        30        15        48     0.883
        30        15        49     2.427
        30        15        50     4.176
        30        15        51     5.663
        30        15        52      6.55
        30        15        53     6.677
        30        15        54     6.075
        30        15        55      4.93
        30        15        56     3.518
        30        15        57     2.131
        30        15        58     1.009
        30        15        59    0.2942
        30        15        60   0.01074
        30        15        61   0.08102
        30        15        62    0.3604
        30        15        63    0.6852
        30        15        64    0.9181
        30        15        65    0.9808
        30        15        66    0.8656
        30        15        67    0.6256
        30        15        68    0.3487
        30        15        69    0.1236
        30        15        70   0.00979
        30        15        71   0.02004
        30        15        72    0.1196
        30        15        73    0.2426
        30        15        74    0.3199
        30        15        75    0.3075
        30        15        76    0.2079
        30        15        77   0.07484
        30        15        78 0.0003371
        30        15        79   0.08554
        30        15        80     0.405
        30        15        81    0.9749
        30        15        82     1.735
        30        15        83     2.556
        30        15        84     3.261
        30        15        85     3.676
        30        15        86     3.678
        30        15        87     3.236
        30        15        88     2.432
        30        15        89     1.457
        30        15        90    0.5723
        30        15        91   0.05281
        30        15        92    0.1196
        30        15        93    0.8819
        30        15        94     2.302
        30        15        95     4.192
        30        15        96     6.248
        30        15        97     8.107
        30        15        98     9.426
        30        15        99     9.953
        30        15       100     9.582
        30        15       101     8.376
        30        15       102     6.557
        30        15       103      4.46
        30        15       104     2.466
        30        15       105     0.926
        30        15       106    0.1009
        30        15       107     0.111
        30        15       108    0.9226
        30        15       109     2.361
        30        15       110     4.151
        30        15       111     5.972
        30        15       112     7.515
        30        15       113     8.536
        30        15       114     8.894
        30        15       115     8.561
        30        15       116      7.62
        30        15       117     6.239
        30        15       118     4.639
        30        15       119     3.049
        30        15       120     1.676
