         2         1         1     356.5
         2         1         2     487.6
         2         1         3     456.1
         2         1         4     312.6
         2         1         5     116.6
         2         1         6     5.032
         2         1         7     13.63
         2         1         8     31.85
         2         1         9     71.02
         2         1        10     231.4
         2         1        11     608.9
         2         1        12      1180
         2         1        13      1390
         2         1        14       735
         2         1        15     131.2
         2         1        16     14.11
         2         1        17     15.31
         2         1        18      27.9
         2         1        19      70.7
         2         1        20     197.3
         2         1        21     365.9
         2         1        22     403.8
         2         1        23     135.7
         2         1        24     58.61
         2         1        25       759
         2         1        26      1274
         2         1        27     910.6
         2         1        28     302.1
         2         1        29     58.53
         2         1        30     80.33
         2         1        31       295
         2         1        32     419.3
         2         1        33     244.4
         2         1        34     79.43
         2         1        35     14.54
         2         1        36   0.04569
         2         1        37     2.028
         2         1        38     156.4
         2         1        39     686.4
         2         1        40     668.6
         2         1        41     143.4
         2         1        42    0.3397
         2         1        43     1.766
         2         1        44     2.031
         2         1        45     12.31
         2         1        46     18.37
         2         1        47     25.87
         2         1        48     36.16
         2         1        49     53.34
         2         1        50     120.9
         2         1        51     408.1
         2         1        52      1313
         2         1        53      2658
         2         1        54      2667
         2         1        55      1057
         2         1        56     1.373
         2         1        57      1341
         2         1        58      4269
         2         1        59      4043
         2         1        60      1417
         2         1        61     216.8
         2         1        62     36.17
         2         1        63     30.17
         2         1        64     58.44
         2         1        65     40.76
         2         1        66     64.66
         2         1        67      1004
         2         1        68      1937
         2         1        69      1445
         2         1        70     746.5
         2         1        71     450.4
         2         1        72     276.4
         2         1        73     130.1
         2         1        74        83
         2         1        75     91.01
         2         1        76     44.42
         2         1        77     3.219
         2         1        78     109.6
         2         1        79     165.5
         2         1        80      65.8
         2         1        81     1.818
         2         1        82     7.681
         2         1        83     31.55
         2         1        84       100
         2         1        85       153
         2         1        86     78.71
         2         1        87     101.5
         2         1        88      1037
         2         1        89      4271
         2         1        90      5882
         2         1        91      2980
         2         1        92     255.6
         2         1        93     462.2
         2         1        94      1860
         2         1        95      1404
         2         1        96     118.7
         2         1        97     295.7
         2         1        98     991.2
         2         1        99     856.5
         2         1       100     379.4
         2         1       101     128.1
         2         1       102     33.33
         2         1       103  0.006233
         2         1       104     18.73
         2         1       105     12.09
         2         1       106     1.318
         2         1       107     13.57
         2         1       108     3.154
         2         1       109     2.469
         2         1       110     9.269
         2         1       111     6.008
         2         1       112    0.5288
         2         1       113     2.362
         2         1       114      11.9
         2         1       115     22.34
         2         1       116     46.24
         2         1       117      98.1
         2         1       118       108
         2         1       119     38.03
         2         1       120     1.066
         4         2         1     83.37
         4         2         2   0.01248
         4         2         3     76.64
         4         2         4     6.827
         4         2         5     107.5
         4         2         6     23.25
         4         2         7     133.5
         4         2         8     50.51
         4         2         9     21.59
         4         2        10     85.04
         4         2        11     125.4
         4         2        12     134.1
         4         2        13     720.4
         4         2        14     162.9
         4         2        15      1027
         4         2        16     57.05
         4         2        17     620.4
         4         2        18      1.79
         4         2        19     101.9
         4         2        20     24.15
         4         2        21     48.98
         4         2        22     13.16
         4         2        23     349.4
         4         2        24     10.91
         4         2        25       231
         4         2        26     2.548
         4         2        27     1.695
         4         2        28     33.31
         4         2        29     240.2
         4         2        30     202.7
         4         2        31     354.2
         4         2        32     276.3
         4         2        33     252.7
         4         2        34     235.7
         4         2        35     275.6
         4         2        36     378.2
         4         2        37     642.2
         4         2        38     760.9
         4         2        39      1049
         4         2        40     832.6
         4         2        41     682.3
         4         2        42     442.8
         4         2        43     144.4
         4         2        44     142.7
         4         2        45     7.214
         4         2        46     36.58
         4         2        47    0.2999
         4         2        48     1.071
         4         2        49     23.36
         4         2        50     50.27
         4         2        51     201.8
         4         2        52     232.5
         4         2        53     588.8
         4         2        54     69.13
         4         2        55     978.3
         4         2        56     394.6
         4         2        57      1427
         4         2        58      2028
         4         2        59      1486
         4         2        60      2018
         4         2        61     634.9
         4         2        62      1125
         4         2        63     7.001
         4         2        64      1106
         4         2        65     309.4
         4         2        66      1705
         4         2        67     678.2
         4         2        68      1718
         4         2        69       478
         4         2        70     977.2
         4         2        71     217.9
         4         2        72     455.1
         4         2        73     115.8
         4         2        74     273.5
         4         2        75     44.98
         4         2        76     182.5
         4         2        77    0.2587
         4         2        78     69.19
         4         2        79     69.66
         4         2        80      1.24
         4         2        81     197.6
         4         2        82     37.18
         4         2        83     440.4
         4         2        84     254.2
         4         2        85      1101
         4         2        86      1042
         4         2        87      2101
         4         2        88      2198
         4         2        89      2148
         4         2        90      1560
         4         2        91      1103
         4         2        92     71.99
         4         2        93     491.9
         4         2        94     208.1
         4         2        95     351.9
         4         2        96     67.21
         4         2        97       168
         4         2        98     74.16
         4         2        99     10.65
         4         2       100     223.1
         4         2       101     15.07
         4         2       102       189
         4         2       103     54.44
         4         2       104     137.6
         4         2       105     82.94
         4         2       106      64.9
         4         2       107     82.42
         4         2       108     13.17
         4         2       109     46.26
         4         2       110     3.095
         4         2       111     11.92
         4         2       112     9.338
         4         2       113     1.016
         4         2       114      40.6
         4         2       115    0.1726
         4         2       116     107.9
         4         2       117     1.661
         4         2       118     152.1
         4         2       119     1.273
         4         2       120     100.7
         6         3         1     40.02
         6         3         2     11.28
         6         3         3     2.847
         6         3         4     13.95
         6         3         5    0.8763
         6         3         6     114.5
         6         3         7     296.9
         6         3         8     11.11
         6         3         9     402.4
         6         3        10     504.4
         6         3        11     21.13
         6         3        12     817.6
         6         3        13     239.4
         6         3        14     448.3
         6         3        15      1118
         6         3        16     7.897
         6         3        17      1098
         6         3        18     865.2
         6         3        19     72.98
         6         3        20      1141
         6         3        21     313.4
         6         3        22     296.3
         6         3        23     808.3
         6         3        24     26.42
         6         3        25     479.1
         6         3        26     415.7
         6         3        27     23.47
         6         3        28     451.8
         6         3        29     115.9
         6         3        30     113.2
         6         3        31     331.2
         6         3        32     76.04
         6         3        33     24.38
         6         3        34     252.6
         6         3        35     477.9
         6         3        36       168
         6         3        37     207.6
         6         3        38      1377
         6         3        39     687.1
         6         3        40       117
         6         3        41      1186
         6         3        42     542.6
         6         3        43      9.27
         6         3        44     282.1
         6         3        45     213.3
         6         3        46     61.08
         6         3        47     1.001
         6         3        48     215.7
         6         3        49     519.5
         6         3        50     47.56
         6         3        51     770.1
         6         3        52      1766
         6         3        53     42.66
         6         3        54      2318
         6         3        55      3039
         6         3        56     5.931
         6         3        57      3469
         6         3        58      2240
         6         3        59     132.5
         6         3        60      1730
         6         3        61     333.8
         6         3        62     80.83
         6         3        63     5.463
         6         3        64     129.5
         6         3        65     10.11
         6         3        66     735.6
         6         3        67     417.7
         6         3        68     123.9
         6         3        69       686
         6         3        70     121.2
         6         3        71     55.87
         6         3        72     69.69
         6         3        73     1.671
         6         3        74    0.5207
         6         3        75     11.12
         6         3        76    0.5037
         6         3        77     18.02
         6         3        78     17.16
         6         3        79    0.1517
         6         3        80    0.3776
         6         3        81    0.1602
         6         3        82     33.97
         6         3        83     131.7
         6         3        84    0.1827
         6         3        85     604.5
         6         3        86     823.4
         6         3        87     83.82
         6         3        88      2559
         6         3        89      1397
         6         3        90     597.1
         6         3        91      3905
         6         3        92     988.4
         6         3        93       875
         6         3        94      2701
         6         3        95     440.8
         6         3        96       403
         6         3        97     942.9
         6         3        98     154.7
         6         3        99     54.82
         6         3       100     124.4
         6         3       101     14.67
         6         3       102     1.115
         6         3       103    0.1684
         6         3       104     4.056
         6         3       105  0.002674
         6         3       106     5.637
         6         3       107     3.721
         6         3       108    0.2465
         6         3       109    0.0264
         6         3       110    0.6095
         6         3       111     0.677
         6         3       112     1.658
         6         3       113      9.21
         6         3       114   0.02774
         6         3       115     36.27
         6         3       116     34.69
         6         3       117     5.363
         6         3       118     79.17
         6         3       119      27.9
         6         3       120     14.19
         8         4         1     252.5
         8         4         2     319.2
         8         4         3     102.7
         8         4         4     16.03
         8         4         5     278.6
         8         4         6     411.5
         8         4         7     166.2
         8         4         8   0.03209
         8         4         9     80.69
         8         4        10     98.61
         8         4        11     33.83
         8         4        12     11.99
         8         4        13     30.38
         8         4        14     55.77
         8         4        15     10.77
         8         4        16     44.14
         8         4        17     209.6
         8         4        18     163.5
         8         4        19      7.26
         8         4        20     47.97
         8         4        21     70.95
         8         4        22     7.059
         8         4        23     9.671
         8         4        24     12.81
         8         4        25   0.08349
         8         4        26      3.71
         8         4        27     2.922
         8         4        28     6.979
         8         4        29     57.92
         8         4        30     169.5
         8         4        31     109.2
         8         4        32     21.45
         8         4        33     654.5
         8         4        34      1366
         8         4        35     687.3
         8         4        36     19.85
         8         4        37      1369
         8         4        38      2447
         8         4        39      1053
         8         4        40     9.449
         8         4        41      1118
         8         4        42      1580
         8         4        43     456.1
         8         4        44      25.6
         8         4        45     380.3
         8         4        46     203.7
         8         4        47     1.251
         8         4        48     88.21
         8         4        49     2.024
         8         4        50     221.6
         8         4        51     450.1
         8         4        52     38.87
         8         4        53     467.6
         8         4        54      1523
         8         4        55     767.9
         8         4        56     64.02
         8         4        57      1832
         8         4        58      2541
         8         4        59     598.4
         8         4        60       305
         8         4        61      2319
         8         4        62      2495
         8         4        63     591.6
         8         4        64     145.9
         8         4        65      1515
         8         4        66      1876
         8         4        67     650.7
         8         4        68     6.682
         8         4        69     619.7
         8         4        70     938.5
         8         4        71     393.8
         8         4        72     2.797
         8         4        73     158.8
         8         4        74     268.6
         8         4        75     106.3
         8         4        76    0.0268
         8         4        77     50.64
         8         4        78     51.93
         8         4        79    0.4015
         8         4        80     51.73
         8         4        81     79.81
         8         4        82    0.6063
         8         4        83     166.2
         8         4        84     423.8
         8         4        85     149.9
         8         4        86     105.5
         8         4        87     959.9
         8         4        88     969.3
         8         4        89     39.08
         8         4        90     721.9
         8         4        91      1775
         8         4        92     685.8
         8         4        93     88.66
         8         4        94      1409
         8         4        95      1438
         8         4        96     159.6
         8         4        97     323.2
         8         4        98      1094
         8         4        99     688.3
         8         4       100     42.16
         8         4       101       137
         8         4       102       370
         8         4       103       253
         8         4       104     51.04
         8         4       105     1.482
         8         4       106     36.54
         8         4       107     50.97
         8         4       108     35.55
         8         4       109     17.22
         8         4       110     6.182
         8         4       111    0.4867
         8         4       112     3.264
         8         4       113     22.63
         8         4       114     43.19
         8         4       115     29.23
         8         4       116     1.093
         8         4       117     17.86
         8         4       118     48.77
         8         4       119     28.79
         8         4       120    0.4732
        10         5         1     557.2
        10         5         2       420
        10         5         3     78.52
        10         5         4     52.51
        10         5         5     469.2
        10         5         6     830.1
        10         5         7       681
        10         5         8     218.1
        10         5         9    0.8176
        10         5        10     242.5
        10         5        11     615.1
        10         5        12       693
        10         5        13     415.5
        10         5        14     86.96
        10         5        15     10.57
        10         5        16     184.6
        10         5        17     359.2
        10         5        18     343.4
        10         5        19     185.7
        10         5        20     48.11
        10         5        21     1.364
        10         5        22     5.176
        10         5        23     14.85
        10         5        24     28.66
        10         5        25     72.69
        10         5        26     185.8
        10         5        27     349.8
        10         5        28     402.6
        10         5        29     200.2
        10         5        30   0.01166
        10         5        31     380.6
        10         5        32      1356
        10         5        33      1894
        10         5        34      1163
        10         5        35     95.33
        10         5        36       436
        10         5        37      2046
        10         5        38      2774
        10         5        39      1595
        10         5        40     163.8
        10         5        41     287.2
        10         5        42      1401
        10         5        43      1771
        10         5        44      1001
        10         5        45     152.3
        10         5        46     60.63
        10         5        47     495.9
        10         5        48     758.3
        10         5        49     521.9
        10         5        50     98.77
        10         5        51     47.87
        10         5        52       452
        10         5        53     686.3
        10         5        54       316
        10         5        55     3.435
        10         5        56     572.5
        10         5        57      1344
        10         5        58     997.5
        10         5        59     80.36
        10         5        60     450.7
        10         5        61      1939
        10         5        62      2250
        10         5        63     839.7
        10         5        64     7.667
        10         5        65      1074
        10         5        66      2245
        10         5        67      1689
        10         5        68     345.8
        10         5        69     73.21
        10         5        70     797.2
        10         5        71      1125
        10         5        72     629.2
        10         5        73      84.8
        10         5        74     38.27
        10         5        75       243
        10         5        76     307.8
        10         5        77     190.4
        10         5        78     50.88
        10         5        79    0.1089
        10         5        80     54.22
        10         5        81     163.1
        10         5        82       217
        10         5        83     129.4
        10         5        84     6.272
        10         5        85     81.48
        10         5        86     316.1
        10         5        87     342.4
        10         5        88     93.59
        10         5        89     21.95
        10         5        90     277.6
        10         5        91       361
        10         5        92     95.96
        10         5        93     34.61
        10         5        94       352
        10         5        95     437.4
        10         5        96       112
        10         5        97     45.62
        10         5        98     469.8
        10         5        99     689.7
        10         5       100       336
        10         5       101      4.61
        10         5       102     206.3
        10         5       103     573.3
        10         5       104     542.7
        10         5       105     194.2
        10         5       106    0.4211
        10         5       107       123
        10         5       108     302.4
        10         5       109     288.3
        10         5       110     122.4
        10         5       111     5.848
        10         5       112      33.2
        10         5       113     118.1
        10         5       114     134.4
        10         5       115     68.07
        10         5       116     6.553
        10         5       117     9.402
        10         5       118     42.35
        10         5       119     46.07
        10         5       120     19.18
        12         6         1       582
        12         6         2     247.2
        12         6         3     1.616
        12         6         4     233.8
        12         6         5     837.2
        12         6         6      1238
        12         6         7      1002
        12         6         8       358
        12         6         9    0.1499
        12         6        10     351.8
        12         6        11      1100
        12         6        12      1518
        12         6        13      1211
        12         6        14     487.9
        12         6        15     19.23
        12         6        16     190.1
        12         6        17     797.1
        12         6        18      1301
        12         6        19      1308
        12         6        20     843.6
        12         6        21     268.5
        12         6        22    0.3143
        12         6        23       249
        12         6        24     892.5
        12         6        25      1521
        12         6        26      1664
        12         6        27      1140
        12         6        28     329.7
        12         6        29     12.75
        12         6        30     711.9
        12         6        31      2030
        12         6        32      2802
        12         6        33      2200
        12         6        34     757.5
        12         6        35    0.1352
        12         6        36     830.2
        12         6        37      2426
        12         6        38      3073
        12         6        39      2083
        12         6        40     543.5
        12         6        41     17.03
        12         6        42     782.8
        12         6        43      1704
        12         6        44      1691
        12         6        45     859.9
        12         6        46     130.2
        12         6        47     32.84
        12         6        48     272.8
        12         6        49     346.9
        12         6        50     183.3
        12         6        51      30.6
        12         6        52    0.2058
        12         6        53     1.239
        12         6        54     13.67
        12         6        55       119
        12         6        56     247.2
        12         6        57     195.4
        12         6        58     19.02
        12         6        59     112.6
        12         6        60     643.8
        12         6        61      1129
        12         6        62     960.9
        12         6        63     302.2
        12         6        64      8.99
        12         6        65     531.8
        12         6        66      1273
        12         6        67      1336
        12         6        68     663.6
        12         6        69     58.62
        12         6        70     123.2
        12         6        71     583.6
        12         6        72     771.7
        12         6        73     481.9
        12         6        74     99.43
        12         6        75     9.846
        12         6        76     159.3
        12         6        77     244.9
        12         6        78     145.7
        12         6        79     17.13
        12         6        80     20.87
        12         6        81     112.2
        12         6        82     140.1
        12         6        83     67.91
        12         6        84     2.639
        12         6        85     26.77
        12         6        86     90.76
        12         6        87     102.2
        12         6        88     54.54
        12         6        89     10.48
        12         6        90  0.001666
        12         6        91     0.923
        12         6        92    0.1508
        12         6        93     5.785
        12         6        94     8.299
        12         6        95   0.08396
        12         6        96     27.14
        12         6        97     134.9
        12         6        98       253
        12         6        99       239
        12         6       100     88.42
        12         6       101    0.6359
        12         6       102       139
        12         6       103     386.7
        12         6       104     463.2
        12         6       105     277.2
        12         6       106     45.77
        12         6       107     22.05
        12         6       108     193.8
        12         6       109     328.2
        12         6       110     269.2
        12         6       111     99.32
        12         6       112     1.919
        12         6       113     40.52
        12         6       114       121
        12         6       115       134
        12         6       116     74.39
        12         6       117     13.79
        12         6       118     1.543
        12         6       119     22.04
        12         6       120     34.92
        14         7         1     233.3
        14         7         2     15.92
        14         7         3     95.69
        14         7         4     514.4
        14         7         5     973.8
        14         7         6      1069
        14         7         7     682.4
        14         7         8     156.7
        14         7         9     26.83
        14         7        10     520.1
        14         7        11      1295
        14         7        12      1703
        14         7        13      1369
        14         7        14     568.1
        14         7        15     20.58
        14         7        16     275.3
        14         7        17      1206
        14         7        18      2084
        14         7        19      2180
        14         7        20      1393
        14         7        21     375.3
        14         7        22     11.69
        14         7        23     681.8
        14         7        24      1904
        14         7        25      2695
        14         7        26      2381
        14         7        27      1200
        14         7        28     153.3
        14         7        29     171.1
        14         7        30      1288
        14         7        31      2567
        14         7        32      2892
        14         7        33      1970
        14         7        34     609.7
        14         7        35    0.3032
        14         7        36     636.4
        14         7        37      1887
        14         7        38      2605
        14         7        39      2176
        14         7        40      1019
        14         7        41     120.1
        14         7        42       120
        14         7        43     827.9
        14         7        44      1520
        14         7        45      1624
        14         7        46      1132
        14         7        47     464.7
        14         7        48     51.99
        14         7        49     41.74
        14         7        50     302.4
        14         7        51       602
        14         7        52     765.8
        14         7        53     729.4
        14         7        54     523.4
        14         7        55     245.1
        14         7        56     34.99
        14         7        57     28.37
        14         7        58     270.4
        14         7        59       642
        14         7        60     892.5
        14         7        61     815.2
        14         7        62     445.4
        14         7        63     78.09
        14         7        64     30.98
        14         7        65     349.2
        14         7        66     747.2
        14         7        67     869.8
        14         7        68     620.3
        14         7        69     229.2
        14         7        70     9.235
        14         7        71      66.5
        14         7        72     249.6
        14         7        73     344.5
        14         7        74     277.8
        14         7        75     135.3
        14         7        76     31.41
        14         7        77     0.352
        14         7        78     4.621
        14         7        79     5.834
        14         7        80    0.8593
        14         7        81     1.143
        14         7        82     5.416
        14         7        83     4.166
        14         7        84  0.003649
        14         7        85     9.935
        14         7        86     45.63
        14         7        87     96.75
        14         7        88       136
        14         7        89     139.7
        14         7        90     103.9
        14         7        91     48.03
        14         7        92     5.504
        14         7        93     9.473
        14         7        94     75.35
        14         7        95     185.3
        14         7        96       286
        14         7        97     312.4
        14         7        98     235.4
        14         7        99     99.22
        14         7       100      5.42
        14         7       101     36.88
        14         7       102     179.2
        14         7       103     319.5
        14         7       104     339.1
        14         7       105     220.9
        14         7       106     66.36
        14         7       107 3.88e-005
        14         7       108     56.05
        14         7       109     156.8
        14         7       110     197.3
        14         7       111     144.1
        14         7       112     53.26
        14         7       113     2.037
        14         7       114     15.76
        14         7       115     57.68
        14         7       116     77.46
        14         7       117     58.96
        14         7       118     24.17
        14         7       119     2.282
        14         7       120     2.438
        16         8         1     10.77
        16         8         2     39.09
        16         8         3     236.7
        16         8         4     482.6
        16         8         5     586.8
        16         8         6     450.3
        16         8         7     173.3
        16         8         8     2.189
        16         8         9     131.1
        16         8        10     517.8
        16         8        11     884.3
        16         8        12     930.3
        16         8        13     598.6
        16         8        14     158.1
        16         8        15      8.11
        16         8        16     343.6
        16         8        17     961.6
        16         8        18      1395
        16         8        19      1289
        16         8        20     710.7
        16         8        21     129.5
        16         8        22     46.14
        16         8        23     574.9
        16         8        24      1326
        16         8        25      1706
        16         8        26      1404
        16         8        27     656.8
        16         8        28     68.83
        16         8        29     116.5
        16         8        30     755.9
        16         8        31      1457
        16         8        32      1641
        16         8        33      1160
        16         8        34     411.1
        16         8        35     5.005
        16         8        36     259.8
        16         8        37     951.6
        16         8        38      1511
        16         8        39      1491
        16         8        40     918.9
        16         8        41     252.1
        16         8        42     2.507
        16         8        43     341.1
        16         8        44     989.3
        16         8        45      1455
        16         8        46      1405
        16         8        47     893.9
        16         8        48     291.4
        16         8        49     2.437
        16         8        50     188.2
        16         8        51     679.2
        16         8        52      1116
        16         8        53      1203
        16         8        54     892.1
        16         8        55     401.3
        16         8        56     49.67
        16         8        57     45.08
        16         8        58     353.8
        16         8        59     736.8
        16         8        60     919.9
        16         8        61     780.8
        16         8        62     423.6
        16         8        63     95.02
        16         8        64     6.041
        16         8        65     189.2
        16         8        66       490
        16         8        67     689.1
        16         8        68     657.7
        16         8        69       432
        16         8        70     165.9
        16         8        71     12.84
        16         8        72     29.28
        16         8        73     161.4
        16         8        74       304
        16         8        75     374.8
        16         8        76       352
        16         8        77     265.2
        16         8        78     160.6
        16         8        79     73.69
        16         8        80     19.88
        16         8        81    0.2403
        16         8        82     10.93
        16         8        83     48.64
        16         8        84     110.1
        16         8        85     187.3
        16         8        86     262.9
        16         8        87     310.2
        16         8        88     303.2
        16         8        89     233.5
        16         8        90     123.9
        16         8        91     27.36
        16         8        92     3.264
        16         8        93     82.27
        16         8        94     240.1
        16         8        95     401.6
        16         8        96     479.5
        16         8        97     427.1
        16         8        98     270.7
        16         8        99     97.94
        16         8       100     4.298
        16         8       101     32.45
        16         8       102     146.3
        16         8       103     258.4
        16         8       104     290.9
        16         8       105     226.4
        16         8       106     113.2
        16         8       107     23.56
        16         8       108     1.181
        16         8       109     36.24
        16         8       110     82.64
        16         8       111     98.21
        16         8       112     73.88
        16         8       113     32.49
        16         8       114     4.165
        16         8       115     2.266
        16         8       116      17.7
        16         8       117     31.58
        16         8       118     31.83
        16         8       119     20.15
        16         8       120     6.732
        18         9         1     8.401
        18         9         2      65.8
        18         9         3     143.6
        18         9         4     185.2
        18         9         5     155.8
        18         9         6     74.81
        18         9         7      7.44
        18         9         8     17.34
        18         9         9     112.7
        18         9        10     231.5
        18         9        11     283.6
        18         9        12     223.2
        18         9        13     93.69
        18         9        14     3.801
        18         9        15     45.92
        18         9        16       217
        18         9        17       409
        18         9        18     483.5
        18         9        19       380
        18         9        20     170.8
        18         9        21     15.07
        18         9        22     39.67
        18         9        23     238.6
        18         9        24       471
        18         9        25     565.2
        18         9        26       450
        18         9        27     211.1
        18         9        28     25.93
        18         9        29     26.54
        18         9        30     198.2
        18         9        31     393.3
        18         9        32     450.7
        18         9        33     323.8
        18         9        34     117.2
        18         9        35     1.564
        18         9        36     75.72
        18         9        37     286.1
        18         9        38     467.9
        18         9        39     475.6
        18         9        40     300.4
        18         9        41     81.63
        18         9        42     2.186
        18         9        43     147.9
        18         9        44     437.8
        18         9        45     679.2
        18         9        46     705.4
        18         9        47     497.2
        18         9        48     197.4
        18         9        49     11.03
        18         9        50     63.08
        18         9        51     314.3
        18         9        52     591.7
        18         9        53     709.4
        18         9        54     592.8
        18         9        55     323.5
        18         9        56     77.06
        18         9        57     2.487
        18         9        58     126.1
        18         9        59     342.5
        18         9        60     493.1
        18         9        61     474.7
        18         9        62     304.1
        18         9        63     100.4
        18         9        64    0.7752
        18         9        65     70.35
        18         9        66     263.5
        18         9        67       458
        18         9        68     534.6
        18         9        69     449.5
        18         9        70     256.7
        18         9        71        71
        18         9        72    0.1943
        18         9        73     87.02
        18         9        74     291.4
        18         9        75     516.8
        18         9        76     661.4
        18         9        77     664.7
        18         9        78     530.7
        18         9        79     319.5
        18         9        80     118.9
        18         9        81     8.152
        18         9        82     29.99
        18         9        83     177.1
        18         9        84     396.7
        18         9        85     609.4
        18         9        86     736.7
        18         9        87     729.8
        18         9        88     588.4
        18         9        89     364.2
        18         9        90     143.4
        18         9        91     13.26
        18         9        92     25.23
        18         9        93     170.4
        18         9        94     381.1
        18         9        95     560.6
        18         9        96     627.4
        18         9        97     553.5
        18         9        98     375.9
        18         9        99       176
        18         9       100     36.61
        18         9       101     1.552
        18         9       102     58.44
        18         9       103     152.6
        18         9       104     221.3
        18         9       105     227.8
        18         9       106     175.2
        18         9       107     96.89
        18         9       108      31.7
        18         9       109     1.871
        18         9       110     5.107
        18         9       111      22.7
        18         9       112        35
        18         9       113     33.05
        18         9       114      20.5
        18         9       115     7.103
        18         9       116    0.3918
        18         9       117     1.357
        18         9       118     5.744
        18         9       119     8.498
        18         9       120     7.435
        20        10         1     4.192
        20        10         2     16.11
        20        10         3      25.9
        20        10         4     25.48
        20        10         5     15.03
        20        10         6     3.212
        20        10         7    0.6295
        20        10         8     11.15
        20        10         9     27.88
        20        10        10     37.71
        20        10        11     31.76
        20        10        12        14
        20        10        13    0.5183
        20        10        14     8.557
        20        10        15     42.62
        20        10        16     88.17
        20        10        17     119.1
        20        10        18       115
        20        10        19     76.77
        20        10        20     28.02
        20        10        21    0.7711
        20        10        22     13.95
        20        10        23     60.07
        20        10        24     109.8
        20        10        25     131.4
        20        10        26     112.3
        20        10        27     65.74
        20        10        28      20.7
        20        10        29    0.4416
        20        10        30     7.587
        20        10        31      25.3
        20        10        32     32.91
        20        10        33     22.96
        20        10        34     6.111
        20        10        35    0.4108
        20        10        36      14.3
        20        10        37     37.91
        20        10        38     50.64
        20        10        39     39.52
        20        10        40      13.4
        20        10        41    0.1509
        20        10        42     26.78
        20        10        43     96.47
        20        10        44     180.4
        20        10        45     232.8
        20        10        46     220.4
        20        10        47     147.5
        20        10        48     56.22
        20        10        49       2.6
        20        10        50     20.96
        20        10        51     101.5
        20        10        52     195.8
        20        10        53       247
        20        10        54     225.1
        20        10        55       145
        20        10        56     54.65
        20        10        57     3.638
        20        10        58     11.78
        20        10        59     58.97
        20        10        60     101.8
        20        10        61       105
        20        10        62     65.99
        20        10        63     16.75
        20        10        64     1.305
        20        10        65     44.41
        20        10        66       132
        20        10        67       217
        20        10        68     247.6
        20        10        69     201.1
        20        10        70     102.6
        20        10        71     16.05
        20        10        72     11.84
        20        10        73       127
        20        10        74     340.8
        20        10        75     578.9
        20        10        76     745.1
        20        10        77     765.9
        20        10        78     627.2
        20        10        79     384.1
        20        10        80     140.7
        20        10        81     6.845
        20        10        82     51.62
        20        10        83     273.1
        20        10        84       597
        20        10        85     905.7
        20        10        86      1084
        20        10        87      1066
        20        10        88     858.9
        20        10        89     541.1
        20        10        90     229.7
        20        10        91     34.11
        20        10        92     13.88
        20        10        93     158.1
        20        10        94     393.7
        20        10        95     618.2
        20        10        96     742.1
        20        10        97     722.7
        20        10        98     576.2
        20        10        99     364.3
        20        10       100     164.2
        20        10       101     35.64
        20        10       102    0.4367
        20        10       103     40.78
        20        10       104     114.3
        20        10       105     176.3
        20        10       106     198.9
        20        10       107     177.9
        20        10       108     128.2
        20        10       109     72.54
        20        10       110     29.22
        20        10       111     5.928
        20        10       112  0.002124
        20        10       113     3.311
        20        10       114     7.906
        20        10       115     9.482
        20        10       116     7.715
        20        10       117     4.491
        20        10       118     1.766
        20        10       119    0.3654
        20        10       120  0.007616
        22        11         1     1.477
        22        11         2    0.2438
        22        11         3  0.001135
        22        11         4   0.01718
        22        11         5  0.001322
        22        11         6   0.04786
        22        11         7    0.2412
        22        11         8    0.3877
        22        11         9    0.2241
        22        11        10  0.002168
        22        11        11    0.9091
        22        11        12      4.75
        22        11        13      12.8
        22        11        14     24.45
        22        11        15      36.6
        22        11        16     44.63
        22        11        17     44.58
        22        11        18     35.59
        22        11        19     20.95
        22        11        20     6.978
        22        11        21    0.1401
        22        11        22     3.847
        22        11        23     16.77
        22        11        24      33.6
        22        11        25     47.68
        22        11        26     54.19
        22        11        27     51.91
        22        11        28     43.05
        22        11        29     31.49
        22        11        30     20.72
        22        11        31     12.64
        22        11        32     7.448
        22        11        33     4.423
        22        11        34     2.634
        22        11        35     1.366
        22        11        36    0.3456
        22        11        37   0.06976
        22        11        38     2.193
        22        11        39     9.437
        22        11        40     24.48
        22        11        41      47.9
        22        11        42     76.28
        22        11        43       102
        22        11        44     115.5
        22        11        45     109.9
        22        11        46     85.29
        22        11        47     49.88
        22        11        48     17.35
        22        11        49    0.7416
        22        11        50     6.086
        22        11        51     29.42
        22        11        52     58.84
        22        11        53     80.56
        22        11        54     85.67
        22        11        55     73.79
        22        11        56     51.93
        22        11        57     29.58
        22        11        58     13.51
        22        11        59     5.217
        22        11        60     2.397
        22        11        61     2.609
        22        11        62     6.062
        22        11        63     15.18
        22        11        64     31.11
        22        11        65     50.06
        22        11        66     62.91
        22        11        67     59.94
        22        11        68     38.79
        22        11        69     10.82
        22        11        70    0.9202
        22        11        71     38.34
        22        11        72     141.5
        22        11        73     303.9
        22        11        74     489.2
        22        11        75     639.8
        22        11        76       699
        22        11        77     635.8
        22        11        78       464
        22        11        79     243.3
        22        11        80     61.25
        22        11        81     1.241
        22        11        82     108.5
        22        11        83     368.9
        22        11        84     709.7
        22        11        85      1024
        22        11        86      1207
        22        11        87      1198
        22        11        88       999
        22        11        89     676.8
        22        11        90     337.6
        22        11        91     88.32
        22        11        92  0.006271
        22        11        93     84.73
        22        11        94     295.5
        22        11        95     546.9
        22        11        96     747.9
        22        11        97       833
        22        11        98     782.1
        22        11        99     620.9
        22        11       100     406.4
        22        11       101     203.5
        22        11       102     61.69
        22        11       103     2.391
        22        11       104     16.99
        22        11       105     76.26
        22        11       106     144.5
        22        11       107     192.8
        22        11       108     206.8
        22        11       109       187
        22        11       110     145.1
        22        11       111     95.99
        22        11       112     52.64
        22        11       113     22.15
        22        11       114     5.659
        22        11       115     0.185
        22        11       116     1.124
        22        11       117     4.337
        22        11       118     7.188
        22        11       119     8.625
        22        11       120     8.682
        24        12         1     15.19
        24        12         2     11.19
        24        12         3     7.261
        24        12         4     3.871
        24        12         5     1.377
        24        12         6   0.09916
        24        12         7    0.3695
        24        12         8      2.53
        24        12         9     6.857
        24        12        10     13.41
        24        12        11     21.82
        24        12        12     31.18
        24        12        13     39.97
        24        12        14     46.32
        24        12        15     48.45
        24        12        16      45.3
        24        12        17     37.03
        24        12        18     25.26
        24        12        19     12.92
        24        12        20     3.464
        24        12        21  0.004865
        24        12        22     4.319
        24        12        23     16.29
        24        12        24      33.9
        24        12        25     53.71
        24        12        26     71.77
        24        12        27     84.57
        24        12        28     89.79
        24        12        29     86.65
        24        12        30     75.93
        24        12        31     59.67
        24        12        32     40.77
        24        12        33      22.5
        24        12        34     8.146
        24        12        35    0.6037
        24        12        36     2.016
        24        12        37     13.37
        24        12        38     34.09
        24        12        39     61.82
        24        12        40      92.4
        24        12        41     120.4
        24        12        42     140.1
        24        12        43       147
        24        12        44     138.8
        24        12        45     116.7
        24        12        46     85.15
        24        12        47     51.14
        24        12        48     22.11
        24        12        49     4.176
        24        12        50    0.4275
        24        12        51      10.4
        24        12        52     30.59
        24        12        53     55.82
        24        12        54     80.92
        24        12        55       102
        24        12        56     117.2
        24        12        57     126.2
        24        12        58     129.9
        24        12        59     129.4
        24        12        60     125.5
        24        12        61       118
        24        12        62     106.1
        24        12        63     88.77
        24        12        64     65.67
        24        12        65     38.77
        24        12        66     13.69
        24        12        67    0.2354
        24        12        68     11.38
        24        12        69     59.86
        24        12        70       153
        24        12        71     287.1
        24        12        72     444.1
        24        12        73     592.3
        24        12        74     693.7
        24        12        75     714.9
        24        12        76     640.4
        24        12        77     482.3
        24        12        78     281.8
        24        12        79     100.9
        24        12        80     4.658
        24        12        81     39.99
        24        12        82     217.9
        24        12        83     505.6
        24        12        84     833.1
        24        12        85      1113
        24        12        86      1265
        24        12        87      1246
        24        12        88      1059
        24        12        89     757.2
        24        12        90     424.7
        24        12        91       153
        24        12        92     11.92
        24        12        93     29.72
        24        12        94     186.9
        24        12        95     425.2
        24        12        96     667.1
        24        12        97     840.9
        24        12        98     900.7
        24        12        99     836.8
        24        12       100     674.4
        24        12       101     462.2
        24        12       102     254.9
        24        12       103     97.36
        24        12       104     13.68
        24        12       105     4.359
        24        12       106     50.63
        24        12       107     123.5
        24        12       108     193.6
        24        12       109     239.5
        24        12       110     251.4
        24        12       111     230.7
        24        12       112       187
        24        12       113     133.4
        24        12       114     82.03
        24        12       115     41.24
        24        12       116     14.78
        24        12       117     2.199
        24        12       118     0.306
        24        12       119     4.834
        24        12       120     11.77
        26        13         1     30.26
        26        13         2     22.71
        26        13         3     14.29
        26        13         4     6.648
        26        13         5     1.452
        26        13         6   0.08351
        26        13         7     3.403
        26        13         8     11.55
        26        13         9     23.81
        26        13        10     38.66
        26        13        11     53.91
        26        13        12     67.01
        26        13        13     75.52
        26        13        14     77.57
        26        13        15     72.34
        26        13        16     60.42
        26        13        17     43.81
        26        13        18     25.78
        26        13        19     10.27
        26        13        20     1.164
        26        13        21      1.45
        26        13        22      12.5
        26        13        23      33.6
        26        13        24     61.95
        26        13        25     93.05
        26        13        26     121.5
        26        13        27     141.9
        26        13        28     150.4
        26        13        29     144.8
        26        13        30     125.8
        26        13        31     96.82
        26        13        32     63.16
        26        13        33     31.53
        26        13        34     8.666
        26        13        35  0.002421
        26        13        36     8.625
        26        13        37     34.52
        26        13        38     74.39
        26        13        39     122.1
        26        13        40     169.8
        26        13        41     209.2
        26        13        42     233.1
        26        13        43     237.1
        26        13        44     220.2
        26        13        45     185.1
        26        13        46     138.1
        26        13        47     87.47
        26        13        48     42.45
        26        13        49     11.28
        26        13        50 0.0002174
        26        13        51     11.45
        26        13        52     44.96
        26        13        53     96.55
        26        13        54     159.6
        26        13        55     225.9
        26        13        56     286.6
        26        13        57     333.2
        26        13        58     358.7
        26        13        59     358.6
        26        13        60     331.2
        26        13        61       279
        26        13        62     208.3
        26        13        63     130.1
        26        13        64     58.77
        26        13        65     10.91
        26        13        66     2.423
        26        13        67     45.31
        26        13        68     143.9
        26        13        69     291.8
        26        13        70     470.7
        26        13        71     651.6
        26        13        72     799.6
        26        13        73     881.3
        26        13        74     873.2
        26        13        75       770
        26        13        76     588.9
        26        13        77     368.8
        26        13        78     163.2
        26        13        79     28.23
        26        13        80     7.645
        26        13        81     120.3
        26        13        82     352.3
        26        13        83     658.2
        26        13        84     970.5
        26        13        85      1216
        26        13        86      1335
        26        13        87      1298
        26        13        88      1112
        26        13        89     821.7
        26        13        90     497.7
        26        13        91     216.1
        26        13        92     40.33
        26        13        93     4.783
        26        13        94     107.2
        26        13        95     311.2
        26        13        96     557.3
        26        13        97     779.6
        26        13        98     923.3
        26        13        99       957
        26        13       100     878.6
        26        13       101     712.6
        26        13       102     501.2
        26        13       103       292
        26        13       104     125.4
        26        13       105     26.37
        26        13       106    0.5094
        26        13       107     36.06
        26        13       108     109.6
        26        13       109     193.4
        26        13       110     263.2
        26        13       111     302.6
        26        13       112     305.5
        26        13       113     275.4
        26        13       114     222.5
        26        13       115     159.6
        26        13       116     99.26
        26        13       117     50.49
        26        13       118     18.08
        26        13       119     2.439
        26        13       120    0.7024
        28        14         1     37.44
        28        14         2     25.92
        28        14         3     14.17
        28        14         4     4.774
        28        14         5    0.1754
        28        14         6      2.13
        28        14         7     11.33
        28        14         8     27.14
        28        14         9     47.62
        28        14        10     69.73
        28        14        11     89.82
        28        14        12     104.3
        28        14        13     110.2
        28        14        14     106.1
        28        14        15     92.23
        28        14        16     70.86
        28        14        17     45.91
        28        14        18     22.42
        28        14        19     5.634
        28        14        20   0.04359
        28        14        21       8.4
        28        14        22     31.03
        28        14        23     65.54
        28        14        24       107
        28        14        25     148.9
        28        14        26       184
        28        14        27     205.6
        28        14        28     209.5
        28        14        29     194.1
        28        14        30     161.9
        28        14        31     118.2
        28        14        32     71.42
        28        14        33      30.8
        28        14        34     5.241
        28        14        35     1.415
        28        14        36      22.4
        28        14        37     66.91
        28        14        38     129.3
        28        14        39     200.2
        28        14        40     268.5
        28        14        41     322.5
        28        14        42     352.7
        28        14        43     353.5
        28        14        44     323.7
        28        14        45       268
        28        14        46     195.6
        28        14        47     119.2
        28        14        48        53
        28        14        49     10.32
        28        14        50     1.275
        28        14        51     31.01
        28        14        52     98.47
        28        14        53     196.3
        28        14        54     311.4
        28        14        55       427
        28        14        56     524.9
        28        14        57     588.5
        28        14        58     605.6
        28        14        59     571.2
        28        14        60     488.6
        28        14        61     370.5
        28        14        62     237.2
        28        14        63       114
        28        14        64     27.53
        28        14        65    0.4617
        28        14        66     46.93
        28        14        67     168.6
        28        14        68     352.7
        28        14        69     572.7
        28        14        70     792.2
        28        14        71     970.9
        28        14        72      1073
        28        14        73      1075
        28        14        74     970.8
        28        14        75     778.4
        28        14        76     534.2
        28        14        77     288.8
        28        14        78     96.62
        28        14        79     3.904
        28        14        80     37.88
        28        14        81     199.4
        28        14        82     461.2
        28        14        83     772.7
        28        14        84      1070
        28        14        85      1292
        28        14        86      1389
        28        14        87      1342
        28        14        88      1160
        28        14        89     881.7
        28        14        90     566.5
        28        14        91     279.9
        28        14        92     79.19
        28        14        93    0.5771
        28        14        94     52.12
        28        14        95       213
        28        14        96     439.6
        28        14        97     676.6
        28        14        98     870.2
        28        14        99     979.4
        28        14       100     984.7
        28        14       101     889.7
        28        14       102       719
        28        14       103     510.3
        28        14       104     304.8
        28        14       105     138.3
        28        14       106     34.23
        28        14       107  0.004287
        28        14       108     27.97
        28        14       109     99.08
        28        14       110     188.6
        28        14       111     272.3
        28        14       112     331.2
        28        14       113     354.7
        28        14       114     341.2
        28        14       115       297
        28        14       116     233.3
        28        14       117     163.2
        28        14       118     98.43
        28        14       119     47.66
        28        14       120     15.19
        30        15         1     33.44
        30        15         2     19.79
        30        15         3     7.998
        30        15         4     0.966
        30        15         5     1.021
        30        15         6     9.389
        30        15         7     25.84
        30        15         8     48.57
        30        15         9     74.41
        30        15        10     99.26
        30        15        11     118.8
        30        15        12     129.3
        30        15        13     128.5
        30        15        14     115.9
        30        15        15     93.48
        30        15        16     65.06
        30        15        17     36.13
        30        15        18     12.82
        30        15        19    0.7608
        30        15        20         4
        30        15        21     24.09
        30        15        22     59.57
        30        15        23       106
        30        15        24     156.3
        30        15        25     202.5
        30        15        26     236.4
        30        15        27     251.5
        30        15        28     244.5
        30        15        29     215.6
        30        15        30     169.6
        30        15        31     114.4
        30        15        32     60.72
        30        15        33     19.52
        30        15        34    0.5066
        30        15        35     10.05
        30        15        36     49.85
        30        15        37     116.2
        30        15        38     200.4
        30        15        39       290
        30        15        40     370.4
        30        15        41     428.1
        30        15        42     452.3
        30        15        43     437.7
        30        15        44     385.7
        30        15        45     304.2
        30        15        46     207.2
        30        15        47     112.4
        30        15        48     38.55
        30        15        49     1.909
        30        15        50     13.55
        30        15        51     76.79
        30        15        52     186.1
        30        15        53     327.4
        30        15        54       480
        30        15        55     619.5
        30        15        56     722.1
        30        15        57       769
        30        15        58     749.9
        30        15        59     665.6
        30        15        60       529
        30        15        61     363.5
        30        15        62     199.8
        30        15        63     70.49
        30        15        64      4.33
        30        15        65     20.58
        30        15        66     124.5
        30        15        67     305.3
        30        15        68     536.8
        30        15        69     781.6
        30        15        70     996.9
        30        15        71      1143
        30        15        72      1191
        30        15        73      1130
        30        15        74     966.8
        30        15        75     731.6
        30        15        76     468.2
        30        15        77       228
        30        15        78     59.86
        30        15        79  0.009986
        30        15        80     64.42
        30        15        81     244.8
        30        15        82     509.6
        30        15        83     809.7
        30        15        84      1088
        30        15        85      1291
        30        15        86      1380
        30        15        87      1338
        30        15        88      1172
        30        15        89     917.2
        30        15        90     621.1
        30        15        91     340.1
        30        15        92     125.1
        30        15        93     12.52
        30        15        94     16.86
        30        15        95     129.1
        30        15        96     319.5
        30        15        97     544.7
        30        15        98     756.9
        30        15        99       914
        30        15       100     987.2
        30        15       101     965.9
        30        15       102     858.3
        30        15       103       688
        30        15       104     488.3
        30        15       105     294.4
        30        15       106     137.1
        30        15       107     36.53
        30        15       108    0.2103
        30        15       109     22.83
        30        15       110        89
        30        15       111     177.5
        30        15       112     266.1
        30        15       113     335.8
        30        15       114     374.1
        30        15       115     376.4
        30        15       116     345.1
        30        15       117     288.6
        30        15       118     218.6
        30        15       119     147.1
        30        15       120     84.43
