Mo da yda   time   FoF2   foEs    foE   foF1   fbEs
12 28 362   3.00   1.90                            
12 28 362   4.00   2.00                            
12 28 362   5.00   2.40         160.00              
12 28 362   6.00   3.50   2.00  200.00              
12 28 362   7.00   4.10         215.00              
12 28 362   8.00   4.00   2.80  280.00              
12 28 362   9.00   4.50   3.40                     
12 28 362  10.00   4.50   3.00                     
12 28 362  11.00   5.10                            
12 28 362  15.00   1.90                            
12 28 362  21.00   2.00                            
