Mo da yda   time   FoF2   foEs    foE   foF1   fbEs
12  1 335  22.00   2.00   2.00                     
12  1 335  23.00   1.70   1.50                     
12  1 335   2.00          1.60                     
12  1 335   5.00   3.40         160.00              
12  1 335   6.00   4.50         170.00              
12  1 335   7.00   4.90   2.00  200.00              
12  1 335   8.00   4.60   2.50  205.00              
12  1 335   9.00   5.60   2.20  225.00              
12  1 335  10.00   5.40   2.20  225.00              
12  1 335  11.00   4.80   1.90  195.00              
12  1 335  12.00   4.70         180.00              
12  1 335  13.00   4.70   1.50                     
12  1 335  14.00   2.30   1.60                     
12  1 335  15.00   1.90                            
12  1 335  16.00   2.00                            
12  1 335  17.00   2.00                            
12  1 335  18.00   2.20   1.50                     
12  1 335  19.00   2.00                            
12  1 335  20.00   2.00   1.60                     
12  1 335  21.00   1.90                            
