Mo da yda   time   FoF2   foEs    foE   foF1   fbEs
12  4 338   1.00   1.90   1.00                     
12  4 338   2.00   1.90   1.60                     
12  4 338   3.00   2.00                            
12  4 338   4.00   2.10   1.50                     
12  4 338   5.00   3.90         190.00              
12  4 338   6.00   5.30   2.20  220.00              
12  4 338   7.00   4.90   2.40  240.00              
12  4 338   8.00   5.70   2.50  240.00              
12  4 338   9.00   5.90   2.40  230.00              
12  4 338  10.00   5.30   2.50  250.00              
12  4 338  11.00   5.00   2.30  230.00              
12  4 338  12.00   4.40   1.80  160.00              
12  4 338  13.00   3.70   1.90                     
12  4 338  14.00   2.80   1.50                     
12  4 338  15.00   2.00   4.90                     
12  4 338  16.00   2.00                            
12  4 338  17.00   2.00   1.50                     
12  4 338  18.00   2.00   1.60                     
12  4 338  19.00   2.50   1.50                     
12  4 338  20.00   2.90   1.50                     
12  4 338  21.00   2.60   1.50                     
