Mo da yda   time   FoF2   foEs    foE   foF1   fbEs
 2 12  43  22.00   2.30   1.80                     
 2 12  43  23.00   2.50   1.50                     
 2 12  43   0.00   2.30   1.00                     
 2 12  43   4.00   2.70          1.50              
 2 12  43   5.00   4.00   2.00   2.00              
 2 12  43   6.00   4.70   3.00   3.00              
 2 12  43   7.00   4.70   2.90   2.90              
 2 12  43   8.00   5.20   2.90   2.90   3.50       
 2 12  43   9.00   5.60   3.70   2.70              
 2 12  43  10.00   5.70   3.00   3.00              
 2 12  43  11.00   5.40   2.80   2.80              
 2 12  43  12.00   4.60   2.90   2.90              
 2 12  43  13.00   4.60   2.80   2.80              
 2 12  43  14.00   3.60   2.30                     
 2 12  43  15.00   2.80   1.70                     
 2 12  43  16.00   2.50   1.60                     
 2 12  43  17.00   2.30   1.50                     
 2 12  43  18.00   1.90   1.70                     
 2 12  43  19.00   1.90   1.60                     
 2 12  43  20.00   1.90   1.70                     
 2 12  43  21.00   2.10   1.40                     
