Mo da yda   time   FoF2   foEs    foE   foF1   fbEs
 3 29  89  22.00          1.90                     
 3 29  89  23.00          1.90                     
 3 29  89   2.00   2.00   1.50                     
 3 29  89   3.00   3.40          1.70              
 3 29  89   4.00   3.60          2.20              
 3 29  89   5.00   4.00   2.40   2.40   3.60       
 3 29  89   6.00   4.00   2.40   2.40   3.60       
 3 29  89   7.00   4.40   2.70   2.60   3.70       
 3 29  89   8.00   4.80   3.30          4.00       
 3 29  89   9.00   4.70   2.70          4.10       
 3 29  89  10.00   4.80                 4.00       
 3 29  89  11.00   4.60   2.00   2.70   3.90       
 3 29  89  12.00   4.70   2.00   2.50   3.80       
 3 29  89  13.00   4.80   2.00   2.30   3.30       
 3 29  89  14.00   4.80   2.00   2.00              
 3 29  89  15.00   4.60          1.60              
 3 29  89  16.00   4.60   1.60                     
 3 29  89  17.00   4.30   1.50                     
 3 29  89  18.00   2.90   1.50                     
 3 29  89  19.00   2.30   1.50                     
 3 29  89  20.00   2.00   1.50                     
 3 29  89  21.00   1.80   1.60                     
