Mo da yda   time   FoF2   foEs    foE   foF1   fbEs
 3  4  64   4.00   3.30   1.60   1.60              
 3  4  64   5.00   3.80   1.60   1.90              
 3  4  64   6.00   3.90   2.70   2.10              
 3  4  64   7.00   4.00   2.20   2.30              
 3  4  64   8.00   4.40   3.00   2.40              
 3  4  64   9.00   4.50   2.30   2.50   4.00       
 3  4  64  10.00   5.00   3.00   2.55   3.80       
 3  4  64  11.00   4.80   2.70   2.40              
 3  4  64  12.00   4.70          2.20   3.40       
 3  4  64  13.00   4.80   2.00   1.85              
 3  4  64  14.00   4.60          1.80              
 3  4  64  15.00   3.50   1.50                     
 3  4  64  16.00   2.70   1.70                     
 3  4  64  17.00   2.00   1.50                     
 3  4  64  18.00   1.80   1.50                     
 3  4  64  19.00   1.90   1.50                     
 3  4  64  20.00   1.90   1.50                     
 3  4  64  21.00   2.00   1.50                     
