Mo da yda   time   FoF2   foEs    foE   foF1   fbEs
 3 14  74  22.00   2.50   1.60                     
 3 14  74  23.00   2.40   1.60                     
 3 14  74   0.00   2.20   1.60                     
 3 14  74   1.00   2.10                            
 3 14  74   2.00   2.30   2.10                     
 3 14  74   3.00   2.70   1.80                     
 3 14  74   4.00   4.10   2.00                     
 3 14  74   5.00   4.90   2.40   2.25              
 3 14  74   6.00   5.00   2.60   2.45              
 3 14  74   7.00   6.00   2.60   2.60   3.90       
 3 14  74   8.00   5.30   2.70   2.70   4.00       
 3 14  74   9.00   5.60   2.80   2.80   4.00       
 3 14  74  10.00   5.60   2.80   2.75   4.00       
 3 14  74  11.00   5.50   2.60   2.55   4.00       
 3 14  74  12.00   5.70   2.40   2.35              
 3 14  74  13.00   5.10   1.60   2.15              
 3 14  74  14.00   5.10          1.70              
 3 14  74  15.00   4.00   1.60                     
 3 14  74  16.00   4.00   1.60                     
 3 14  74  17.00   3.60   1.60                     
 3 14  74  18.00   2.70   1.60                     
 3 14  74  19.00   2.20   1.60                     
 3 14  74  20.00   2.00   1.60                     
 3 14  74  21.00   2.20   1.60                     
