Mo da yda   time   FoF2   foEs    foE   foF1   fbEs
 3 27  87  22.00   2.00   1.50                     
 3 27  87   0.00          2.80                     
 3 27  87   2.00   2.60   1.50                     
 3 27  87   3.00   4.70   1.80   2.00              
 3 27  87   4.00   5.80          2.20              
 3 27  87   5.00   5.40   2.50   2.40              
 3 27  87   6.00   6.30   2.60   2.55              
 3 27  87   7.00   6.00   2.80   2.75              
 3 27  87   8.00   7.10   2.80   2.85   4.00       
 3 27  87   9.00   7.00   2.80   2.85              
 3 27  87  10.00   7.10   1.80   2.85   4.00       
 3 27  87  11.00   6.40   1.80   2.75              
 3 27  87  12.00   6.40   2.50   2.50              
 3 27  87  13.00   6.60   1.60   2.25              
 3 27  87  14.00   6.30   1.90   1.90              
 3 27  87  15.00   5.90          1.40              
 3 27  87  16.00   5.40   1.50                     
 3 27  87  17.00   4.30   1.50                     
 3 27  87  18.00   3.40   1.40                     
 3 27  87  19.00   3.00   2.00                     
 3 27  87  20.00   2.60   1.50                     
 3 27  87  21.00   2.50   1.80                     
