Mo da yda   time   FoF2   foEs    foE   foF1   fbEs
 2  1  32  22.00   2.20   1.70                     
 2  1  32  23.00   2.00   2.20                     
 2  1  32   0.00          1.90                     
 2  1  32   5.00   3.10          1.80              
 2  1  32   6.00   3.70          3.20              
 2  1  32   7.00   4.00   1.90   2.05              
 2  1  32   8.00   5.20   2.80   2.25   3.80       
 2  1  32   9.00   4.80   2.40   2.45              
 2  1  32  10.00   5.80   2.20   2.15              
 2  1  32  11.00   5.20   2.80   2.80              
 2  1  32  12.00   4.50   2.10   1.80              
 2  1  32  13.00   4.30                            
 2  1  32  14.00   3.80   1.50                     
 2  1  32  15.00   3.00   1.60                     
 2  1  32  21.00   1.90   1.50                     
