Mo da yda   time   FoF2   foEs    foE   foF1   fbEs
 3  8  68  22.00   2.20   1.50                     
 3  8  68  23.00   2.10   1.00                     
 3  8  68   0.00   1.80   1.50                     
 3  8  68   1.00   1.80                            
 3  8  68   2.00   1.80   1.80                     
 3  8  68   3.00   2.20                            
 3  8  68   4.00   3.10   1.80   1.80              
 3  8  68   5.00   3.80   1.90   2.20              
 3  8  68   6.00   3.60   2.30   2.30   3.40       
 3  8  68   7.00   4.00   2.10   2.50   3.60       
 3  8  68   8.00   4.10   2.50   2.60   3.60       
 3  8  68   9.00   4.20   2.00   2.60   3.70       
 3  8  68  10.00   4.40   1.90   2.60   3.70       
 3  8  68  11.00   4.50   1.90   2.45   3.60       
 3  8  68  12.00   4.20   2.30   2.30   3.50       
 3  8  68  13.00   4.30   1.80   2.00              
 3  8  68  14.00   3.80          1.70              
 3  8  68  15.00   3.50   1.50                     
 3  8  68  16.00   2.90   1.50                     
 3  8  68  17.00          2.30                     
 3  8  68  18.00          2.00                     
