Mo da yda   time   FoF2   foEs    foE   foF1   fbEs
 1  1   1  22.00   2.70   2.10                     
 1  1   1  23.00   2.90   1.70                     
 1  1   1   0.00   2.00   1.60                     
 1  1   1   1.00          3.00                     
 1  1   1   2.00          2.50                     
 1  1   1   3.00   2.00   2.50                     
 1  1   1   4.00   2.00   1.70                     
 1  1   1   5.00   3.40          1.80              
 1  1   1   6.00   4.60   2.20   1.75              
 1  1   1   7.00   4.70   2.40   2.10              
 1  1   1   8.00   4.90   2.70   2.20              
 1  1   1   9.00   5.30   3.30   2.60              
 1  1   1  10.00   6.10   2.40   2.15              
 1  1   1  11.00   4.90   3.00   2.00              
 1  1   1  12.00   4.50          1.50              
 1  1   1  14.00          4.60                     
 1  1   1  15.00   2.00                            
 1  1   1  17.00   1.90                            
 1  1   1  19.00   2.20                            
 1  1   1  21.00   2.80   1.50                     
