Mo da yda   time   FoF2   foEs    foE   foF1   fbEs
 2  8  39  22.00   2.60   1.40                     
 2  8  39  23.00   1.90   1.30                     
 2  8  39   0.00   1.80   1.60                     
 2  8  39   1.00   1.70   1.60                     
 2  8  39   2.00   1.90                            
 2  8  39   4.00          1.90                     
 2  8  39   5.00   3.60   1.90   1.85              
 2  8  39   6.00   4.00   2.60   2.10              
 2  8  39   7.00   4.30   2.40   2.35              
 2  8  39   8.00   4.60          2.50              
 2  8  39   9.00   5.10   3.20   2.50              
 2  8  39  10.00   5.00   3.60   2.45              
 2  8  39  11.00   5.20   2.40   2.35              
 2  8  39  12.00   4.90   2.20   2.10              
 2  8  39  13.00   4.60   2.80                     
 2  8  39  14.00   4.10   1.70                     
 2  8  39  15.00   2.30   1.70                     
 2  8  39  16.00   2.40   1.70                     
 2  8  39  17.00   2.10   1.60                     
 2  8  39  18.00   2.10   1.80                     
 2  8  39  19.00   2.10                            
 2  8  39  20.00   2.00   2.40                     
 2  8  39  21.00   1.80   1.80                     
