Mo da yda   time   FoF2   foEs    foE   foF1   fbEs
 3 15  75  22.00   2.20   1.60                     
 3 15  75  23.00   2.10   1.60                     
 3 15  75   0.00   2.10   1.20                     
 3 15  75   1.00   2.10   1.50                     
 3 15  75   2.00   2.20                            
 3 15  75   3.00   3.00   1.60                     
 3 15  75   4.00   4.10   2.00   2.00              
 3 15  75   5.00   4.70   2.30   2.30              
 3 15  75   6.00   5.60   2.90   2.45   3.80       
 3 15  75   7.00   6.00   3.00   2.60   3.90       
 3 15  75   8.00   5.60   3.00   2.65   4.10       
 3 15  75   9.00   5.70   2.70   2.70   4.10       
 3 15  75  10.00   5.50   3.10   2.70   3.90       
 3 15  75  11.00   5.60   2.60   2.60   3.80       
 3 15  75  12.00   5.00          2.45              
 3 15  75  13.00   4.90   2.10   2.10              
 3 15  75  14.00   5.00   1.80   1.85              
 3 15  75  15.00   5.30   1.50                     
 3 15  75  16.00   4.80   1.60                     
 3 15  75  17.00   4.50   1.60                     
 3 15  75  18.00   3.70   1.60                     
 3 15  75  19.00   2.80   1.50                     
 3 15  75  20.00   2.50   1.70                     
 3 15  75  21.00   2.10   1.60                     
