Mo da yda   time   FoF2   foEs    foE   foF1   fbEs
 3 26  86  22.00   3.10   1.60                     
 3 26  86  23.00   3.00   1.70                     
 3 26  86   0.00   2.70   1.50                     
 3 26  86   1.00   2.30   1.60                     
 3 26  86   2.00   2.20   1.60                     
 3 26  86   3.00   2.80   1.60   1.65              
 3 26  86   4.00   3.40   2.00   2.05   3.40       
 3 26  86   5.00   3.30   2.40   2.35   3.30       
 3 26  86   6.00   3.50   2.60   2.65   3.50       
 3 26  86   7.00   4.80   1.90   2.80   4.00       
 3 26  86   8.00   4.80   3.00   3.00   4.20       
 3 26  86   9.00   6.10   3.00   3.00   4.10       
 3 26  86  10.00   5.50   2.90   2.90   4.10       
 3 26  86  11.00   6.00   2.80   2.75   3.90       
 3 26  86  12.00   5.30   3.00   3.00   3.80       
 3 26  86  13.00   5.20   2.40   2.40              
 3 26  86  14.00   2.70   2.30                     
 3 26  86  15.00   2.30   2.70                     
 3 26  86  16.00   2.30   2.40                     
 3 26  86  17.00   2.50                            
 3 26  86  18.00   2.60   1.60                     
 3 26  86  19.00   2.30                            
 3 26  86  21.00   1.90   1.60                     
