Mo da yda   time   FoF2   foEs    foE   foF1   fbEs
 1  5   5  22.00   2.60   1.50                     
 1  5   5  23.00   2.40   1.00                     
 1  5   5   0.00   2.30   1.30                     
 1  5   5   1.00          1.90                     
 1  5   5   2.00   1.90                            
 1  5   5   3.00   1.70                            
 1  5   5   5.00   4.00   7.30                     
 1  5   5   6.00   5.00   2.20   1.90              
 1  5   5   7.00   5.00   2.50   2.10              
 1  5   5   8.00   5.90   2.60   2.25              
 1  5   5   9.00   5.70   2.80   2.30              
 1  5   5  10.00   6.00   3.20   2.30              
 1  5   5  11.00   4.60   2.70                     
 1  5   5  12.00   4.60   2.50                     
 1  5   5  13.00   4.00   3.30                     
 1  5   5  14.00   3.20   5.80                     
 1  5   5  15.00   2.60   6.30                     
 1  5   5  16.00          7.30                     
 1  5   5  17.00          5.10                     
 1  5   5  19.00   2.70   1.70                     
 1  5   5  20.00   2.80   2.00                     
 1  5   5  21.00   2.90   1.50                     
