Mo da yda   time   FoF2   foEs    foE   foF1   fbEs
 2 16  47  22.00   2.20   1.40                     
 2 16  47  23.00   2.20   1.50                     
 2 16  47   0.00   2.20   1.80                     
 2 16  47   1.00   1.60                            
 2 16  47   4.00   3.30   1.50                     
 2 16  47   5.00   4.60          1.80              
 2 16  47   6.00   4.40   3.00   3.00              
 2 16  47   7.00   5.00   3.00   3.00              
 2 16  47   8.00   5.30   3.30   3.30              
 2 16  47   9.00   5.40   3.00   3.00   3.70       
 2 16  47  10.00   5.40   2.60   2.60   3.70       
 2 16  47  11.00   5.00   2.80   2.80              
 2 16  47  12.00   4.80   2.60   2.60              
 2 16  47  13.00   4.70   2.80   2.80              
 2 16  47  14.00   4.20          1.50              
 2 16  47  15.00   3.50   1.40                     
 2 16  47  16.00   2.40   1.50                     
 2 16  47  17.00   2.30   1.50                     
 2 16  47  18.00   2.40   1.50                     
 2 16  47  19.00   2.50   1.50                     
 2 16  47  20.00   2.60   1.50                     
 2 16  47  21.00   2.70   1.50                     
