Mo da yda   time   FoF2   foEs    foE   foF1   fbEs
 3 13  73   2.00          1.80                     
 3 13  73   3.00   2.10   1.90                     
 3 13  73   4.00   4.00   2.10                     
 3 13  73   5.00   4.20   2.40   2.20              
 3 13  73   6.00   4.50   2.70          3.70       
 3 13  73   7.00   5.00   3.40          3.80       
 3 13  73   8.00   4.60   3.60          3.90       
 3 13  73   9.00   4.70          2.50   4.00       
 3 13  73  10.00   5.10   2.00   2.60   4.00       
 3 13  73  11.00   4.90   2.60   2.55   3.90       
 3 13  73  12.00   4.80   2.40   2.35              
 3 13  73  13.00   4.90   2.10   2.10              
 3 13  73  14.00   4.40   1.90   1.50              
 3 13  73  15.00   4.20   1.90                     
 3 13  73  16.00   3.80   1.50                     
 3 13  73  17.00   3.20   1.50                     
 3 13  73  18.00   2.50   1.80                     
 3 13  73  19.00   2.30   1.50                     
 3 13  73  20.00   2.30   1.50                     
 3 13  73  21.00   2.50   1.70                     
