Mo da yda   time   FoF2   foEs    foE   foF1   fbEs
 3 22  82  22.00   2.90   1.00                     
 3 22  82  23.00   2.90   1.00                     
 3 22  82   0.00   2.60   1.30                     
 3 22  82   1.00   2.50   1.50                     
 3 22  82   2.00   2.30   1.50                     
 3 22  82   3.00   3.60          1.60              
 3 22  82   4.00   4.10   2.20   2.15              
 3 22  82   5.00   4.80   2.50   2.50              
 3 22  82   6.00   5.20   2.90   2.70   3.90       
 3 22  82   7.00   5.30   3.00   2.85   4.00       
 3 22  82   8.00   5.80   3.00   2.95   4.10       
 3 22  82   9.00   5.70   3.00   2.95   4.20       
 3 22  82  10.00   5.60          2.95   4.10       
 3 22  82  11.00   5.80   2.80   2.85              
 3 22  82  12.00   5.60   2.00   2.65              
 3 22  82  13.00   5.70   1.80   2.35              
 3 22  82  14.00   5.70   1.90   1.90              
 3 22  82  15.00   5.40          1.30              
 3 22  82  16.00   5.00   1.50                     
 3 22  82  17.00   4.30   1.50                     
 3 22  82  18.00   3.60   1.40                     
 3 22  82  19.00   3.30   1.60                     
 3 22  82  20.00   2.90   1.50                     
 3 22  82  21.00   2.80   1.50                     
