Mo da yda   time   FoF2   foEs    foE   foF1   fbEs
 2 27  58  22.00   2.60   2.10                     
 2 27  58  23.00   2.50   1.30                     
 2 27  58   0.00   2.50   1.30                     
 2 27  58   1.00   2.30   2.00                     
 2 27  58   2.00   2.40   2.50                     
 2 27  58   3.00   2.50   2.80                     
 2 27  58   4.00   3.50   5.30                     
 2 27  58   5.00   4.60   3.00   2.05              
 2 27  58   6.00   5.00   2.10   2.30              
 2 27  58   7.00   5.30   2.50   2.50              
 2 27  58   8.00   5.60   2.90   2.60              
 2 27  58   9.00   5.40   3.50   2.65              
 2 27  58  10.00   6.20   3.10   2.60              
 2 27  58  11.00   6.40   2.50   2.50              
 2 27  58  12.00   5.40   2.20   2.20              
 2 27  58  13.00   4.80   2.20   1.85              
 2 27  58  14.00   4.60          1.70              
 2 27  58  15.00   4.40   2.10                     
 2 27  58  16.00   3.70   1.60                     
 2 27  58  17.00   3.20   1.50                     
 2 27  58  18.00   2.20   1.70                     
 2 27  58  19.00   2.20                            
 2 27  58  21.00   1.70                            
