Mo da yda   time   FoF2   foEs    foE   foF1   fbEs
 3  2  62  22.00   2.00   1.60                     
 3  2  62  23.00   2.30   1.60                     
 3  2  62   0.00   2.00   1.60                     
 3  2  62   1.00          2.40                     
 3  2  62   3.00   2.10   1.50                     
 3  2  62   4.00   3.40          1.80              
 3  2  62   5.00   3.80   1.90   1.90              
 3  2  62   6.00   4.40   2.00   2.05              
 3  2  62   7.00   4.60   3.40          3.70       
 3  2  62   8.00   5.30   2.70          3.80       
 3  2  62   9.00   5.40   3.10          3.90       
 3  2  62  10.00   5.40   3.20          3.80       
 3  2  62  11.00   5.10   2.70                     
 3  2  62  12.00   4.80   2.00   2.15              
 3  2  62  13.00   4.80   1.80   1.85              
 3  2  62  14.00   5.50          1.70              
 3  2  62  15.00   4.80   1.50                     
 3  2  62  16.00   4.40   1.60                     
 3  2  62  17.00   3.40   1.60                     
 3  2  62  18.00   2.90                            
 3  2  62  19.00   2.50   1.60                     
 3  2  62  20.00   2.10   1.60                     
 3  2  62  21.00   2.10   1.60                     
