Mo da yda   time   FoF2   foEs    foE   foF1   fbEs
 3 25  85  22.00   2.80   1.80                     
 3 25  85  23.00   2.70   1.40                     
 3 25  85   0.00   2.70   1.50                     
 3 25  85   1.00   3.10   1.60                     
 3 25  85   2.00   3.10   1.50                     
 3 25  85   3.00   4.40          1.90              
 3 25  85   4.00   5.00   2.20   2.20              
 3 25  85   5.00   5.50   3.00   2.55              
 3 25  85   6.00   5.60   3.30   2.70   4.10       
 3 25  85   7.00   6.30   3.40          4.20       
 3 25  85   8.00   6.00   3.30          4.20       
 3 25  85   9.00   5.80   3.30   3.00   4.30       
 3 25  85  10.00   5.60   3.70   3.70   4.20       
 3 25  85  11.00   5.60   2.80   2.80              
 3 25  85  12.00   5.60   2.70   2.70              
 3 25  85  13.00   5.30   2.40   2.35              
 3 25  85  14.00   5.40   2.20   1.80              
 3 25  85  15.00   5.40          1.60              
 3 25  85  16.00   5.30   1.70                     
 3 25  85  17.00   5.00   1.60                     
 3 25  85  18.00   4.50   1.50                     
 3 25  85  19.00   3.40   1.70                     
 3 25  85  20.00   3.40   1.50                     
 3 25  85  21.00   3.20   1.60                     
