Mo da yda   time   FoF2   foEs    foE   foF1   fbEs
 1  6   6  22.00   3.00   1.50                     
 1  6   6  23.00   2.80   1.30                     
 1  6   6   0.00   2.50                            
 1  6   6   1.00   2.20   1.60                     
 1  6   6   2.00          2.80                     
 1  6   6   3.00          3.10                     
 1  6   6   5.00   3.60   2.00                     
 1  6   6   6.00   5.10   2.40   1.70              
 1  6   6   7.00   5.40   2.20   2.05              
 1  6   6   8.00   5.00   2.40   2.15              
 1  6   6   9.00   5.80   2.70   2.20              
 1  6   6  10.00   5.40   2.80   2.10              
 1  6   6  11.00   5.60   2.00   1.85              
 1  6   6  12.00   4.80   3.00                     
 1  6   6  13.00   4.10   2.30                     
 1  6   6  14.00   2.60   3.80                     
 1  6   6  15.00   2.00   1.60                     
 1  6   6  16.00   2.10   2.70                     
 1  6   6  17.00          3.00                     
 1  6   6  18.00   2.60   1.60                     
 1  6   6  19.00   3.10   1.60                     
 1  6   6  20.00   2.90   1.60                     
 1  6   6  21.00   3.10   1.70                     
