Mo da yda   time   FoF2   foEs    foE   foF1   fbEs
 1 12  12  22.00          2.20                     
 1 12  12  23.00          2.30                     
 1 12  12   0.00          2.60                     
 1 12  12   1.00          1.90                     
 1 12  12   4.00          2.70                     
 1 12  12   5.00   3.60   2.50                     
 1 12  12   6.00   4.20   2.70   1.85              
 1 12  12   7.00   5.40   2.30   2.10              
 1 12  12   8.00   5.80   2.50   2.25              
 1 12  12   9.00   5.40   3.00   2.35              
 1 12  12  10.00   5.30   2.20   2.20              
 1 12  12  11.00   4.70   2.00   2.00              
 1 12  12  12.00   4.40          1.60              
 1 12  12  13.00   3.60          1.40              
 1 12  12  14.00   3.30   1.60                     
 1 12  12  15.00   2.40   1.70                     
