Mo da yda   time   FoF2   foEs    foE   foF1   fbEs
 1 13  13   3.00          1.80                     
 1 13  13   5.00   3.30          1.60              
 1 13  13   6.00   4.50   2.20   1.80              
 1 13  13   7.00   4.70   4.50   2.20              
 1 13  13   8.00   5.30   3.20   2.40              
 1 13  13   9.00   4.90   2.70   2.40              
 1 13  13  10.00   5.40   2.50                     
 1 13  13  11.00   4.70   2.50                     
 1 13  13  12.00   4.40   2.20   1.75              
 1 13  13  13.00   3.90   1.50                     
 1 13  13  14.00   2.50   1.50                     
 1 13  13  15.00   2.30   1.50                     
 1 13  13  18.00          2.30                     
 1 13  13  19.00          1.70                     
 1 13  13  21.00   2.10   2.40                     
