Mo da yda   time   FoF2   foEs    foE   foF1   fbEs
 1 25  25   4.00   2.40                            
 1 25  25   5.00   3.30   2.00   2.05              
 1 25  25   6.00   3.70   2.80   2.80              
 1 25  25   7.00   4.20   2.80   2.30              
 1 25  25   8.00   4.60   3.00   3.00              
 1 25  25   9.00   4.80   1.90   1.90              
 1 25  25  10.00   4.70   3.40   3.40              
 1 25  25  11.00   5.20   3.80   3.80              
 1 25  25  12.00   4.60   2.50   2.50              
 1 25  25  13.00   3.60          1.60              
 1 25  25  14.00   3.80   1.60                     
 1 25  25  15.00   3.30   1.60                     
 1 25  25  16.00   2.00   1.70                     
 1 25  25  17.00   2.00                            
 1 25  25  18.00   1.90   1.70                     
 1 25  25  19.00   2.00   1.60                     
 1 25  25  20.00   2.00                            
 1 25  25  21.00   2.20   1.00                     
