Mo da yda   time   FoF2   foEs    foE   foF1   fbEs
 3 24  84  22.00   3.30   1.50                     
 3 24  84  23.00   3.20   1.40                     
 3 24  84   0.00   3.00   1.50                     
 3 24  84   1.00   3.00   1.50                     
 3 24  84   2.00   2.80   1.50                     
 3 24  84   3.00   4.10          1.60              
 3 24  84   4.00   5.10   2.20   2.20              
 3 24  84   5.00   5.60   2.60                     
 3 24  84   6.00   5.60   3.40          3.90       
 3 24  84   7.00   6.10   3.10          4.00       
 3 24  84   8.00   6.00   3.10          4.10       
 3 24  84   9.00   6.00   3.20   3.00   4.00       
 3 24  84  10.00   5.50   2.10   3.00              
 3 24  84  11.00   5.70   2.50   2.85   4.00       
 3 24  84  12.00   6.10   1.80   2.65   3.80       
 3 24  84  13.00   5.50   1.90   2.45              
 3 24  84  14.00   5.50   2.00   2.10              
 3 24  84  15.00   5.30          1.70              
 3 24  84  16.00   4.80   1.70                     
 3 24  84  17.00   4.30   2.10                     
 3 24  84  18.00   3.50   1.50                     
 3 24  84  19.00   3.20   1.50                     
 3 24  84  20.00   3.20   1.60                     
 3 24  84  21.00   3.00   1.60                     
