Mo da yda   time   FoF2   foEs    foE   foF1   fbEs
 2 29  60  22.00   1.80                            
 2 29  60  23.00   1.80   1.70                     
 2 29  60   0.00   1.70   2.00                     
 2 29  60   1.00          2.20                     
 2 29  60   2.00          1.70                     
 2 29  60   3.00   1.90   2.90                     
 2 29  60   4.00   3.20   1.80                     
 2 29  60   5.00   3.60   2.10   1.90              
 2 29  60   6.00   3.70   2.20   2.20   3.40       
 2 29  60   7.00   3.90   2.70   2.35   3.40       
 2 29  60   8.00   3.90   2.50   2.50              
 2 29  60   9.00   4.00   2.50          3.60       
 2 29  60  10.00   4.40   3.30          3.60       
 2 29  60  11.00   4.20   2.40          3.50       
 2 29  60  12.00   4.00   2.20   2.20   3.30       
 2 29  60  13.00   3.80   1.80   1.80              
 2 29  60  14.00   3.70          1.50              
 2 29  60  15.00   3.30   1.60                     
 2 29  60  16.00   3.10   2.10                     
 2 29  60  17.00   2.40   1.60                     
 2 29  60  19.00   1.90   1.60                     
