Mo da yda   time   FoF2   foEs    foE   foF1   fbEs
 3 18  78  22.00   2.20                            
 3 18  78  23.00   2.00                            
 3 18  78   0.00   2.00   1.70                     
 3 18  78   1.00   2.00   2.00                     
 3 18  78   5.00   4.00   2.80   2.80   3.50       
 3 18  78   6.00   4.60   2.80   2.55              
 3 18  78   7.00   4.70   2.80   2.75   3.90       
 3 18  78   8.00   5.30          2.90   4.00       
 3 18  78   9.00   5.30          2.90   4.10       
 3 18  78  10.00   6.00          2.85              
 3 18  78  11.00   5.30   2.70   2.70              
 3 18  78  12.00   5.30   2.50   2.50              
 3 18  78  13.00   5.80   2.20   2.55              
 3 18  78  14.00   5.30   2.00   2.00              
 3 18  78  15.00   4.90   1.60                     
 3 18  78  16.00   4.10                            
 3 18  78  17.00   3.50   1.30                     
 3 18  78  18.00   3.20   1.50                     
 3 18  78  19.00   3.10   1.60                     
 3 18  78  20.00   3.20   1.60                     
 3 18  78  21.00   2.70   1.70                     
