Mo da yda   time   FoF2   foEs    foE   foF1   fbEs
 2 10  41  22.00   2.10   1.70                     
 2 10  41  23.00   2.30   1.70                     
 2 10  41   0.00          3.10                     
 2 10  41   4.00   2.50   1.70                     
 2 10  41   5.00   3.60   2.00   2.00              
 2 10  41   6.00   4.40   2.80   2.80              
 2 10  41   7.00   4.60   2.90   2.90              
 2 10  41   8.00   4.40   3.00   3.00              
 2 10  41   9.00   4.60   2.70   2.70   3.60       
 2 10  41  10.00   5.20   2.90   2.90              
 2 10  41  11.00   4.70   3.00   3.00              
 2 10  41  12.00   4.50   2.90   2.90              
 2 10  41  13.00   4.50   2.30   2.30              
 2 10  41  14.00   3.80   1.70                     
 2 10  41  15.00   3.10   1.70                     
 2 10  41  16.00   2.00   1.60                     
 2 10  41  17.00   2.10   1.70                     
 2 10  41  18.00   2.00   1.70                     
 2 10  41  19.00   2.00   1.60                     
 2 10  41  20.00   2.10   1.80                     
 2 10  41  21.00   2.30   1.60                     
