Mo da yda   time   FoF2   foEs    foE   foF1   fbEs
 3  6  66  22.00   2.60   1.40                     
 3  6  66  23.00   2.70   1.50                     
 3  6  66   0.00   2.60   1.60                     
 3  6  66   1.00   2.10   1.60                     
 3  6  66   2.00   2.00   1.60                     
 3  6  66   3.00   2.60   1.70                     
 3  6  66   4.00   3.50   2.10   1.70              
 3  6  66   5.00   3.90   2.90   2.90              
 3  6  66   6.00          2.60   2.15   3.70       
 3  6  66   7.00   4.40   2.40   2.40   3.70       
 3  6  66   8.00   4.30   2.50   2.50   3.70       
 3  6  66   9.00   4.60   3.00   2.60   3.90       
 3  6  66  10.00   4.70   2.90   2.90   3.80       
 3  6  66  11.00   5.10   2.90   2.90   3.80       
 3  6  66  12.00   4.70   2.80   2.80              
 3  6  66  13.00   4.40   2.50   2.50              
 3  6  66  14.00   4.30          1.70              
 3  6  66  15.00   3.80   1.50                     
 3  6  66  16.00   3.30   1.70                     
 3  6  66  17.00   2.50   1.60                     
 3  6  66  18.00   2.10   1.50                     
 3  6  66  19.00   2.10   1.60                     
 3  6  66  20.00   1.80                            
 3  6  66  21.00   2.10   1.60                     
