Mo da yda   time   FoF2   foEs    foE   foF1   fbEs
 3 28  88  22.00   2.30   1.60                     
 3 28  88  23.00          3.30                     
 3 28  88   2.00   2.20   1.60                     
 3 28  88   3.00   3.30   2.00   1.85              
 3 28  88   4.00   3.70   2.50   2.20              
 3 28  88   5.00   4.30   2.60   2.60   3.70       
 3 28  88   6.00   4.50   3.40          3.80       
 3 28  88   7.00   4.60   4.50          3.90       
 3 28  88   8.00   4.60   3.00          4.00       
 3 28  88   9.00   4.70   2.90   2.90   4.00       
 3 28  88  10.00   4.60   2.30   2.85   4.00       
 3 28  88  11.00   4.60   2.40   2.75   3.90       
 3 28  88  12.00   4.50   2.10   2.55   3.70       
 3 28  88  13.00   4.40   2.00   2.35   3.60       
 3 28  88  14.00   4.60   2.20   2.00              
 3 28  88  15.00   4.70          1.60              
 3 28  88  16.00   4.40   1.60                     
 3 28  88  17.00   3.90   1.60                     
 3 28  88  18.00   3.00   1.50                     
 3 28  88  19.00   2.30   1.60                     
 3 28  88  21.00   2.00   2.00                     
