Mo da yda   time   FoF2   foEs    foE   foF1   fbEs
 3 10  70  22.00   1.80   1.60                     
 3 10  70  23.00   1.80   1.60                     
 3 10  70   0.00   1.80   1.40                     
 3 10  70   1.00   1.80   1.60                     
 3 10  70   2.00   1.90                            
 3 10  70   3.00   2.50   1.70                     
 3 10  70   4.00   3.00   2.00   2.05              
 3 10  70   5.00   3.40   1.80   2.20   2.80       
 3 10  70   6.00   3.40   2.00   2.30              
 3 10  70   7.00   3.60   2.80   2.45   3.60       
 3 10  70   8.00   3.70   3.00   2.55   3.70       
 3 10  70   9.00   3.70   3.10          3.70       
 3 10  70  10.00   4.40   2.80          3.70       
 3 10  70  11.00   4.40   2.90          3.60       
 3 10  70  12.00   4.30   2.70                     
 3 10  70  13.00   4.40   2.30                     
 3 10  70  14.00   4.30   1.80   1.60              
 3 10  70  15.00   3.70   1.70                     
 3 10  70  16.00   3.30   1.60                     
 3 10  70  17.00   2.40   1.60                     
 3 10  70  21.00   1.90   1.60                     
