Mo da yda   time   FoF2   foEs    foE   foF1   fbEs
 3 16  76  22.00   2.20   1.60                     
 3 16  76  23.00   2.10   1.00                     
 3 16  76   0.00   2.00                            
 3 16  76   1.00   2.00   1.70                     
 3 16  76   2.00   2.30                            
 3 16  76   3.00   3.00          1.70              
 3 16  76   4.00   3.60          1.90              
 3 16  76   5.00   4.40   2.20   2.15              
 3 16  76   6.00   4.50   2.80   2.40   3.70       
 3 16  76   7.00   5.20   3.00   2.55   3.90       
 3 16  76   8.00   5.60   2.60   2.60   4.00       
 3 16  76   9.00   5.80   2.60   2.55   4.00       
 3 16  76  10.00   5.50   2.00   2.55   4.00       
 3 16  76  11.00   5.50   2.50   2.50   3.90       
 3 16  76  12.00   5.70   2.40   2.35   3.70       
 3 16  76  13.00   5.10   2.00   2.00              
 3 16  76  14.00   4.50          1.70              
 3 16  76  15.00   3.80   1.70                     
 3 16  76  16.00   3.20   1.60                     
 3 16  76  17.00   3.10   1.50                     
 3 16  76  18.00   2.50   1.50                     
 3 16  76  19.00   2.30   1.60                     
 3 16  76  20.00   2.60   1.70                     
