Mo da yda   time   FoF2   foEs    foE   foF1   fbEs
 2  9  40  22.00   1.70   1.00                     
 2  9  40  23.00          2.00                     
 2  9  40   2.00          1.90                     
 2  9  40   3.00          2.30                     
 2  9  40   4.00   2.40   2.00                     
 2  9  40   5.00   3.30   1.80   1.80              
 2  9  40   6.00   3.70   2.10   2.05              
 2  9  40   7.00   3.90   2.30   2.30              
 2  9  40   8.00   4.20          2.45              
 2  9  40   9.00   4.10          2.50              
 2  9  40  10.00   4.40   2.60   2.60   3.50       
 2  9  40  11.00   4.60   2.20                     
 2  9  40  12.00   4.00          2.20              
 2  9  40  13.00   4.20   1.90   1.90              
 2  9  40  14.00   3.80   1.90                     
 2  9  40  15.00   2.60   1.60                     
 2  9  40  16.00   2.20   1.50                     
 2  9  40  17.00          1.90                     
 2  9  40  21.00   2.10   1.60                     
