Mo da yda   time   FoF2   foEs    foE   foF1   fbEs
 3  5  65  22.00   2.30   1.60                     
 3  5  65  23.00   2.30   1.70                     
 3  5  65   0.00   2.20   1.90                     
 3  5  65   3.00   2.40   1.60                     
 3  5  65   4.00   3.80          1.90              
 3  5  65   5.00   4.50   2.00   2.00              
 3  5  65   6.00   4.60   2.40   2.35              
 3  5  65   7.00   4.80   2.70          3.90       
 3  5  65   8.00   5.50   2.80          4.00       
 3  5  65   9.00   5.30   2.30   2.75   4.00       
 3  5  65  10.00   5.70   3.00   3.00   4.00       
 3  5  65  11.00   5.70   2.80   2.80              
 3  5  65  12.00   5.50   3.00   3.00              
 3  5  65  13.00   5.10   2.00                     
 3  5  65  14.00   4.90          1.70              
 3  5  65  15.00   4.30   1.50                     
 3  5  65  16.00   3.50   1.50                     
 3  5  65  17.00   2.80   1.70                     
 3  5  65  18.00   2.10   1.60                     
 3  5  65  19.00   2.00                            
 3  5  65  20.00   2.10   1.50                     
 3  5  65  21.00   2.40   1.60                     
