Mo da yda   time   FoF2   foEs    foE   foF1   fbEs
 3 21  81  22.00   3.10   1.60                     
 3 21  81  23.00   2.90   1.50                     
 3 21  81   0.00   2.70   1.70                     
 3 21  81   1.00   2.60   1.60                     
 3 21  81   2.00   2.50   1.60                     
 3 21  81   3.00   3.80          1.70              
 3 21  81   4.00   4.30   1.80   1.95              
 3 21  81   5.00   5.10   2.40   2.35              
 3 21  81   6.00   5.40   2.60   2.55   4.00       
 3 21  81   7.00   6.00   2.80   2.80   4.00       
 3 21  81   8.00   5.80   3.00   3.00   4.00       
 3 21  81   9.00   6.00   3.00   3.00              
 3 21  81  10.00   5.90   2.80   2.85              
 3 21  81  11.00   5.90   3.00   2.80              
 3 21  81  12.00   6.00   2.60   2.60              
 3 21  81  13.00   6.10   2.30   2.30              
 3 21  81  14.00   5.90   1.90   1.90              
 3 21  81  15.00   5.70          1.70              
 3 21  81  16.00   5.40   1.90                     
 3 21  81  17.00   4.20   1.70                     
 3 21  81  18.00   3.90   1.60                     
 3 21  81  19.00   3.30   1.60                     
 3 21  81  20.00   3.00   1.60                     
 3 21  81  21.00   3.00   1.50                     
