Mo da yda   time   FoF2   foEs    foE   foF1   fbEs
 3  9  69   0.00          2.10                     
 3  9  69   3.00   2.50   1.70                     
 3  9  69   4.00   3.30   1.80   1.80              
 3  9  69   5.00   3.80   2.20   2.20              
 3  9  69   6.00   4.30   2.40                     
 3  9  69   7.00   4.60   2.80          3.90       
 3  9  69   8.00   5.00   2.60   2.65   3.90       
 3  9  69   9.00   4.80   2.80          3.90       
 3  9  69  10.00   5.20   2.70          4.10       
 3  9  69  11.00   5.10   2.00   2.40              
 3  9  69  12.00   5.30          2.30              
 3  9  69  13.00   4.90   2.00   2.05              
 3  9  69  14.00   4.70          1.70              
 3  9  69  15.00   5.20   1.70                     
 3  9  69  16.00   3.30   1.70                     
 3  9  69  17.00   2.50   1.60                     
 3  9  69  18.00   2.10                            
 3  9  69  19.00   2.00                            
 3  9  69  20.00   2.10   2.00                     
 3  9  69  21.00   1.90   1.60                     
