Mo da yda   time   FoF2   foEs    foE   foF1   fbEs
 2 28  59  22.00   1.70                            
 2 28  59  23.00   1.60                            
 2 28  59   0.00   1.60   2.00                     
 2 28  59   1.00          2.10                     
 2 28  59   2.00   1.90                            
 2 28  59   3.00          2.40                     
 2 28  59   4.00   3.30   2.20   1.30              
 2 28  59   5.00   4.10   3.30                     
 2 28  59   6.00   4.50   5.30                     
 2 28  59   7.00   5.40   2.90                     
 2 28  59   8.00   5.70   2.20   2.65   3.80       
 2 28  59   9.00   5.40   2.00   2.70              
 2 28  59  10.00   5.30   2.70   2.70              
 2 28  59  11.00   5.50   2.60   2.55              
 2 28  59  12.00   5.30   2.20   2.20              
 2 28  59  13.00   5.00   2.10   1.95              
 2 28  59  14.00   4.80          1.70              
 2 28  59  15.00   3.80   1.50                     
 2 28  59  16.00   3.40   1.50                     
 2 28  59  17.00   2.80   1.60                     
 2 28  59  18.00   2.70   2.10                     
 2 28  59  19.00   2.40   2.00                     
 2 28  59  20.00   2.00   1.50                     
 2 28  59  21.00   1.90   1.50                     
