Mo da yda   time   FoF2   foEs    foE   foF1   fbEs
 3  3  63  22.00   1.80                            
 3  3  63  23.00   1.60                            
 3  3  63   0.00   1.60                            
 3  3  63   3.00   2.00   1.40                     
 3  3  63   4.00   3.00   1.70   1.70              
 3  3  63   5.00   3.50   2.00   2.00              
 3  3  63   6.00   3.90   2.20   2.30   3.50       
 3  3  63   7.00   4.00   2.50   2.50   3.70       
 3  3  63   8.00   4.00          2.55   3.70       
 3  3  63   9.00   4.20   3.10   2.60              
 3  3  63  10.00   4.30   2.60   2.60              
 3  3  63  11.00   4.80          2.60   3.90       
 3  3  63  12.00   4.30   2.40   2.45              
 3  3  63  13.00   3.90          2.05              
 3  3  63  14.00   3.80          1.50              
 3  3  63  15.00   3.40   1.50                     
 3  3  63  16.00   2.80   1.60                     
