Mo da yda   time   FoF2   foEs    foE   foF1   fbEs
12 27 361   2.00    2.2                            
12 27 361   3.00    2.1                            
12 27 361   7.00    4.3      2                    2
12 27 361   8.00      5      2                    2
12 27 361   9.00    5.3    2.4      2           2.4
12 27 361  10.00    5.9    3.1                  2.9
12 27 361  11.00    6.8    4.2                    3
12 27 361  12.00    5.8    2.7                  2.7
12 27 361  13.00           6.8                  6.8
12 27 361  14.00             6                    6
12 27 361  15.00      4                            
12 27 361  16.00    3.5                            
12 27 361  17.00             5                    5
