Mo da yda   time   FoF2   foEs    foE   foF1   fbEs
12 12 346   0.00    2.7                            
12 12 346   1.00    2.5                            
12 12 346   2.00    2.1                            
12 12 346   3.00           2.8                  2.8
12 12 346   4.00             3                    3
12 12 346   7.00    4.3                            
12 12 346   8.00    5.4                            
12 12 346   9.00      6    2.6                  2.6
12 12 346  10.00    5.8    2.4                  2.4
12 12 346  11.00      6    2.8                  2.8
12 12 346  12.00    6.2    3.1                  3.1
12 12 346  13.00    5.2                            
12 12 346  14.00    4.6                            
12 12 346  15.00      4    2.7                  2.5
12 12 346  16.00      4    2.3                    2
12 12 346  17.00           3.3                  3.3
12 12 346  20.00    2.3                            
12 12 346  21.00    2.7                            
12 12 346  22.00    2.5                            
12 12 346  23.00    2.5                            
