Mo da yda   time   FoF2   foEs    foE   foF1   fbEs
 3 30  89   0.00    2.5                            
 3 30  89   1.00    2.3                            
 3 30  89   4.00    2.5                            
 3 30  89   5.00    3.2                            
 3 30  89   6.00    4.5           2.4    3.5       
 3 30  89   7.00    4.5    2.7    2.5    3.8    2.7
 3 30  89   8.00    5.5    2.7           4.2    2.7
 3 30  89   9.00    5.5           2.8    4.3       
 3 30  89  10.00      6             3    4.2       
 3 30  89  11.00      6    2.8           4.2    2.8
 3 30  89  12.00      6                    4       
 3 30  89  13.00    6.1                  3.2       
 3 30  89  14.00    6.2                  3.2       
 3 30  89  15.00    5.8                  2.9       
 3 30  89  16.00    5.7                            
 3 30  89  17.00    4.7                            
 3 30  89  18.00    4.5                            
 3 30  89  19.00    3.3                            
 3 30  89  20.00    3.2                            
 3 30  89  21.00      3                            
 3 30  89  22.00    2.9                            
 3 30  89  23.00    2.8                            
