Mo da yda   time   FoF2   foEs    foE   foF1   fbEs
 1  3   3   7.00    3.5                            
 1  3   3   8.00    4.3                            
 1  3   3   9.00    5.3    2.7                     
 1  3   3  10.00      6      5           3.5    2.6
 1  3   3  11.00    5.5    3.3           3.3    2.5
 1  3   3  12.00    4.7    2.5           3.2    2.5
 1  3   3  13.00      5    2.5                  2.1
 1  3   3  14.00    5.3                            
 1  3   3  15.00    3.5    2.3                    2
 1  3   3  16.00    2.8                            
 1  3   3  17.00    2.2                            
 1  3   3  18.00           2.8                  2.8
