Mo da yda   time   FoF2   foEs    foE   foF1   fbEs
 3 16  75   5.00    3.1                            
 3 16  75   6.00    3.9                            
 3 16  75   7.00    4.5           2.1              
 3 16  75   8.00    4.7    2.7    2.4    3.6    2.7
 3 16  75   9.00    5.5    2.6             4    2.6
 3 16  75  10.00    5.4    3.3           4.1      3
 3 16  75  11.00    5.4    3.2           4.2    3.2
 3 16  75  12.00    5.7    3.5             4    3.5
 3 16  75  13.00    5.7    2.3    2.5    3.9    2.3
 3 16  75  14.00    5.5                            
 3 16  75  15.00    5.1                            
 3 16  75  16.00    4.6                            
 3 16  75  17.00    4.5                            
 3 16  75  18.00    4.8                            
 3 16  75  19.00    4.3                            
 3 16  75  20.00    3.3    2.3                    2
 3 16  75  22.00    2.3                            
 3 16  75  23.00    2.5                            
