Mo da yda   time   FoF2   foEs    foE   foF1   fbEs
 3 17  76   0.00    2.2                            
 3 17  76   2.00    2.3                            
 3 17  76   3.00      2                            
 3 17  76   5.00    3.5                            
 3 17  76   6.00    4.3                            
 3 17  76   7.00    4.8           2.3    3.6       
 3 17  76   8.00      5           2.5    3.7       
 3 17  76   9.00    5.2           2.6      4       
 3 17  76  10.00    5.8           2.7    4.3       
 3 17  76  11.00      6           2.5      4       
 3 17  76  12.00    6.3           2.7      4       
 3 17  76  13.00    6.2           2.7    3.8       
 3 17  76  14.00      6      3           3.5    2.8
 3 17  76  15.00    6.2    2.7                  2.6
 3 17  76  16.00    5.6                            
 3 17  76  17.00    5.8                            
 3 17  76  18.00    3.8                            
 3 17  76  19.00    3.5                            
 3 17  76  20.00      3                            
 3 17  76  21.00    2.8                            
 3 17  76  22.00    2.7                            
 3 17  76  23.00    2.5                            
