Mo da yda   time   FoF2   foEs    foE   foF1   fbEs
 1  1   1   7.00    4.2           2.5              
 1  1   1   8.00    4.5    3.2                  3.2
 1  1   1   9.00      5    3.8                  3.8
 1  1   1  10.00    5.5      4                    4
 1  1   1  11.00           6.3                  6.3
 1  1   1  12.00             6    2.4             6
 1  1   1  13.00    5.5    4.3                  4.3
 1  1   1  14.00    5.4    1.9                  1.9
 1  1   1  15.00    3.9                            
 1  1   1  16.00           5.5                  5.5
 1  1   1  17.00           3.5                  3.5
 1  1   1  18.00    2.3                            
 1  1   1  19.00    2.1                            
 1  1   1  20.00    2.4                            
 1  1   1  22.00    2.3                            
 1  1   1  23.00      3                            
