Mo da yda   time   FoF2   foEs    foE   foF1   fbEs
 3 12  71   5.00    2.6                            
 3 12  71   6.00      3             2              
 3 12  71   7.00    3.2           2.2              
 3 12  71   8.00    3.4           2.5    2.8    2.8
 3 12  71   9.00    3.5           2.6              
 3 12  71  10.00      4           2.8              
 3 12  71  11.00    4.2           2.8              
 3 12  71  12.00    4.2           2.6              
 3 12  71  13.00    4.2                            
 3 12  71  14.00    4.3                            
 3 12  71  15.00    4.3                            
 3 12  71  16.00    4.3                            
 3 12  71  17.00    3.2                            
