Mo da yda   time   FoF2   foEs    foE   foF1   fbEs
 3 19  78   1.00    2.5                            
 3 19  78   2.00    2.5                            
 3 19  78   3.00    2.6                            
 3 19  78   4.00    2.6                            
 3 19  78   5.00    2.7                            
 3 19  78   6.00      4             2              
 3 19  78   7.00    5.2    2.9    2.4    3.7    2.9
 3 19  78   8.00    5.5           2.8    4.2       
 3 19  78   9.00    5.8             3    4.2       
 3 19  78  10.00      6           3.1    4.8       
 3 19  78  11.00      6           3.1    4.7       
 3 19  78  12.00    6.3             3    4.8       
 3 19  78  13.00    6.3           2.9    4.5       
 3 19  78  14.00    5.9           2.5    3.7       
 3 19  78  15.00      5           2.3    3.5       
 3 19  78  16.00    4.9                            
 3 19  78  17.00    4.5                            
 3 19  78  18.00    4.5                            
 3 19  78  19.00    4.3                            
 3 19  78  20.00    3.7                            
 3 19  78  21.00    2.6                            
 3 19  78  22.00    2.5                            
