Mo da yda   time   FoF2   foEs    foE   foF1   fbEs
 3  3  62   0.00    2.3                            
 3  3  62   1.00    2.3                            
 3  3  62   2.00    2.1                            
 3  3  62   5.00    2.7                            
 3  3  62   6.00    3.8                            
 3  3  62   7.00      4                            
 3  3  62   8.00    5.3      3    2.4    3.5      3
 3  3  62   9.00    5.8      3    2.6    3.7      3
 3  3  62  10.00      6      3    2.8    3.8      3
 3  3  62  11.00    6.2    2.9             4    2.9
 3  3  62  12.00    6.3    2.1    2.5    3.5    2.1
 3  3  62  13.00    6.5           2.5    3.5       
 3  3  62  14.00      6           2.2              
 3  3  62  15.00    5.5                            
 3  3  62  16.00    4.5                            
 3  3  62  17.00      4                            
 3  3  62  18.00    3.6                            
