Mo da yda   time   FoF2   foEs    foE   foF1   fbEs
 3  9  68   0.00    3.1                            
 3  9  68   1.00      3                            
 3  9  68   2.00    3.1                            
 3  9  68   3.00    3.3                            
 3  9  68   6.00    4.3    2.8                  2.8
 3  9  68   7.00    5.1                  3.7       
 3  9  68   8.00    5.5           2.8    4.2       
 3  9  68   9.00    6.3      3           4.1      3
 3  9  68  10.00      6                  4.1       
 3  9  68  11.00      6           2.5      4       
 3  9  68  12.00      5           2.8    3.9       
 3  9  68  13.00    6.2           2.4    3.7       
 3  9  68  14.00    5.5           2.3    3.5       
 3  9  68  15.00    4.8                            
 3  9  68  16.00    4.5                            
 3  9  68  17.00    4.3                            
 3  9  68  18.00    4.2                            
 3  9  68  19.00      4                            
 3  9  68  20.00    3.5                            
