Mo da yda   time   FoF2   foEs    foE   foF1   fbEs
 1 14  14   0.00    2.5                            
 1 14  14   1.00    2.3                            
 1 14  14   7.00    3.5                            
 1 14  14   8.00      4                            
 1 14  14   9.00    5.8                            
 1 14  14  10.00    5.9    2.6                  2.2
 1 14  14  11.00    4.8                            
 1 14  14  12.00    5.3                            
 1 14  14  13.00    5.2                            
 1 14  14  14.00      5    2.8                  2.5
 1 14  14  15.00      4    6.6                  2.6
 1 14  14  16.00             4                    4
 1 14  14  17.00           3.3                  3.3
 1 14  14  18.00           3.3                  3.3
 1 14  14  19.00           3.5                  3.5
 1 14  14  23.00    2.3                            
