Mo da yda   time   FoF2   foEs    foE   foF1   fbEs
 3 11  70   3.00    2.2                            
 3 11  70   4.00    2.5                            
 3 11  70   7.00    3.8             2              
 3 11  70   8.00    3.9           2.1              
 3 11  70   9.00    3.8           2.2              
 3 11  70  10.00    3.6           2.3              
 3 11  70  11.00    3.6           2.2              
 3 11  70  12.00    3.7                            
 3 11  70  13.00      4           2.3              
 3 11  70  14.00    4.7           2.3      3       
 3 11  70  15.00    4.3           2.1    2.7       
 3 11  70  16.00    4.5                            
 3 11  70  17.00      3                            
 3 11  70  18.00    2.8                            
