Mo da yda   time   FoF2   foEs    foE   foF1   fbEs
 2 14  45   8.00                         3.8       
 2 14  45   9.00      4                  3.8       
 2 14  45  10.00    4.3                  3.8       
 2 14  45  11.00    4.7                  3.8       
 2 14  45  12.00    5.1                  3.9       
 2 14  45  13.00      5                  3.6       
 2 14  45  14.00    4.8                            
 2 14  45  15.00    4.3                            
 2 14  45  16.00      4                            
 2 14  45  17.00    2.8                            
 2 14  45  18.00    2.2                            
