Mo da yda   time   FoF2   foEs    foE   foF1   fbEs
 2 28  59   0.00    2.6                            
 2 28  59   1.00    2.3                            
 2 28  59   2.00      2                            
 2 28  59   6.00    3.8                            
 2 28  59   7.00    4.4      2                    2
 2 28  59   8.00      5    2.5           3.7    2.5
 2 28  59   9.00    4.5    2.6           3.9    2.6
 2 28  59  10.00    5.3           2.9      4       
 2 28  59  11.00    5.8           2.9      4       
 2 28  59  12.00    5.3           2.8    3.9       
 2 28  59  13.00    5.7           2.6    3.4       
 2 28  59  14.00    5.5           2.3              
 2 28  59  15.00    5.3           2.1              
 2 28  59  16.00    5.2                            
 2 28  59  17.00      4                            
 2 28  59  18.00    3.7                            
 2 28  59  23.00    2.3                            
