Mo da yda   time   FoF2   foEs    foE   foF1   fbEs
 3 18  77   0.00    2.6                            
 3 18  77   1.00    2.4                            
 3 18  77   2.00    2.1                            
 3 18  77   5.00    2.5                            
 3 18  77   6.00    3.8           2.2              
 3 18  77   7.00    4.7           2.4    3.2       
 3 18  77   8.00    5.2           2.6    3.7       
 3 18  77   9.00    6.2           2.7      4       
 3 18  77  10.00    6.2           2.8    4.1       
 3 18  77  11.00    6.2           2.9    4.3       
 3 18  77  12.00    6.2           2.9    4.3       
 3 18  77  13.00    6.2           2.7    3.8       
 3 18  77  14.00      6                  3.5       
 3 18  77  15.00    5.9                  3.5       
 3 18  77  16.00    5.4                            
 3 18  77  17.00    4.7                            
 3 18  77  18.00    4.2                            
 3 18  77  19.00    3.2                            
 3 18  77  20.00    3.2                            
