Mo da yda   time   FoF2   foEs    foE   foF1   fbEs
 3 22  81   1.00    3.2                            
 3 22  81   2.00    2.5                            
 3 22  81   3.00    2.3                            
 3 22  81   4.00    3.6                            
 3 22  81   5.00      4                            
 3 22  81   6.00    4.9           2.3              
 3 22  81   7.00      6             3      4       
 3 22  81   8.00    6.2             3    4.3       
 3 22  81   9.00    6.2             3    4.4       
 3 22  81  10.00    6.3             3    4.5       
 3 22  81  11.00    6.5      5           4.5      3
 3 22  81  12.00    6.3    3.5           4.3      3
 3 22  81  13.00    6.2    3.3             4      3
 3 22  81  14.00      6    2.8           3.5    2.8
 3 22  81  15.00      6           2.4      3       
 3 22  81  16.00    5.8                            
 3 22  81  17.00    5.8                            
 3 22  81  18.00      4                            
