Mo da yda   time   FoF2   foEs    foE   foF1   fbEs
 3 27  86   0.00    2.5                            
 3 27  86   1.00    2.6                            
 3 27  86   2.00    2.4                            
 3 27  86   5.00    2.8                            
 3 27  86   6.00    3.8    2.5           3.2    2.5
 3 27  86   7.00    4.5      3           3.4    2.8
 3 27  86   8.00      5           2.8    3.2       
 3 27  86   9.00    5.3           2.9    4.2       
 3 27  86  10.00    6.4             3    4.3       
 3 27  86  11.00    6.7           3.1    4.4       
 3 27  86  12.00    6.7           2.8    4.2       
 3 27  86  13.00    6.6           2.6      4       
 3 27  86  14.00    6.5           2.5    3.5       
 3 27  86  15.00      6                            
 3 27  86  16.00    5.2                            
 3 27  86  17.00      5                            
 3 27  86  18.00    4.9                            
 3 27  86  19.00    4.8                            
 3 27  86  20.00    4.2                            
 3 27  86  21.00    3.5                            
 3 27  86  22.00    3.6                            
 3 27  86  23.00    2.6                            
