Mo da yda   time   FoF2   foEs    foE   foF1   fbEs
 3 21  80   0.00      3                            
 3 21  80   1.00    3.3                            
 3 21  80   2.00    2.6                            
 3 21  80   5.00    2.5                            
 3 21  80   6.00    3.7             2              
 3 21  80   7.00    5.5           2.3    3.9       
 3 21  80   8.00    5.7           2.5    4.1       
 3 21  80   9.00    6.2      3           4.2      3
 3 21  80  10.00    5.4    2.8           4.2    2.8
 3 21  80  11.00    6.2    2.7           4.2    2.7
 3 21  80  12.00    5.4           2.9    4.5       
 3 21  80  13.00    5.3           2.7    4.2       
 3 21  80  14.00    5.3           2.5      4       
 3 21  80  15.00    5.2           2.2    3.5       
 3 21  80  16.00      5                            
 3 21  80  17.00    4.7                            
 3 21  80  18.00    4.4                            
 3 21  80  19.00    4.3                            
 3 21  80  20.00    4.1                            
