Mo da yda   time   FoF2   foEs    foE   foF1   fbEs
 3 29  88   0.00    2.1                            
 3 29  88   6.00    3.3                            
 3 29  88   7.00    3.5           2.3              
 3 29  88   8.00           2.8    2.6    3.8    2.8
 3 29  88   9.00    4.5    3.1    2.9      4      3
 3 29  88  10.00    6.3    3.5             4    3.2
 3 29  88  11.00    6.3    3.2           4.4      3
 3 29  88  12.00    6.1      3           4.2      3
 3 29  88  13.00      6    2.8             4    2.8
 3 29  88  14.00    5.5           2.5    3.6       
 3 29  88  15.00    5.5             2              
 3 29  88  16.00    5.4                            
 3 29  88  17.00      5                            
 3 29  88  18.00    4.5                            
 3 29  88  19.00      4                            
 3 29  88  20.00      3                            
 3 29  88  21.00      3                            
 3 29  88  22.00    2.8                            
 3 29  88  23.00    2.6                            
