Mo da yda   time   FoF2   foEs    foE   foF1   fbEs
 1  4   4   7.00    4.2                            
 1  4   4   8.00    4.8                            
 1  4   4   9.00    5.7    2.4                  2.4
 1  4   4  10.00      6    2.5                  2.5
 1  4   4  11.00    6.4    2.5                  2.5
 1  4   4  12.00    6.5                            
 1  4   4  13.00    5.1                            
 1  4   4  14.00    4.7    2.2                  2.2
 1  4   4  15.00    4.3    3.5                     
 1  4   4  16.00             3                    3
