Mo da yda   time   FoF2   foEs    foE   foF1   fbEs
 2 13  44   0.00    2.2                            
 2 13  44   1.00    2.1                            
 2 13  44   7.00    3.5      3                    3
 2 13  44   8.00    4.3    2.1                  2.1
 2 13  44   9.00      5                  3.6       
 2 13  44  10.00      5           2.5    3.8       
 2 13  44  11.00    4.8    5.3    2.6    3.8    2.5
 2 13  44  12.00    5.2    2.9           3.9    2.9
 2 13  44  13.00      5                  3.3       
 2 13  44  14.00    4.7                            
 2 13  44  15.00    4.6                            
 2 13  44  16.00    4.1                            
 2 13  44  17.00      3                            
 2 13  44  18.00    2.9                            
