Mo da yda   time   FoF2   foEs    foE   foF1   fbEs
 1 30  30   7.00    3.9                            
 1 30  30   8.00    4.7                            
 1 30  30   9.00    4.3           2.2              
 1 30  30  10.00    4.8           2.6    3.7       
 1 30  30  11.00    5.3           2.6    3.7       
 1 30  30  12.00    5.3           2.6    3.6       
 1 30  30  13.00    5.4           2.5    3.5       
 1 30  30  14.00    5.5           2.2              
 1 30  30  15.00    5.6                            
 1 30  30  16.00    4.4                            
 1 30  30  17.00    3.9                            
