Mo da yda   time   FoF2   foEs    foE   foF1   fbEs
 3 24  83   0.00      3                            
 3 24  83   1.00    2.8                            
 3 24  83   2.00    2.5                            
 3 24  83   3.00    2.5                            
 3 24  83   4.00    2.8                            
 3 24  83   5.00    3.5                            
 3 24  83   6.00    4.4           2.1    3.3       
 3 24  83   7.00    5.5           2.6    4.2       
 3 24  83   8.00    6.4           2.7    4.3       
 3 24  83   9.00    6.5           2.9    4.7       
 3 24  83  10.00    6.1    3.2           4.7    3.2
 3 24  83  11.00      7    3.3           4.5    3.3
 3 24  83  12.00    6.2             3    4.5       
 3 24  83  13.00      6             3    4.5       
 3 24  83  14.00    5.9                    4       
 3 24  83  15.00    5.9                  3.7       
 3 24  83  16.00    5.8                            
 3 24  83  17.00    6.1                            
 3 24  83  18.00    5.9                            
 3 24  83  19.00    4.3                            
 3 24  83  23.00    2.7                            
