Mo da yda   time   FoF2   foEs    foE   foF1   fbEs
 3 20  79   1.00    3.5                            
 3 20  79   2.00    3.3                            
 3 20  79   3.00    3.1                            
 3 20  79   4.00    3.5                            
 3 20  79   5.00    4.3                            
 3 20  79   6.00    4.8           2.1              
 3 20  79   7.00    5.5           2.5              
 3 20  79   8.00    5.6      3    2.6    3.5      3
 3 20  79   9.00      6    3.8      3    3.6    3.2
 3 20  79  10.00    6.2           2.7    4.2       
 3 20  79  11.00    6.3           2.8    4.3       
 3 20  79  12.00    6.2           2.7    4.4       
 3 20  79  13.00    5.8           2.6    4.1       
 3 20  79  14.00    5.6           2.4    3.8       
 3 20  79  15.00    5.6           2.1    3.4       
 3 20  79  16.00    5.1                            
 3 20  79  17.00    4.6                            
 3 20  79  18.00    4.3                            
 3 20  79  19.00    4.8                            
 3 20  79  20.00      4    2.8                  2.7
 3 20  79  23.00    2.8                            
