Mo da yda   time   FoF2   foEs    foE   foF1   fbEs
 1 27  27   0.00    3.3                            
 1 27  27   1.00    3.3                            
 1 27  27   2.00    3.6                            
 1 27  27   3.00    3.9                            
 1 27  27   4.00    3.3                            
 1 27  27   5.00    2.5                            
 1 27  27   7.00    5.3                            
 1 27  27   8.00    5.6    2.5                  2.5
 1 27  27   9.00    5.9                  3.3       
 1 27  27  10.00      6                            
 1 27  27  11.00    5.4      3    2.3             3
 1 27  27  12.00    6.1      3           3.5      3
 1 27  27  13.00    5.5    2.6                  2.6
 1 27  27  14.00    4.2    2.5                  2.5
 1 27  27  15.00    3.8      2                    2
 1 27  27  16.00             3                    3
 1 27  27  17.00           4.5                  4.5
 1 27  27  22.00      3                            
 1 27  27  23.00    3.5                            
