Mo da yda   time   FoF2   foEs    foE   foF1   fbEs
 3 26  85   0.00    3.1                            
 3 26  85   1.00    2.5                            
 3 26  85   2.00    2.3                            
 3 26  85   3.00    2.8                            
 3 26  85   4.00    3.5                            
 3 26  85   5.00    5.2                            
 3 26  85   6.00    5.6             2    3.5       
 3 26  85   7.00    5.5           3.1    3.9       
 3 26  85   8.00    5.8             3    4.1       
 3 26  85   9.00    6.1           3.1    4.1       
 3 26  85  10.00    6.2           3.2    4.1       
 3 26  85  11.00    6.4             3    4.3       
 3 26  85  12.00    6.6           3.1    4.3       
 3 26  85  13.00    6.8           3.1    4.3       
 3 26  85  14.00    6.5           2.5    3.5       
 3 26  85  15.00    6.3           2.4    3.1       
 3 26  85  16.00    6.5                    3       
 3 26  85  17.00    5.8                            
 3 26  85  18.00    5.6                            
 3 26  85  19.00    4.8                            
 3 26  85  20.00    3.3                            
 3 26  85  21.00    3.4                            
 3 26  85  22.00    3.6                            
 3 26  85  23.00    2.6                            
