Mo da yda   time   FoF2   foEs    foE   foF1   fbEs
 1 28  28   0.00    2.8                            
 1 28  28   1.00      3                            
 1 28  28   2.00    2.8                            
 1 28  28   3.00    2.2                            
 1 28  28   6.00    3.8                            
 1 28  28   7.00    5.8                            
 1 28  28   8.00    6.5    2.4                  2.4
 1 28  28   9.00    6.5    2.8           3.2    2.8
 1 28  28  10.00    6.3    2.8                  2.8
 1 28  28  11.00    5.8    2.9                  2.9
 1 28  28  12.00      6      3                    3
 1 28  28  13.00    5.7      3                    3
 1 28  28  14.00    4.8    2.2                  2.2
 1 28  28  15.00    4.8                            
 1 28  28  16.00           3.5                  3.5
 1 28  28  17.00           3.3                  3.3
 1 28  28  19.00    2.3                            
 1 28  28  20.00      2                            
 1 28  28  23.00      2                            
