Mo da yda   time   FoF2   foEs    foE   foF1   fbEs
 3  4  63   1.00      3                            
 3  4  63   2.00    2.8                            
 3  4  63   6.00    3.8                            
 3  4  63   7.00    4.5                            
 3  4  63   8.00      5    2.1           3.5    2.1
 3  4  63   9.00      6    2.8           3.8    2.8
 3  4  63  10.00    5.3    2.8           3.9    2.8
 3  4  63  11.00    5.8    2.8             4    2.8
 3  4  63  12.00    5.8    2.7           3.9    2.7
 3  4  63  13.00      6                    4       
 3  4  63  14.00      6    2.2             3    2.2
 3  4  63  15.00    5.8                    3       
 3  4  63  16.00    5.3                            
 3  4  63  17.00    5.4                            
 3  4  63  18.00      5                            
 3  4  63  19.00    4.3                            
 3  4  63  20.00      3                            
 3  4  63  21.00    2.5                            
 3  4  63  22.00    2.4                            
