Mo da yda   time   FoF2   foEs    foE   foF1   fbEs
 2 26  57   0.00    3.2                            
 2 26  57   1.00    3.1                            
 2 26  57   2.00    3.2                            
 2 26  57   6.00    3.7                            
 2 26  57   7.00    4.9           2.1              
 2 26  57   8.00      6           2.3    3.6       
 2 26  57   9.00    6.3           2.5    3.8       
 2 26  57  10.00    6.5           2.6    3.9       
 2 26  57  11.00    7.4           2.8      4       
 2 26  57  12.00    7.3           2.8      4       
 2 26  57  13.00      7           2.6    3.7       
 2 26  57  14.00    6.6           2.5    3.3       
 2 26  57  15.00    6.2      2                     
 2 26  57  16.00    5.6                            
 2 26  57  17.00    5.1                            
 2 26  57  18.00    4.4                            
 2 26  57  19.00    4.7                            
 2 26  57  20.00      4                            
 2 26  57  21.00      4                            
 2 26  57  22.00    3.7                            
 2 26  57  23.00    3.3                            
