Mo da yda   time   FoF2   foEs    foE   foF1   fbEs
 1 25  25   0.00    2.8                            
 1 25  25   1.00    2.8                            
 1 25  25   2.00      3                            
 1 25  25   3.00      2                            
 1 25  25   4.00    2.7                            
 1 25  25   5.00    2.5                            
 1 25  25   6.00    2.5                            
 1 25  25   7.00    5.3      2                    2
 1 25  25   8.00    5.4    2.4                  2.4
 1 25  25   9.00    5.3           2.3              
 1 25  25  10.00      6      3    2.6             3
 1 25  25  11.00      6    3.6    2.6           2.9
 1 25  25  12.00    5.6           2.7              
 1 25  25  13.00    5.6    2.3                  2.3
 1 25  25  14.00    5.3    3.8                  2.3
 1 25  25  15.00    4.7                            
 1 25  25  16.00    3.5                            
 1 25  25  23.00    2.5                            
