Mo da yda   time   FoF2   foEs    foE   foF1   fbEs
 2 10  41   0.00    2.2                            
 2 10  41   1.00    2.3                            
 2 10  41   3.00           2.5                  2.5
 2 10  41   4.00           2.3                  2.3
 2 10  41   7.00    5.2    1.6                  1.6
 2 10  41   8.00    5.4                            
 2 10  41   9.00    5.7    2.7    2.3           2.7
 2 10  41  10.00      6      3    2.6    3.6      3
 2 10  41  11.00      6           2.5              
 2 10  41  12.00    5.3           2.5    3.5       
 2 10  41  13.00    5.3           2.4              
 2 10  41  14.00    5.1           2.3              
 2 10  41  15.00      5                            
 2 10  41  16.00      4                            
 2 10  41  23.00    2.3                            
