Mo da yda   time   FoF2   foEs    foE   foF1   fbEs
 2 12  43   1.00      2                            
 2 12  43   3.00      2      2                    2
 2 12  43   4.00           2.3                  2.3
 2 12  43   7.00    5.5                            
 2 12  43   8.00      6           2.2              
 2 12  43   9.00    7.2             2              
 2 12  43  10.00      7           2.2    3.5       
 2 12  43  11.00      7           2.5    3.2       
 2 12  43  12.00    7.4           2.4    3.4       
 2 12  43  13.00    7.3           2.5              
 2 12  43  14.00    7.5           2.4              
 2 12  43  15.00      5                            
 2 12  43  16.00    4.8                            
 2 12  43  17.00    3.9                            
