Mo da yda   time   FoF2   foEs    foE   foF1   fbEs
 3 31  90   0.00    2.7                            
 3 31  90   1.00      3                            
 3 31  90   2.00    3.2                            
 3 31  90   3.00    3.2                            
 3 31  90   4.00    3.3                            
 3 31  90   5.00    3.5                            
 3 31  90   6.00    4.3           2.3              
 3 31  90   7.00    5.1           2.7    3.8       
 3 31  90   8.00    5.3             3      4       
 3 31  90   9.00    5.2           3.1    4.2       
 3 31  90  10.00    6.3    3.6           4.2    3.6
 3 31  90  11.00    6.3           3.1    4.3       
 3 31  90  12.00    6.5             3    4.2       
 3 31  90  13.00    6.3           2.7    3.7       
 3 31  90  14.00      6           2.5    3.2       
 3 31  90  15.00    5.8           2.1              
 3 31  90  16.00    5.5                            
 3 31  90  17.00    5.5                            
 3 31  90  18.00    5.3                            
 3 31  90  19.00      5                            
 3 31  90  20.00    4.5                            
 3 31  90  21.00      4                            
 3 31  90  22.00    3.5                            
 3 31  90  23.00    3.5                            
