Mo da yda   time   FoF2   foEs    foE   foF1   fbEs
12 30 365   5.00   3.80   1.70  170.00              
12 30 365   6.00   4.80   1.70  170.00              
12 30 365   7.00   5.40   2.00  205.00              
12 30 365   8.00   5.70   2.20  220.00              
12 30 365   9.00   5.00   2.20  230.00              
12 30 365  10.00   6.20   2.00  205.00              
12 30 365  11.00   5.50   1.70  170.00              
12 30 365  12.00   5.90   1.70  170.00              
12 30 365  13.00   5.40   2.00                     
12 30 365  14.00   3.00   1.50                     
12 30 365  15.00   2.00   1.60                     
12 30 365  18.00   2.10   1.50                     
12 30 365  19.00   2.10   1.60                     
12 30 365  20.00   2.20                            
12 30 365  21.00   2.00                            
