Mo da yda   time   FoF2   foEs    foE   foF1   fbEs
12  5 340  22.00   2.60   1.60                     
12  5 340  23.00   2.20   1.50                     
12  5 340   0.00   1.80   1.60                     
12  5 340   1.00          2.30                     
12  5 340   2.00          2.90                     
12  5 340   3.00          2.70                     
12  5 340   4.00   2.40   1.60                     
12  5 340   5.00   3.50         150.00              
12  5 340   6.00   5.00                            
12  5 340   7.00   5.50   2.80  220.00              
12  5 340   8.00   5.50   2.70  230.00              
12  5 340   9.00   6.30   2.70  230.00              
12  5 340  10.00   5.70   2.40  220.00              
12  5 340  11.00   5.10   2.10  200.00              
12  5 340  12.00   4.50   1.60  160.00              
12  5 340  13.00   4.80   1.70                     
12  5 340  14.00   3.10   1.60                     
12  5 340  15.00   2.10   2.30                     
12  5 340  16.00   2.20   1.80                     
12  5 340  17.00   2.30   2.50                     
12  5 340  18.00   2.80   2.20                     
12  5 340  19.00   2.60   2.00                     
12  5 340  20.00   2.80   2.20                     
12  5 340  21.00   2.80   1.60                     
