Mo da yda   time   FoF2   foEs    foE   foF1   fbEs
12 10 345  22.00   2.30   1.60                     
12 10 345  23.00   2.00   1.60                     
12 10 345   2.00          1.40                     
12 10 345   4.00   2.10   1.60                     
12 10 345   5.00   4.20   1.90                     
12 10 345   6.00   5.20   2.00                     
12 10 345   7.00   5.90   2.00  200.00              
12 10 345   8.00   5.40   2.20  220.00              
12 10 345   9.00   5.80   2.20  225.00              
12 10 345  10.00   5.20   2.10  210.00              
12 10 345  11.00   5.50   1.80  185.00              
12 10 345  12.00   4.60   1.70  170.00              
12 10 345  13.00   4.00   1.50                     
12 10 345  14.00   3.50   1.60                     
12 10 345  15.00   2.20   1.60                     
12 10 345  16.00   2.00   1.50                     
12 10 345  17.00          3.50                     
12 10 345  18.00          2.50                     
12 10 345  19.00   1.80   1.60                     
12 10 345  20.00   2.00   1.50                     
12 10 345  21.00   2.10   1.50                     
