Mo da yda   time   FoF2   foEs    foE   foF1   fbEs
 3  8  67  22.00   2.80   1.60                     
 3  8  67  23.00   2.90   1.50                     
 3  8  67   0.00   3.00   1.70                     
 3  8  67   1.00   2.90   1.60                     
 3  8  67   2.00   2.60   1.60                     
 3  8  67   3.00   3.10   1.60                     
 3  8  67   4.00   5.40   2.20   1.90              
 3  8  67   5.00   6.20   2.70   2.15              
 3  8  67   6.00   6.70   2.60   2.55   3.60       
 3  8  67   7.00   7.20   3.10   2.70   4.20       
 3  8  67   8.00   6.50   3.00   2.80   4.20       
 3  8  67   9.00   6.40   3.00   2.85   4.00       
 3  8  67  10.00   6.60   2.20   2.85   4.20       
 3  8  67  11.00   6.60   1.80   2.70              
 3  8  67  12.00   6.30   2.40   2.45              
 3  8  67  13.00   5.90   3.00   2.00              
 3  8  67  14.00   6.00   1.90                     
 3  8  67  15.00   5.10   1.60                     
 3  8  67  16.00   4.90   2.00                     
 3  8  67  17.00   4.90   2.20                     
 3  8  67  18.00   4.70   2.50                     
 3  8  67  19.00   4.40   1.60                     
 3  8  67  20.00   3.80   1.70                     
 3  8  67  21.00   3.00   1.60                     
