Mo da yda   time   FoF2   foEs    foE   foF1   fbEs
 3 21  80  22.00   2.60   2.00                     
 3 21  80  23.00   2.60   1.60                     
 3 21  80   0.00   2.40   1.60                     
 3 21  80   1.00   2.10   1.60                     
 3 21  80   2.00   2.60   1.60                     
 3 21  80   3.00   4.50   1.70   1.70              
 3 21  80   4.00   6.00   2.30   1.95              
 3 21  80   5.00   6.70   2.20   2.25   3.70       
 3 21  80   6.00   6.40   2.60   2.60              
 3 21  80   7.00   6.40   3.00   2.75   4.00       
 3 21  80   8.00   6.00   3.00   2.85   4.20       
 3 21  80   9.00   5.80   3.50          4.20       
 3 21  80  10.00   6.10   3.00          4.00       
 3 21  80  11.00   6.10   3.20          4.00       
 3 21  80  12.00   6.40   2.10   2.55              
 3 21  80  13.00   6.10   1.80   2.20              
 3 21  80  14.00   5.50   1.80   1.50              
 3 21  80  15.00   5.40   1.60   1.60              
 3 21  80  16.00   5.10   2.00                     
 3 21  80  17.00   4.40   1.60                     
 3 21  80  18.00   3.60   1.60                     
 3 21  80  19.00   2.80   1.60                     
 3 21  80  20.00   2.50   1.60                     
 3 21  80  21.00   2.40   1.60                     
