Mo da yda   time   FoF2   foEs    foE   foF1   fbEs
 2  8  39  22.00   2.00   1.60                     
 2  8  39  23.00   2.10   1.70                     
 2  8  39   0.00   2.20   1.50                     
 2  8  39   1.00   2.10   1.60                     
 2  8  39   2.00   2.00                            
 2  8  39   3.00   2.00                            
 2  8  39   4.00   2.80   1.70                     
 2  8  39   5.00   4.00   1.80   1.80              
 2  8  39   6.00   5.00   2.00   1.95              
 2  8  39   7.00   5.30   2.10   2.10              
 2  8  39   8.00   5.80   1.80   2.20   3.50       
 2  8  39   9.00   5.50   2.30   2.30              
 2  8  39  10.00   5.60   2.30   2.30              
 2  8  39  11.00   5.40   2.20   2.25              
 2  8  39  12.00   5.30   2.00   2.05              
 2  8  39  13.00   5.30   1.80   1.80              
 2  8  39  14.00   4.90   1.50                     
 2  8  39  15.00   4.60   1.60                     
 2  8  39  16.00   2.60   1.60                     
 2  8  39  17.00   2.90   1.70                     
 2  8  39  18.00   2.20   1.60                     
 2  8  39  19.00   2.10   1.60                     
 2  8  39  20.00   2.60   1.60                     
 2  8  39  21.00   2.60   1.60                     
