Mo da yda   time   FoF2   foEs    foE   foF1   fbEs
 2 28  59  22.00   2.30   1.40                     
 2 28  59  23.00   2.40   1.60                     
 2 28  59   0.00   2.30   1.70                     
 2 28  59   1.00   2.00   1.70                     
 2 28  59   2.00   2.10                            
 2 28  59   3.00   2.40                            
 2 28  59   4.00   3.40   1.60   1.60              
 2 28  59   5.00   5.40   2.00   2.05              
 2 28  59   6.00   5.40   3.00   2.25              
 2 28  59   7.00   6.00   2.70   2.40              
 2 28  59   8.00   5.80   2.80   2.60   4.00       
 2 28  59   9.00   5.70   4.30   2.65              
 2 28  59  10.00   5.50   2.60   2.60              
 2 28  59  11.00   5.30   2.40   2.40              
 2 28  59  12.00   5.00   2.20   2.20              
 2 28  59  13.00   4.70   2.00   2.00              
 2 28  59  14.00   4.80   1.60   1.60              
 2 28  59  15.00   4.10   1.60                     
 2 28  59  16.00   4.10   1.60                     
 2 28  59  17.00   3.30   1.60                     
 2 28  59  18.00   2.80   1.60                     
 2 28  59  19.00   3.00   1.60                     
 2 28  59  20.00   2.60   1.50                     
 2 28  59  21.00   2.90   1.50                     
