Mo da yda   time   FoF2   foEs    foE   foF1   fbEs
 2 18  49  22.00   2.40   1.50                     
 2 18  49  23.00   2.60   1.70                     
 2 18  49   0.00   2.40   1.60                     
 2 18  49   1.00   2.50   1.70                     
 2 18  49   2.00   2.30   1.60                     
 2 18  49   3.00   2.40   1.60                     
 2 18  49   4.00   4.10   1.70   1.70              
 2 18  49   5.00   5.60   1.90   1.90              
 2 18  49   6.00   6.30   2.20   2.20              
 2 18  49   7.00   6.50   2.40   2.40   3.70       
 2 18  49   8.00   6.60   2.60   2.60   3.60       
 2 18  49   9.00   6.90   2.60   2.60              
 2 18  49  10.00   6.40   2.50   2.50              
 2 18  49  11.00   6.40   2.80   2.50              
 2 18  49  15.00   4.40   1.80                     
 2 18  49  17.00   2.50   1.70                     
 2 18  49  19.00   2.60   1.70                     
 2 18  49  21.00   2.80   1.60                     
