Mo da yda   time   FoF2   foEs    foE   foF1   fbEs
 3 20  79  22.00   3.30   1.60                     
 3 20  79  23.00   3.00   1.50                     
 3 20  79   0.00   2.60   1.50                     
 3 20  79   1.00   2.10   1.60                     
 3 20  79   2.00   2.10                            
 3 20  79   3.00   2.70   1.60   1.60              
 3 20  79   4.00   3.70   2.10   2.10              
 3 20  79   5.00   4.20   2.40   2.35   3.50       
 3 20  79   6.00   3.90   2.60          3.50       
 3 20  79   7.00   4.30   2.80          3.80       
 3 20  79   8.00   4.50   2.50   2.80   4.00       
 3 20  79   9.00   4.50   2.50   2.80   4.00       
 3 20  79  10.00   4.90   1.70   2.80   4.00       
 3 20  79  11.00   4.90   2.70   2.70   3.90       
 3 20  79  12.00   5.00   2.00   2.50   3.60       
 3 20  79  13.00   5.10   2.00   2.20              
 3 20  79  14.00   4.40   1.90                     
 3 20  79  15.00   4.60   1.50                     
 3 20  79  16.00   4.10   1.50                     
 3 20  79  17.00   3.80   1.50                     
 3 20  79  18.00   3.10   1.50                     
 3 20  79  19.00   2.80   1.50                     
 3 20  79  20.00   2.40   1.50                     
 3 20  79  21.00   2.60   2.10                     
