Mo da yda   time   FoF2   foEs    foE   foF1   fbEs
 3 19  78  22.00   2.60   1.60                     
 3 19  78  23.00   2.80   1.60                     
 3 19  78   0.00   2.80   1.20                     
 3 19  78   1.00   2.80   1.60                     
 3 19  78   2.00   2.40   1.60                     
 3 19  78   3.00   4.30   1.60   1.60              
 3 19  78   4.00   5.10   2.00   2.00              
 3 19  78   5.00   5.50   2.40   2.35              
 3 19  78   6.00   6.00   2.60   2.60   3.80       
 3 19  78   7.00   6.30   2.90   2.90   4.00       
 3 19  78   8.00   6.40   2.00   3.00   4.10       
 3 19  78   9.00   5.90   3.00   3.00   4.00       
 3 19  78  10.00   5.60   2.70   2.95   4.00       
 3 19  78  11.00   5.70   2.80   2.85   3.90       
 3 19  78  12.00   5.70   1.50   2.55              
 3 19  78  13.00   5.90   2.10   2.10              
 3 19  78  14.00   5.90   1.50   1.75              
 3 19  78  15.00   6.30   1.70                     
 3 19  78  16.00   6.20   2.20                     
 3 19  78  17.00   5.30   2.00                     
 3 19  78  18.00   4.30   2.00                     
 3 19  78  19.00   3.80   1.60                     
 3 19  78  20.00   3.50   1.60                     
 3 19  78  21.00   3.30   1.50                     
