Mo da yda   time   FoF2   foEs    foE   foF1   fbEs
 2 27  58  22.00   2.40   1.50                     
 2 27  58  23.00   2.50   1.50                     
 2 27  58   0.00   2.60   1.60                     
 2 27  58   1.00   2.40   1.50                     
 2 27  58   2.00   2.20                            
 2 27  58   3.00   2.20   1.80                     
 2 27  58   4.00   4.20   1.70   1.70              
 2 27  58   5.00   4.90   2.00   1.85              
 2 27  58   6.00   5.60   2.20   2.20              
 2 27  58   7.00   5.90   2.40   2.45              
 2 27  58   8.00   5.80   3.00   2.60              
 2 27  58   9.00   5.40   2.60   2.60   3.80       
 2 27  58  10.00   6.00   2.60   2.60              
 2 27  58  11.00   5.60   2.40   2.40              
 2 27  58  12.00   5.50   1.80   2.20              
 2 27  58  13.00   5.10   2.00   1.80              
 2 27  58  14.00   4.80   1.60   1.60              
 2 27  58  15.00   4.20   2.00                     
 2 27  58  16.00   4.20   1.60                     
 2 27  58  17.00   3.30   1.50                     
 2 27  58  18.00   3.00   1.50                     
 2 27  58  19.00   2.40   1.50                     
 2 27  58  20.00   2.20   1.50                     
 2 27  58  21.00   2.30   1.50                     
