Mo da yda   time   FoF2   foEs    foE   foF1   fbEs
 1 31  31  22.00   2.30   2.00                     
 1 31  31  23.00   2.30   2.00                     
 1 31  31   0.00   2.30   2.00                     
 1 31  31   5.00   3.50   1.70   1.70              
 1 31  31   6.00   3.90   1.80   2.05              
 1 31  31   7.00   4.50   2.20   2.20              
 1 31  31   8.00   4.60   2.20   2.25              
 1 31  31   9.00   4.60   2.30   2.30              
 1 31  31  10.00   4.80   2.30   2.30              
 1 31  31  11.00   4.60   2.20   2.15              
 1 31  31  12.00   4.30   2.10                     
 1 31  31  13.00   4.10   1.60                     
 1 31  31  14.00   3.20   1.60                     
 1 31  31  15.00   3.00   1.60                     
 1 31  31  16.00   2.20   1.60                     
