Mo da yda   time   FoF2   foEs    foE   foF1   fbEs
 3 27  86  22.00   2.30   1.50                     
 3 27  86  23.00   2.30   1.40                     
 3 27  86   0.00   1.90   1.50                     
 3 27  86   1.00   2.00                            
 3 27  86   2.00   2.60                            
 3 27  86   3.00   3.10                            
 3 27  86   4.00   4.10   2.10   2.10              
 3 27  86   5.00   4.70   2.40   2.35   3.70       
 3 27  86   6.00   5.00   2.90   2.60   4.00       
 3 27  86   7.00   5.10   3.20   2.80   4.00       
 3 27  86   8.00   5.40   3.20   2.95   4.10       
 3 27  86   9.00   5.80   4.30          4.20       
 3 27  86  10.00   6.00   3.10          4.10       
 3 27  86  11.00   6.30   2.90   2.90   4.00       
 3 27  86  12.00   5.70   2.60   2.60              
 3 27  86  13.00   5.50   2.20   2.20              
 3 27  86  14.00   6.00   1.80   1.80              
 3 27  86  15.00   5.80   1.50   1.50              
 3 27  86  16.00   5.20   1.50                     
 3 27  86  17.00   4.60   1.50                     
 3 27  86  18.00   4.00   1.50                     
 3 27  86  19.00   3.20   1.50                     
 3 27  86  20.00   3.20   1.50                     
 3 27  86  21.00   3.00   1.50                     
