Mo da yda   time   FoF2   foEs    foE   foF1   fbEs
 3 18  77  22.00   2.80   1.60                     
 3 18  77  23.00   2.50   1.60                     
 3 18  77   0.00   2.50   1.60                     
 3 18  77   1.00   2.30   1.60                     
 3 18  77   2.00   2.10   1.60                     
 3 18  77   3.00   3.40   1.60   1.60              
 3 18  77   4.00   4.30   2.10   2.00              
 3 18  77   5.00   5.20   2.60   2.40   3.60       
 3 18  77   6.00   5.60   3.10   2.60   3.80       
 3 18  77   7.00   6.50   3.00          4.00       
 3 18  77   8.00   6.50   3.00          4.00       
 3 18  77   9.00   6.50   3.50          4.10       
 3 18  77  10.00   6.20   2.30   2.80   4.00       
 3 18  77  11.00   6.80   2.10   2.65   4.00       
 3 18  77  12.00   6.30   1.70   2.50              
 3 18  77  13.00   5.60   1.80   2.15              
 3 18  77  14.00   5.10   1.80   1.80              
 3 18  77  15.00   5.50   1.60   1.60              
 3 18  77  16.00   6.00   1.60                     
 3 18  77  17.00   4.90   1.60                     
 3 18  77  18.00   3.80   1.60                     
 3 18  77  19.00   3.00   1.60                     
 3 18  77  20.00   2.80   1.70                     
 3 18  77  21.00   2.90   1.60                     
