Mo da yda   time   FoF2   foEs    foE   foF1   fbEs
 3 30  89  22.00   3.40   1.60                     
 3 30  89  23.00   3.30   1.60                     
 3 30  89   0.00   3.00   1.60                     
 3 30  89   1.00   2.80                            
 3 30  89   2.00   2.50   1.60                     
 3 30  89   3.00   3.70   1.60   1.60              
 3 30  89   4.00   4.60   2.20   2.20              
 3 30  89   5.00   4.90   3.00   2.55   3.70       
 3 30  89   6.00   5.10   3.00   2.80   4.00       
 3 30  89   7.00   5.30   3.00   3.00   4.00       
 3 30  89   8.00   5.30   3.00   3.05   4.10       
 3 30  89   9.00   5.60   3.10   3.00   4.10       
 3 30  89  10.00   5.60   3.00   3.00   4.00       
 3 30  89  11.00   5.40   2.90   2.90   4.00       
 3 30  89  12.00   5.30   2.00   2.70   3.90       
 3 30  89  13.00   5.10   2.10   2.45              
 3 30  89  14.00   5.00   2.50                     
 3 30  89  15.00   4.80   1.60   1.60              
 3 30  89  16.00   4.80   1.60                     
 3 30  89  17.00   4.50   1.60                     
 3 30  89  18.00   3.50   1.60                     
 3 30  89  19.00   3.10   1.60                     
 3 30  89  20.00   2.80   1.60                     
 3 30  89  21.00   2.30   2.00                     
