Mo da yda   time   FoF2   foEs    foE   foF1   fbEs
 2  9  40  22.00   2.10   1.60                     
 2  9  40  23.00   2.00   1.60                     
 2  9  40   0.00   1.70   1.50                     
 2  9  40   3.00          2.30                     
 2  9  40   4.00   2.50   2.40                     
 2  9  40   5.00   4.90   1.90   1.70              
 2  9  40   6.00   5.90   2.30   1.90              
 2  9  40   7.00   6.00   2.20   2.25              
 2  9  40   8.00   6.00   2.30   2.45              
 2  9  40   9.00   6.40   2.70   2.50              
 2  9  40  10.00   6.10   2.00   2.50              
 2  9  40  11.00   6.60   2.00   2.35              
 2  9  40  12.00   5.70   1.80   2.15              
 2  9  40  13.00   5.30   1.90   1.60              
 2  9  40  14.00   5.20   1.60                     
 2  9  40  15.00   3.90   1.60                     
 2  9  40  16.00   3.30   1.60                     
 2  9  40  17.00   3.30   2.00                     
 2  9  40  18.00   2.60   1.70                     
 2  9  40  19.00   2.70   1.60                     
 2  9  40  20.00   2.40   1.60                     
 2  9  40  21.00   2.60   1.60                     
