Mo da yda   time   FoF2   foEs    foE   foF1   fbEs
 3 10  69  22.00   2.30   1.60                     
 3 10  69  23.00   2.80   1.60                     
 3 10  69   0.00   2.70   1.60                     
 3 10  69   1.00   2.50   1.70                     
 3 10  69   2.00   2.50   1.60                     
 3 10  69   3.00   2.90   1.60   1.60              
 3 10  69   4.00   4.00   1.90   2.05              
 3 10  69   5.00   4.90   2.20   2.20              
 3 10  69   6.00   5.20   2.40   2.35   4.00       
 3 10  69   7.00   6.50   2.50   2.45   4.00       
 3 10  69   8.00   6.50   2.70   2.50              
 3 10  69   9.00   6.50   2.60   2.55   4.10       
 3 10  69  10.00   6.20   2.60   2.55              
 3 10  69  11.00   6.20   2.50   2.50              
 3 10  69  12.00   6.30   1.70   2.35              
 3 10  69  13.00   5.70          2.05              
 3 10  69  14.00   5.50   1.70   1.70              
 3 10  69  15.00   5.80   1.70                     
 3 10  69  16.00   5.30   1.70                     
 3 10  69  17.00   4.70   2.80                     
 3 10  69  18.00   3.80   1.70                     
 3 10  69  19.00   3.50   1.60                     
 3 10  69  20.00   3.50   1.60                     
 3 10  69  21.00   3.20                            
