Mo da yda   time   FoF2   foEs    foE   foF1   fbEs
 2 25  56  22.00   3.10   1.60                     
 2 25  56  23.00   3.10   1.60                     
 2 25  56   0.00   2.70   1.60                     
 2 25  56   1.00   2.40   1.60                     
 2 25  56   3.00   2.10   1.50                     
 2 25  56   5.00   5.10   2.20   1.90              
 2 25  56   6.00   6.00   2.60   2.30              
 2 25  56   7.00   5.40   3.00          3.90       
 2 25  56   8.00   5.60   2.80          3.80       
 2 25  56   9.00   5.30   2.60          3.90       
 2 25  56  10.00   5.50          2.70   3.70       
 2 25  56  11.00   5.80   1.50   2.50   3.40       
 2 25  56  12.00   5.30   2.30   2.30              
 2 25  56  13.00   5.00   2.00   2.00              
 2 25  56  14.00   4.40   1.60   1.60              
 2 25  56  15.00   4.30   1.50                     
 2 25  56  16.00   4.10   1.50                     
 2 25  56  17.00   3.50   1.60                     
 2 25  56  18.00   3.30   1.60                     
 2 25  56  19.00   2.90   1.60                     
 2 25  56  20.00   2.60   1.60                     
 2 25  56  21.00   2.80   2.10                     
