Mo da yda   time   FoF2   foEs    foE   foF1   fbEs
 3 22  81  22.00   2.30   1.60                     
 3 22  81  23.00   2.30   1.60                     
 3 22  81   0.00   2.10   1.60                     
 3 22  81   1.00   2.00   1.60                     
 3 22  81   2.00   2.30   1.60                     
 3 22  81   3.00   3.60   1.60   1.60              
 3 22  81   4.00   4.80   2.30   2.10              
 3 22  81   5.00   5.70   3.10   2.45   3.60       
 3 22  81   6.00   6.00                            
 3 22  81   7.00   6.00   3.10          4.00       
 3 22  81   8.00   6.40   3.10          4.00       
 3 22  81   9.00   6.30   4.30          4.10       
 3 22  81  10.00   6.60   4.10          4.10       
 3 22  81  11.00   6.30   2.70   2.70   3.90       
 3 22  81  12.00   6.00   2.50   2.50              
 3 22  81  13.00   6.00   2.30   2.30              
 3 22  81  14.00   5.60   2.20   2.00              
 3 22  81  15.00   5.80   2.20                     
 3 22  81  16.00   5.60   1.60                     
 3 22  81  17.00   4.80   1.60                     
 3 22  81  18.00   4.80   1.60                     
 3 22  81  19.00   3.50   1.60                     
 3 22  81  20.00   2.90   1.60                     
 3 22  81  21.00   2.90   1.50                     
