Mo da yda   time   FoF2   foEs    foE   foF1   fbEs
 2 17  48  22.00   2.50   2.00                     
 2 17  48  23.00   2.30   1.50                     
 2 17  48   0.00   2.30   1.50                     
 2 17  48   1.00   2.00   1.50                     
 2 17  48   2.00   1.80   1.60                     
 2 17  48   3.00   1.80   1.50                     
 2 17  48   4.00   3.80   1.50   1.50              
 2 17  48   5.00   5.20   1.70                     
 2 17  48   6.00   5.60   2.40   2.25              
 2 17  48   7.00   5.60   2.40   2.40              
 2 17  48   8.00   6.10   2.50   2.50              
 2 17  48   9.00   6.00   2.60   2.60              
 2 17  48  10.00   5.90   2.60   2.60   3.50       
 2 17  48  11.00   5.80   2.50   2.50              
 2 17  48  12.00   6.40   2.20   2.15              
 2 17  48  13.00   5.40   1.90   1.70              
 2 17  48  14.00   5.40   1.50   1.50              
 2 17  48  15.00   4.70   1.50                     
 2 17  48  16.00   4.10   1.50                     
 2 17  48  17.00   2.80   1.50                     
 2 17  48  18.00   2.60   1.50                     
 2 17  48  19.00   2.40   1.50                     
 2 17  48  20.00   2.30   1.50                     
 2 17  48  21.00   2.40   1.50                     
