Mo da yda   time   FoF2   foEs    foE   foF1   fbEs
 3 24  83  22.00   3.20   1.50                     
 3 24  83  23.00   2.70   1.50                     
 3 24  83   0.00   2.80   1.60                     
 3 24  83   1.00   2.40   1.50                     
 3 24  83   2.00   2.70   1.70                     
 3 24  83   3.00   3.80   1.70   1.70              
 3 24  83   4.00   4.70   2.10   2.10              
 3 24  83   5.00   4.70   2.50   2.30              
 3 24  83   6.00   5.40   3.20   2.55   3.90       
 3 24  83   7.00   5.50   3.50                     
 3 24  83   8.00   6.00   3.70          4.10       
 3 24  83   9.00   6.30   2.90   2.90   4.20       
 3 24  83  10.00   6.20   2.90   2.90   4.10       
 3 24  83  11.00   6.00   2.20   2.80              
 3 24  83  12.00   6.20   1.60   2.55              
 3 24  83  13.00   5.60   1.60   2.20              
 3 24  83  14.00   5.30   2.30                     
 3 24  83  15.00   5.00   2.50                     
 3 24  83  16.00   5.30   1.60                     
 3 24  83  17.00   5.50   1.50                     
 3 24  83  18.00   4.30   1.50                     
 3 24  83  19.00   2.60   1.60                     
 3 24  83  20.00   2.50   1.50                     
 3 24  83  21.00   2.60   1.60                     
