Mo da yda   time   FoF2   foEs    foE   foF1   fbEs
 2  1  32   1.00   2.00                            
 2  1  32   2.00   2.00                            
 2  1  32   3.00   2.00   2.00                     
 2  1  32   4.00   2.30   2.00                     
 2  1  32   5.00   3.80   1.70                     
 2  1  32   6.00   4.90   2.50                     
 2  1  32   7.00   5.90   2.60   2.35              
 2  1  32   8.00   5.20   1.60   2.50              
 2  1  32   9.00   4.90   2.70   2.55              
 2  1  32  10.00   5.00   2.60   2.55              
 2  1  32  11.00   5.00   2.50   2.50              
 2  1  32  12.00   4.70   2.00                     
 2  1  32  13.00   4.30   1.60   1.60              
 2  1  32  14.00   3.60   1.50                     
 2  1  32  15.00   3.10   1.60                     
 2  1  32  16.00   2.20   1.60                     
 2  1  32  20.00   1.80   1.60                     
 2  1  32  21.00   1.80   1.60                     
