Mo da yda   time   FoF2   foEs    foE   foF1   fbEs
 2 24  55  22.00   3.20   1.50                     
 2 24  55  23.00   2.80   1.50                     
 2 24  55   0.00   2.70   1.40                     
 2 24  55   1.00   2.70   1.50                     
 2 24  55   2.00   2.40   1.50                     
 2 24  55   3.00   2.40   2.00                     
 2 24  55   4.00   4.50   1.50   1.50              
 2 24  55   5.00   5.20   2.00   2.05              
 2 24  55   6.00   5.70   2.30   2.30              
 2 24  55   7.00   5.40   2.60   2.60              
 2 24  55   8.00   6.40   2.90   2.75              
 2 24  55   9.00   6.40   2.80   2.75   4.20       
 2 24  55  10.00   6.00   2.80   2.75              
 2 24  55  11.00   6.30   2.60   2.55              
 2 24  55  12.00   6.10   2.40   2.35              
 2 24  55  13.00   5.50   2.00   2.00              
 2 24  55  14.00   4.40   1.60   1.60              
 2 24  55  15.00   4.00   1.60                     
 2 24  55  16.00   4.40   1.60                     
 2 24  55  17.00   3.90   1.50                     
 2 24  55  18.00   2.60   1.50                     
 2 24  55  19.00   2.90   1.50                     
 2 24  55  20.00   3.30   1.50                     
 2 24  55  21.00   3.00   1.60                     
