Mo da yda   time   FoF2   foEs    foE   foF1   fbEs
 3  5  64  22.00   2.70   1.60                     
 3  5  64  23.00   2.80   1.60                     
 3  5  64   0.00   2.70   1.50                     
 3  5  64   1.00   2.50   1.70                     
 3  5  64   2.00   1.90   1.60                     
 3  5  64   3.00   2.70   1.70                     
 3  5  64   4.00   4.50   2.00   1.60              
 3  5  64   5.00   5.40   2.20   2.20              
 3  5  64   6.00   5.80   2.40   2.40   3.80       
 3  5  64   7.00   5.80   2.60   2.60   3.90       
 3  5  64   8.00   6.20   2.80   2.75   4.00       
 3  5  64   9.00   6.10   2.80   2.80              
 3  5  64  10.00   6.10   2.80   2.80              
 3  5  64  11.00   6.10   2.80   2.75              
 3  5  64  12.00   5.70   2.50   2.50              
 3  5  64  13.00   5.40   2.20   2.15              
 3  5  64  14.00   5.80   1.60   1.60              
 3  5  64  15.00   5.20   2.00                     
 3  5  64  16.00   4.10   1.50                     
 3  5  64  17.00   3.50   1.50                     
 3  5  64  18.00   3.10   1.70                     
 3  5  64  19.00   2.60   1.60                     
 3  5  64  20.00   2.40   1.60                     
 3  5  64  21.00   2.80   1.60                     
