Mo da yda   time   FoF2   foEs    foE   foF1   fbEs
 3 31  90  22.00   2.10   2.20                     
 3 31  90  23.00   2.30   1.60                     
 3 31  90   0.00   2.20                            
 3 31  90   1.00   2.00   1.60                     
 3 31  90   2.00   2.70   1.70                     
 3 31  90   3.00   3.80   1.80   1.60   2.70       
 3 31  90   4.00   4.50   2.20   2.20              
 3 31  90   5.00   5.00   2.50   2.50   3.70       
 3 31  90   6.00   5.30   2.80   2.80   4.00       
 3 31  90   7.00   5.80   3.00   3.05   4.10       
 3 31  90   8.00   5.90   3.10   3.10   4.20       
 3 31  90   9.00   5.80   3.20          4.30       
 3 31  90  10.00   6.00   3.00          4.10       
 3 31  90  11.00   5.40   2.80   2.85              
 3 31  90  12.00   5.40   2.60   2.65   3.90       
 3 31  90  13.00   5.40   2.40   2.35              
 3 31  90  14.00   5.30   2.30   2.00              
 3 31  90  15.00   5.30   1.80                     
 3 31  90  16.00   4.90   1.60                     
 3 31  90  17.00   4.60   1.60                     
 3 31  90  18.00   4.00   2.20                     
 3 31  90  19.00   3.00   1.60                     
 3 31  90  20.00   2.80   1.60                     
 3 31  90  21.00   2.80   1.60                     
