Mo da yda   time   FoF2   foEs    foE   foF1   fbEs
 2 10  41  22.00   2.50   1.60                     
 2 10  41  23.00   2.40   1.60                     
 2 10  41   0.00   2.30   1.60                     
 2 10  41   1.00   2.10   1.70                     
 2 10  41   2.00   2.00   1.70                     
 2 10  41   3.00   2.00                            
 2 10  41   4.00   2.80   1.70                     
 2 10  41   5.00   4.50   1.80   1.80              
 2 10  41   6.00   5.40   2.20   2.15              
 2 10  41   7.00   6.30   2.40   2.35              
 2 10  41   8.00   7.00   2.50   2.50              
 2 10  41   9.00   5.80   2.50   2.50              
 2 10  41  10.00   5.80   2.40   2.35              
 2 10  41  11.00   6.00   2.20   2.15              
 2 10  41  12.00   6.00   2.00   1.95              
 2 10  41  13.00   4.70   1.80   1.80              
 2 10  41  14.00   4.70   1.50                     
 2 10  41  15.00   5.00   1.50                     
 2 10  41  16.00   4.20   1.60                     
 2 10  41  17.00   3.00   1.50                     
 2 10  41  18.00   2.80   1.60                     
 2 10  41  19.00   2.40   1.60                     
 2 10  41  20.00   2.60   1.60                     
 2 10  41  21.00   2.40   1.50                     
