Mo da yda   time   FoF2   foEs    foE   foF1   fbEs
 3  4  63  22.00   2.50   1.50                     
 3  4  63  23.00   2.90   1.50                     
 3  4  63   0.00   3.00   1.60                     
 3  4  63   1.00   2.80   1.60                     
 3  4  63   2.00   2.40   1.60                     
 3  4  63   3.00   3.00   1.60                     
 3  4  63   4.00   4.80   2.00                     
 3  4  63   5.00   5.70   2.30   2.30              
 3  4  63   6.00   6.60   2.90   2.65   3.60       
 3  4  63   7.00   5.50   3.00          3.80       
 3  4  63   8.00   6.30   3.20          4.00       
 3  4  63   9.00   6.10   2.80   2.80   4.00       
 3  4  63  10.00   7.00   2.80   2.75   4.00       
 3  4  63  11.00   6.10   2.60   2.55              
 3  4  63  12.00   5.40   2.40   2.35              
 3  4  63  13.00   5.10   2.10   2.10              
 3  4  63  14.00   5.00   1.60   1.60              
 3  4  63  15.00   4.50   2.00                     
 3  4  63  16.00   4.20   1.80                     
 3  4  63  17.00   3.40   1.60                     
 3  4  63  18.00   3.00   1.60                     
 3  4  63  19.00   2.80   1.60                     
 3  4  63  20.00   2.70   1.60                     
 3  4  63  21.00   2.50   1.60                     
