Mo da yda   time   FoF2   foEs    foE   foF1   fbEs
 3 15  74  22.00   2.30                            
 3 15  74  23.00   2.00   1.00                     
 3 15  74   0.00   2.30   1.70                     
 3 15  74   1.00   2.10   1.40                     
 3 15  74   2.00   2.00   1.60                     
 3 15  74   3.00   3.30   1.60   1.60              
 3 15  74   4.00   4.40   1.90   1.90              
 3 15  74   5.00   4.90   2.40   2.25   3.60       
 3 15  74   6.00   5.70   2.70          3.80       
 3 15  74   7.00   5.90   4.60          4.10       
 3 15  74   8.00   5.60   4.60          4.00       
 3 15  74   9.00   5.60   3.00   2.95   4.00       
 3 15  74  10.00   6.00   2.80   2.85   4.00       
 3 15  74  11.00   6.00   2.70   2.70              
 3 15  74  12.00   5.60   2.50   2.50              
 3 15  74  13.00   5.40   1.90   2.10              
 3 15  74  14.00   5.40   2.00                     
 3 15  74  15.00   5.20   1.60                     
 3 15  74  16.00   5.30   1.60                     
 3 15  74  17.00   4.60   1.60                     
 3 15  74  18.00   3.60   1.50                     
 3 15  74  19.00   2.50   1.60                     
 3 15  74  20.00   2.10   1.60                     
 3 15  74  21.00   2.40   1.50                     
