Mo da yda   time   FoF2   foEs    foE   foF1   fbEs
 3  1  60  22.00   2.90   1.60                     
 3  1  60  23.00   2.80   1.60                     
 3  1  60   0.00   3.00   1.60                     
 3  1  60   1.00   3.30   1.60                     
 3  1  60   2.00   2.80   1.60                     
 3  1  60   3.00   2.40   1.60                     
 3  1  60   4.00   4.10   1.60   1.60              
 3  1  60   5.00   5.00   2.40   2.10              
 3  1  60   6.00   5.20   2.70   2.40              
 3  1  60   7.00   5.70   3.20   2.60              
 3  1  60   8.00   6.10   5.00   2.70              
 3  1  60   9.00   5.90   5.30   2.70              
 3  1  60  10.00   6.00   5.10   2.70              
 3  1  60  11.00   5.80   3.60   2.65              
 3  1  60  12.00   5.80   2.00   2.35              
 3  1  60  13.00   5.30   2.20   2.10              
 3  1  60  14.00   4.70   1.60   1.80              
 3  1  60  15.00   4.80   1.50                     
 3  1  60  16.00   4.70   1.60                     
 3  1  60  17.00   4.40   1.60                     
 3  1  60  18.00   4.00   1.60                     
 3  1  60  19.00   3.40   1.60                     
 3  1  60  20.00   3.40   1.60                     
 3  1  60  21.00   3.30   1.50                     
