Mo da yda   time   FoF2   foEs    foE   foF1   fbEs
 3 26  85  22.00   2.30   2.00                     
 3 26  85  23.00   2.10   2.00                     
 3 26  85   0.00          2.10                     
 3 26  85   3.00   3.80   1.60   1.60              
 3 26  85   4.00   4.40   2.10   2.10   3.60       
 3 26  85   5.00   4.80   2.40   2.40   3.70       
 3 26  85   6.00   5.00   3.00   2.60   4.00       
 3 26  85   7.00   5.10   3.30   2.80   4.00       
 3 26  85   8.00   5.30   3.70   3.00   4.20       
 3 26  85   9.00   5.50   3.80          4.20       
 3 26  85  10.00   5.40   3.00          4.10       
 3 26  85  11.00   5.60   3.00          4.00       
 3 26  85  12.00   5.40   2.70   2.70   3.90       
 3 26  85  13.00   5.60   2.40   2.40              
 3 26  85  14.00   5.30   2.00   2.00              
 3 26  85  15.00   5.20   1.60   1.60              
 3 26  85  16.00   5.00   1.60                     
 3 26  85  17.00   5.00   1.60                     
 3 26  85  18.00   3.40   1.60                     
 3 26  85  19.00   2.80   1.60                     
 3 26  85  20.00   2.50   1.60                     
 3 26  85  21.00   2.30   1.60                     
