Mo da yda   time   FoF2   foEs    foE   foF1   fbEs
 1  2   2  22.00   1.90   1.50                     
 1  2   2  23.00   1.80   1.50                     
 1  2   2   0.00   2.00                            
 1  2   2   1.00   2.20   1.50                     
 1  2   2   4.00          1.80                     
 1  2   2   5.00   3.90   2.40                     
 1  2   2   6.00   5.30   1.80   1.80              
 1  2   2   7.00   5.50   2.10   2.10              
 1  2   2   8.00   6.30   2.00   2.20              
 1  2   2   9.00   5.40   2.20   2.20              
 1  2   2  10.00   5.40   2.00   2.00              
 1  2   2  11.00   4.70   1.70   1.70              
 1  2   2  12.00   4.50   1.60   1.60              
 1  2   2  13.00   3.70   1.40                     
 1  2   2  14.00   2.30   1.50                     
 1  2   2  15.00   1.90   1.40                     
 1  2   2  18.00   1.90   1.50                     
 1  2   2  19.00   2.00   1.50                     
 1  2   2  20.00   2.10   1.60                     
 1  2   2  21.00   2.00   1.60                     
