Mo da yda   time   FoF2   foEs    foE   foF1   fbEs
 3  3  62  22.00   2.50   1.50                     
 3  3  62  23.00   2.40   1.60                     
 3  3  62   0.00   2.40   1.60                     
 3  3  62   1.00   2.20   1.60                     
 3  3  62   2.00   1.90                            
 3  3  62   3.00   2.30   1.60                     
 3  3  62   4.00   4.40   1.90   1.70              
 3  3  62   5.00   5.40   2.10   2.10              
 3  3  62   6.00   6.10   2.90   2.50              
 3  3  62   7.00   6.50   3.10   2.60              
 3  3  62   8.00   6.40   2.90   2.65   3.80       
 3  3  62   9.00   6.70   3.20   2.65   4.00       
 3  3  62  10.00   6.50   2.00   2.60              
 3  3  62  11.00   6.10   2.00   2.50   3.60       
 3  3  62  12.00   5.60   2.00   2.25              
 3  3  62  13.00   5.10   2.50   2.00              
 3  3  62  14.00   5.00   1.60   1.65              
 3  3  62  15.00   5.10   1.60                     
 3  3  62  16.00   4.60   1.60                     
 3  3  62  17.00   3.80   1.60                     
 3  3  62  18.00   3.40   1.60                     
 3  3  62  19.00   3.00   1.60                     
 3  3  62  20.00   2.90   1.60                     
 3  3  62  21.00   2.40   1.50                     
