Mo da yda   time   FoF2   foEs    foE   foF1   fbEs
 3 12  71  22.00   2.20   1.50                     
 3 12  71  23.00   2.00   1.50                     
 3 12  71   0.00   1.90   1.40                     
 3 12  71   1.00   2.00   1.50                     
 3 12  71   2.00   2.00   1.50                     
 3 12  71   3.00   2.80   1.50                     
 3 12  71   4.00   3.90   2.00   1.90              
 3 12  71   5.00   5.60   2.20   2.20              
 3 12  71   6.00   5.40   3.00   2.45   3.90       
 3 12  71   7.00   5.90   2.90                     
 3 12  71   8.00   6.70   2.90          4.10       
 3 12  71   9.00   6.50   3.00          4.10       
 3 12  71  10.00   5.90   2.60   2.60              
 3 12  71  11.00   6.20   2.50   2.50              
 3 12  71  12.00   6.00   2.30   2.30              
 3 12  71  13.00   5.90   2.00   2.05              
 3 12  71  14.00   5.00   1.80   1.60              
 3 12  71  15.00   5.20   1.50                     
 3 12  71  16.00   4.80   1.50                     
 3 12  71  17.00   3.40   1.50                     
 3 12  71  18.00   2.50   1.50                     
 3 12  71  19.00   2.90   1.50                     
 3 12  71  20.00   2.80   1.50                     
 3 12  71  21.00   2.80   1.60                     
