Mo da yda   time   FoF2   foEs    foE   foF1   fbEs
 3 29  88  22.00   2.40   1.60                     
 3 29  88  23.00   2.40   1.50                     
 3 29  88   0.00   2.40   1.70                     
 3 29  88   1.00   2.50   1.70                     
 3 29  88   2.00   2.50   1.70                     
 3 29  88   3.00   3.40   1.80   1.80              
 3 29  88   4.00   4.00   2.30   2.10              
 3 29  88   5.00   4.20   2.20   2.25   3.80       
 3 29  88   6.00   4.20   3.10          3.80       
 3 29  88   7.00   4.30   3.00          3.90       
 3 29  88   8.00   4.40   3.00          4.00       
 3 29  88   9.00   4.10   3.20          4.10       
 3 29  88  10.00   4.70   2.20   2.85   4.00       
 3 29  88  11.00   4.70   2.10   2.75   4.00       
 3 29  88  12.00   4.70   2.10   2.55   3.80       
 3 29  88  13.00   4.60   2.80   2.20              
 3 29  88  14.00   4.50   1.80   1.80              
 3 29  88  15.00   4.10          1.60              
 3 29  88  16.00   4.50   1.60                     
 3 29  88  17.00   4.40   1.80                     
 3 29  88  18.00   4.00   1.60                     
 3 29  88  19.00   3.40   1.60                     
 3 29  88  20.00   3.40   1.60                     
 3 29  88  21.00   3.40   1.60                     
