Mo da yda   time   FoF2   foEs    foE   foF1   fbEs
 3 25  84  22.00   2.70   1.80                     
 3 25  84  23.00   2.80   1.70                     
 3 25  84   0.00   2.60   1.30                     
 3 25  84   1.00   2.50   1.50                     
 3 25  84   2.00   2.40   1.50                     
 3 25  84   3.00   3.50   1.60   1.60              
 3 25  84   4.00   4.70   2.50   2.05              
 3 25  84   5.00   4.70   2.70   2.25   3.80       
 3 25  84   6.00   4.40   2.50   2.50   3.90       
 3 25  84   7.00   5.00   3.30   2.65   4.20       
 3 25  84   8.00   5.60   3.10          3.90       
 3 25  84   9.00   5.40   3.20          4.00       
 3 25  84  10.00   5.10   3.20          4.00       
 3 25  84  11.00   5.60   2.30   2.85              
 3 25  84  12.00   5.10   1.00   2.65              
 3 25  84  13.00   5.40   1.80   2.20              
 3 25  84  14.00   5.50   2.90                     
 3 25  84  15.00   5.10   2.10                     
 3 25  84  16.00   4.50   1.60                     
 3 25  84  17.00   3.70   1.50                     
 3 25  84  18.00   2.80   1.60                     
 3 25  84  19.00   2.50   1.60                     
 3 25  84  20.00   2.00   1.70                     
 3 25  84  21.00   2.10   1.90                     
