Mo da yda   time   FoF2   foEs    foE   foF1   fbEs
 3  7  66  22.00   2.60   1.50                     
 3  7  66  23.00   2.50   1.50                     
 3  7  66   0.00   2.30   1.50                     
 3  7  66   1.00   2.20   1.50                     
 3  7  66   2.00   1.90   1.60                     
 3  7  66   3.00   2.70   1.50                     
 3  7  66   4.00   5.20   1.80   1.80              
 3  7  66   5.00   5.90   2.30   2.15              
 3  7  66   6.00   6.10   2.90   2.40              
 3  7  66   7.00   7.00   2.60          4.00       
 3  7  66   8.00   7.10   3.00                     
 3  7  66   9.00   7.00   3.40          4.10       
 3  7  66  10.00   6.30   2.10   2.80              
 3  7  66  11.00   6.20   2.80   2.75              
 3  7  66  12.00   5.80   2.50   2.50              
 3  7  66  13.00   5.80   2.10   2.10              
 3  7  66  14.00   5.80   1.60   1.60              
 3  7  66  15.00   5.40   2.00                     
 3  7  66  16.00   5.20   1.50                     
 3  7  66  17.00   4.40   2.00                     
 3  7  66  18.00   3.80   1.80                     
 3  7  66  19.00   3.30   1.50                     
 3  7  66  20.00   2.90   1.50                     
 3  7  66  21.00   2.80   1.60                     
