Mo da yda   time   FoF2   foEs    foE   foF1   fbEs
 2 26  57  22.00   2.60   1.60                     
 2 26  57  23.00   2.40   1.60                     
 2 26  57   0.00   2.50   1.70                     
 2 26  57   1.00   2.40   1.60                     
 2 26  57   2.00   2.00   1.60                     
 2 26  57   3.00   2.10   1.60                     
 2 26  57   4.00   4.40   1.60   1.60              
 2 26  57   5.00   4.70   2.10                     
 2 26  57   6.00   5.50   2.60          4.20       
 2 26  57   7.00   5.70   2.60   2.60   3.80       
 2 26  57   8.00   5.90   3.00   2.65   3.60       
 2 26  57   9.00   6.20   3.00   2.70   3.90       
 2 26  57  10.00   6.00   2.00   2.60   3.70       
 2 26  57  11.00   5.80   2.40   2.40              
 2 26  57  12.00   5.50   1.80   2.20              
 2 26  57  13.00   5.00   1.80   1.85              
 2 26  57  14.00   4.80   1.60   1.60              
 2 26  57  15.00   4.00   1.60                     
 2 26  57  16.00   4.00   1.70                     
 2 26  57  17.00   2.80   1.70                     
 2 26  57  18.00   2.40   1.60                     
 2 26  57  19.00   2.40   1.70                     
 2 26  57  20.00   2.40   1.50                     
 2 26  57  21.00   2.50   1.50                     
