Mo da yda   time   FoF2   foEs    foE   foF1   fbEs
 3 13  72  22.00   2.70   1.60                     
 3 13  72  23.00   2.60   1.60                     
 3 13  72   0.00   2.50   1.60                     
 3 13  72   1.00   2.40   1.70                     
 3 13  72   2.00   2.20   1.60                     
 3 13  72   3.00   2.70   1.60                     
 3 13  72   4.00   4.30   2.10   1.85              
 3 13  72   5.00   5.00   2.50   2.15              
 3 13  72   6.00   5.20   2.90   2.50   3.80       
 3 13  72   7.00   5.30   2.90   2.65   4.00       
 3 13  72   8.00   5.60   2.90          4.10       
 3 13  72   9.00   5.70   3.00          4.10       
 3 13  72  10.00   6.30   2.80   2.80   4.10       
 3 13  72  11.00   6.00   3.00   2.65              
 3 13  72  12.00   5.70   2.40   2.40              
 3 13  72  13.00   5.60   2.00   2.05              
 3 13  72  14.00   5.40   1.60   1.60              
 3 13  72  15.00   5.60   1.60                     
 3 13  72  16.00   5.60   1.70                     
 3 13  72  17.00   4.60   1.80                     
 3 13  72  18.00   3.40   2.00                     
 3 13  72  19.00   2.70   1.60                     
 3 13  72  20.00   2.50   1.60                     
 3 13  72  21.00   2.60   1.50                     
