Mo da yda   time   FoF2   foEs    foE   foF1   fbEs
 3 11  70  22.00   3.20   1.50                     
 3 11  70  23.00   2.90   1.50                     
 3 11  70   0.00   2.80   1.50                     
 3 11  70   1.00   2.70   1.50                     
 3 11  70   2.00   2.50   1.50                     
 3 11  70   3.00   2.90   1.60                     
 3 11  70   4.00   4.10   2.00   1.90   2.80       
 3 11  70   5.00   4.70   2.20   2.20              
 3 11  70   6.00   4.40   2.70   2.45   3.70       
 3 11  70   7.00   4.60   2.80   2.65   4.10       
 3 11  70   8.00   5.00   2.70   2.70   3.90       
 3 11  70   9.00   5.60          2.80   4.10       
 3 11  70  10.00   5.60   2.80   2.85   4.00       
 3 11  70  11.00   5.60   2.80   2.75              
 3 11  70  12.00   5.50   2.50   2.50              
 3 11  70  13.00   5.30   2.20   2.20              
 3 11  70  14.00   5.30   1.70                     
 3 11  70  15.00   5.20   1.50                     
 3 11  70  16.00   4.40   1.90                     
 3 11  70  17.00   3.30   1.50                     
 3 11  70  18.00   3.00   1.50                     
 3 11  70  19.00   2.90   1.50                     
 3 11  70  20.00   2.80   1.50                     
 3 11  70  21.00   2.40   1.50                     
