Mo da yda   time   FoF2   foEs    foE   foF1   fbEs
 3 17  76  22.00   2.80   1.60                     
 3 17  76  23.00   2.80   1.60                     
 3 17  76   0.00   2.50   1.60                     
 3 17  76   1.00   2.40   1.60                     
 3 17  76   2.00   2.20   1.60                     
 3 17  76   3.00   3.50   1.60                     
 3 17  76   4.00   4.80   2.00   2.00              
 3 17  76   5.00   5.90   2.80   2.15              
 3 17  76   6.00   5.80   3.10   2.45   4.00       
 3 17  76   7.00   6.40   4.30   2.70   4.00       
 3 17  76   8.00   6.50   2.90   2.85   4.20       
 3 17  76   9.00   6.40   3.30   3.00   4.10       
 3 17  76  10.00   6.10   2.70   3.00   4.00       
 3 17  76  11.00   5.70   2.60   2.75              
 3 17  76  12.00   6.10   3.30   2.50              
 3 17  76  13.00   6.10   2.70   2.20              
 3 17  76  14.00   6.00   2.10                     
 3 17  76  15.00   5.00   2.10                     
 3 17  76  16.00   4.90   1.60                     
 3 17  76  17.00   4.20   1.60                     
 3 17  76  18.00   3.10   1.60                     
 3 17  76  19.00   3.00   1.70                     
 3 17  76  20.00   2.90   1.60                     
 3 17  76  21.00   2.70   1.50                     
