mo da yda  time  FoF2  FoF1   FoE  HmF2  HmF1   HmE   Tec  HTop    B0    B1    D1
12  1 335  0.00  2.33  0.00  0.00 252.9   0.0   0.0  1.12  39.0  57.7  6.00  0.00
12  1 335  0.25  2.57  0.00  0.00 221.7   0.0   0.0  1.10  30.4  48.0  4.21  0.00
12  1 335  0.50  3.21  0.00  0.00 228.0   0.0   0.0  1.70  31.0  49.9  3.98  0.00
12  1 335  0.75  3.69  0.00  0.00 229.2   0.0   0.0  2.60  35.6  57.0  4.03  0.00
12  1 335  1.00  4.16  0.00  1.38 216.6   0.0 121.3  2.44  25.5  37.1  6.00  0.00
12  1 335  1.25  4.72  0.00  1.54 202.6   0.0 115.3  2.52  19.9  30.9  4.20  0.00
12  1 335  1.50  4.48  0.00  1.70 201.1   0.0 111.8  2.61  22.7  34.1  4.57  0.00
12  1 335  1.75  4.72  0.00  1.78 203.7   0.0 110.6  3.42  27.6  43.6  3.97  0.00
12  1 335  2.00  5.29  2.76  0.00 195.6 160.6   0.0  3.14  20.3  33.8  2.66  0.60
12  1 335  2.25  4.56  0.00  2.10 190.0   0.0 107.7  2.85  23.3  41.6  2.11  0.00
12  1 335  2.50  4.97  3.13  2.18 207.4 152.7 104.1  4.70  35.3  61.3  2.49  0.50
12  1 335  2.75  5.36  3.04  2.26 202.1 146.7 107.1  4.82  30.8  62.8  1.78  0.10
12  1 335  3.00  5.12  0.00  2.34 196.9   0.0 107.4  3.72  24.2  45.2  1.80  0.00
12  1 335  3.25  5.61  3.64  2.34 217.1 176.2 107.0  5.13  29.3  48.1  2.56  0.50
12  1 335  3.50  5.85  0.00  2.42 228.8   0.0 112.3  7.59  40.4  75.5  2.09  0.00
12  1 335  3.75  5.85  0.00  2.42 209.7   0.0 102.2  5.46  28.0  52.5  1.82  0.00
12  1 335  4.00  5.88  3.48  2.42 229.1 164.1 105.1  8.79  48.9  69.2  5.95  0.50
12  1 335  4.25  5.76  3.36  2.50 208.1 155.3 104.8  5.79  31.9  56.3  2.27  0.50
12  1 335  4.50  5.68  3.28  2.50 208.9 153.7 105.0  5.92  33.8  58.3  2.50  0.50
12  1 335  4.75  5.37  3.40  2.50 195.4 157.4 103.6  4.39  27.6  42.2  3.20  0.50
12  1 335  5.00  5.53  3.48  2.50 215.5 153.6 104.9  6.92  42.8  69.7  3.39  0.50
12  1 335  5.25  5.28  0.00  2.50 202.6   0.0 105.6  4.65  28.9  56.8  1.60  0.00
12  1 335  5.50  5.05  3.40  2.50 196.3 153.3 104.4  4.55  32.7  51.1  3.26  0.50
12  1 335  5.75  5.04  0.00  2.50 200.2   0.0 105.2  4.71  32.7  68.0  1.60  0.00
12  1 335  6.00  5.26  0.00  2.50 222.9   0.0 113.4  7.59  51.5  74.1  6.00  0.00
12  1 335  6.25  5.45  3.64  2.34 206.5 163.6 103.7  5.10  31.2  52.3  2.48  0.50
12  1 335  6.50  5.37  0.00  2.34 221.4   0.0 107.9  7.12  45.6  69.6  5.32  0.00
12  1 335  6.75  5.52  0.00  0.00 213.8   0.0   0.0  5.35  31.0  63.8  1.56  0.00
12  1 335  7.00  5.52  0.00  2.26 200.1   0.0 113.5  4.19  23.6  45.8  1.74  0.00
12  1 335  7.25  5.12  0.00  0.00 207.3   0.0   0.0  4.47  30.4  53.3  2.51  0.00
12  1 335  7.50  5.61  3.40  0.00 235.9 184.1   0.0  5.51  31.6  57.0  2.08  0.50
12  1 335  7.75  5.93  0.00  0.00 218.8   0.0   0.0  5.27  27.0  42.7  3.41  0.00
12  1 335  8.00  5.85  0.00  0.00 221.8   0.0   0.0  5.28  28.1  45.5  3.43  0.00
12  1 335  8.25  5.28  0.00  0.00 230.2   0.0   0.0  7.24  50.5  70.4  6.00  0.00
12  1 335  8.50  5.04  0.00  0.00 211.4   0.0   0.0  3.66  26.3  40.1  4.52  0.00
12  1 335  8.75  4.49  0.00  0.00 220.1   0.0   0.0  3.54  32.9  49.6  5.30  0.00
12  1 335  9.00  4.08  0.00  0.00 207.4   0.0   0.0  2.12  23.6  33.1  6.00  0.00
12  1 335  9.25  3.12  0.00  0.00 239.7   0.0   0.0  2.51  49.1  81.6  3.90  0.00
12  1 335  9.50  2.80  0.00  0.00 283.9   0.0   0.0  2.38  58.2 101.1  3.09  0.00
12  1 335  9.75  2.80  0.00  0.00 286.8   0.0   0.0  2.16  53.1  92.8  2.96  0.00
12  1 335 10.00  2.80  0.00  0.00 291.9   0.0   0.0  2.03  49.9  88.8  2.73  0.00
12  1 335 10.25  2.56  0.00  0.00 285.2   0.0   0.0  1.52  44.6  79.5  2.71  0.00
12  1 335 10.50  2.56  0.00  0.00 269.9   0.0   0.0  1.51  44.7  79.7  2.72  0.00
12  1 335 10.75  2.40  0.00  0.00 289.5   0.0   0.0  1.51  51.0  91.0  2.71  0.00
12  1 335 11.00  2.40  0.00  0.00 262.9   0.0   0.0  1.10  36.7  65.9  2.64  0.00
12  1 335 11.25  2.16  0.00  0.00 285.2   0.0   0.0  1.12  46.3  82.2  2.77  0.00
12  1 335 11.50  2.16  0.00  0.00 291.7   0.0   0.0  1.14  47.2  83.9  2.74  0.00
12  1 335 11.75  2.24  0.00  0.00 298.0   0.0   0.0  1.29  49.7  88.5  2.74  0.00
12  1 335 12.00  2.40  0.00  0.00 294.8   0.0   0.0  1.58  53.3  94.7  2.76  0.00
12  1 335 12.25  2.48  0.00  0.00 300.6   0.0   0.0  1.61  50.6  90.6  2.67  0.00
12  1 335 12.50  2.48  0.00  0.00 280.1   0.0   0.0  1.32  41.5  74.4  2.65  0.00
12  1 335 12.75  2.32  0.00  0.00 289.9   0.0   0.0  1.41  50.7  90.0  2.77  0.00
12  1 335 13.00  2.40  0.00  0.00 283.7   0.0   0.0  1.41  47.5  84.6  2.73  0.00
12  1 335 13.25  2.48  0.00  0.00 286.1   0.0   0.0  1.64  52.0  92.3  2.77  0.00
12  1 335 13.50  2.24  0.00  0.00 274.3   0.0   0.0  1.38  53.5  95.2  2.77  0.00
12  1 335 13.75  2.16  0.00  0.00 293.6   0.0   0.0  1.30  54.0  95.6  2.81  0.00
12  1 335 14.00  2.16  0.00  0.00 308.1   0.0   0.0  1.48  61.7 111.0  2.65  0.00
12  1 335 14.25  2.16  0.00  0.00 301.5   0.0   0.0  1.40  58.2 104.1  2.70  0.00
12  1 335 14.50  2.08  0.00  0.00 322.1   0.0   0.0  1.24  55.2  97.9  2.78  0.00
12  1 335 14.75  2.32  0.00  0.00 308.8   0.0   0.0  1.39  49.9  89.0  2.71  0.00
12  1 335 15.00  2.40  0.00  0.00 291.6   0.0   0.0  1.52  51.4  91.3  2.77  0.00
12  1 335 15.25  2.56  0.00  0.00 298.2   0.0   0.0  1.78  52.7  93.8  2.74  0.00
12  1 335 15.50  2.64  0.00  0.00 292.3   0.0   0.0  1.58  43.9  78.9  2.62  0.00
12  1 335 15.75  2.72  0.00  0.00 297.3   0.0   0.0  1.85  48.4  87.3  2.59  0.00
12  1 335 16.00  2.96  0.00  0.00 278.7   0.0   0.0  2.01  44.4  80.6  2.52  0.00
12  1 335 16.25  2.80  0.00  0.00 268.3   0.0   0.0  1.65  40.8  73.5  2.59  0.00
12  1 335 16.50  2.80  0.00  0.00 282.9   0.0   0.0  2.18  54.2  97.7  2.60  0.00
12  1 335 16.75  2.80  0.00  0.00 289.9   0.0   0.0  2.06  51.1  91.5  2.66  0.00
12  1 335 17.00  2.88  0.00  0.00 286.7   0.0   0.0  2.25  52.8  94.6  2.65  0.00
12  1 335 17.25  2.80  0.00  0.00 284.3   0.0   0.0  2.05  50.9  91.3  2.65  0.00
12  1 335 17.50  2.88  0.00  0.00 297.6   0.0   0.0  2.13  49.8  89.6  2.60  0.00
12  1 335 17.75  2.88  0.00  0.00 293.2   0.0   0.0  2.19  51.3  92.3  2.60  0.00
12  1 335 18.00  2.96  0.00  0.00 301.3   0.0   0.0  2.23  49.2  89.1  2.54  0.00
12  1 335 18.25  2.96  0.00  0.00 282.9   0.0   0.0  2.35  52.4  94.1  2.64  0.00
12  1 335 18.50  2.96  0.00  0.00 291.6   0.0   0.0  2.48  55.1 100.4  2.50  0.00
12  1 335 18.75  3.04  0.00  0.00 297.6   0.0   0.0  2.34  49.2  88.9  2.57  0.00
12  1 335 19.00  3.04  0.00  0.00 304.9   0.0   0.0  2.76  58.2 105.7  2.52  0.00
12  1 335 19.25  2.88  0.00  0.00 291.6   0.0   0.0  2.13  50.0  89.9  2.61  0.00
12  1 335 19.50  2.80  0.00  0.00 298.1   0.0   0.0  2.33  57.9 104.8  2.58  0.00
12  1 335 19.75  2.88  0.00  0.00 313.5   0.0   0.0  2.31  53.8  97.7  2.50  0.00
12  1 335 20.00  2.96  0.00  0.00 308.2   0.0   0.0  2.41  53.3  96.3  2.57  0.00
12  1 335 20.25  2.96  0.00  0.00 295.7   0.0   0.0  2.19  48.6  87.4  2.60  0.00
12  1 335 20.50  3.04  0.00  0.00 300.8   0.0   0.0  2.35  49.3  89.0  2.57  0.00
12  1 335 20.75  3.04  0.00  0.00 297.1   0.0   0.0  2.37  49.7  89.6  2.59  0.00
12  1 335 21.00  2.96  0.00  0.00 298.4   0.0   0.0  2.36  52.3  94.2  2.60  0.00
12  1 335 21.25  2.96  0.00  0.00 301.5   0.0   0.0  2.21  48.8  88.5  2.52  0.00
12  1 335 21.50  2.96  0.00  0.00 306.7   0.0   0.0  2.18  48.1  87.1  2.52  0.00
12  1 335 21.75  2.88  0.00  0.00 293.9   0.0   0.0  2.12  49.6  89.3  2.61  0.00
12  1 335 22.00  2.80  0.00  0.00 295.3   0.0   0.0  1.93  47.8  85.9  2.62  0.00
12  1 335 22.25  2.72  0.00  0.00 296.4   0.0   0.0  1.77  46.2  83.1  2.62  0.00
12  1 335 22.50  2.64  0.00  0.00 285.1   0.0   0.0  1.71  47.5  85.3  2.63  0.00
12  1 335 22.75  2.72  0.00  0.00 287.4   0.0   0.0  1.92  50.5  90.5  2.65  0.00
12  1 335 23.00  2.72  0.00  0.00 264.1   0.0   0.0  1.61  42.3  75.8  2.65  0.00
12  1 335 23.25  2.56  0.00  0.00 266.8   0.0   0.0  1.74  51.6  92.5  2.67  0.00
12  1 335 23.50  2.48  0.00  0.00 259.5   0.0   0.0  1.67  52.9  93.5  2.91  0.00
12  1 335 23.75  2.32  0.00  0.00 269.9   0.0   0.0  1.60  57.5 101.0  3.01  0.00
