mo da yda  time  FoF2  FoF1   FoE  HmF2  HmF1   HmE   Tec  HTop    B0    B1    D1
12  4 338  0.00  2.65  0.00  0.00 229.0   0.0   0.0  1.04  27.9  43.5  4.62  0.00
12  4 338  0.25  2.73  0.00  0.00 232.5   0.0   0.0  1.50  38.0  56.5  5.39  0.00
12  4 338  0.50  2.97  0.00  0.00 240.4   0.0   0.0  2.03  43.3  69.8  3.86  0.00
12  4 338  0.75  3.44  0.00  0.00 221.9   0.0   0.0  1.95  30.0  47.3  4.32  0.00
12  4 338  1.00  3.85  0.00  1.38 216.3   0.0 113.0  2.35  28.9  42.1  6.00  0.00
12  4 338  1.25  4.49  0.00  1.46 235.1   0.0 112.3  3.98  36.7  58.9  3.96  0.00
12  4 338  1.50  4.72  0.00  1.62 208.3   0.0 107.2  3.02  24.0  40.0  3.12  0.00
12  4 338  1.75  4.88  0.00  1.70 198.6   0.0 106.2  3.01  22.4  36.3  3.39  0.00
12  4 338  2.00  5.36  0.00  1.86 201.4   0.0 102.7  3.54  21.2  43.2  1.57  0.00
12  4 338  2.25  5.21  0.00  1.94 207.1   0.0 107.7  4.18  27.6  47.3  2.74  0.00
12  4 338  2.50  5.20  0.00  2.02 200.0   0.0 109.4  4.25  28.4  50.3  2.32  0.00
12  4 338  2.75  5.20  0.00  2.10 199.0   0.0 108.9  4.21  27.7  52.6  1.98  0.00
12  4 338  3.00  5.12  0.00  2.18 206.3   0.0 109.4  4.95  34.1  62.7  2.20  0.00
12  4 338  3.25  5.13  0.00  2.26 202.8   0.0 110.9  4.10  27.4  48.1  2.29  0.00
12  4 338  3.50  4.81  0.00  2.34 195.0   0.0 109.0  4.08  31.5  56.2  2.34  0.00
12  4 338  3.75  5.04  0.00  2.34 212.3   0.0 111.0  5.10  35.8  72.7  1.88  0.00
12  4 338  4.00  4.89  0.00  2.42 204.2   0.0 111.1  4.73  35.5  65.7  2.19  0.00
12  4 338  4.25  4.89  0.00  2.42 214.8   0.0 108.3  5.09  38.3  63.0  3.02  0.00
12  4 338  4.50  5.05  3.32  2.50 203.3 151.2 103.8  4.99  36.2  62.0  2.51  0.50
12  4 338  4.75  5.21  3.16  2.50 212.2 149.0 108.3  5.98  41.4  68.5  3.01  0.50
12  4 338  5.25  5.61  0.00  2.50 215.0   0.0 105.3  6.60  38.1  68.0  2.36  0.00
12  4 338  5.50  5.29  0.00  2.50 198.1   0.0 106.7  4.51  28.0  57.5  1.57  0.00
12  4 338  5.75  5.68  0.00  2.42 202.1   0.0 104.1  5.01  27.0  59.7  1.28  0.00
12  4 338  6.00  5.37  0.00  2.42 198.6   0.0 102.8  4.89  30.2  56.3  1.96  0.00
12  4 338  6.25  4.88  0.00  2.34 198.2   0.0 105.1  4.70  35.9  63.1  2.50  0.00
12  4 338  6.50  5.04  0.00  2.34 205.3   0.0 103.0  4.53  31.1  71.0  1.29  0.00
12  4 338  6.75  5.12  0.00  0.00 212.3   0.0   0.0  4.79  32.2  64.4  1.71  0.00
12  4 338  7.00  5.13  0.00  0.00 201.1   0.0   0.0  3.81  25.0  46.4  2.01  0.00
12  4 338  7.25  4.81  0.00  0.00 208.9   0.0   0.0  4.09  31.3  58.1  2.11  0.00
12  4 338  7.50  4.90  3.00  0.00 221.4 169.2   0.0  4.69  36.3  57.1  3.46  0.50
12  4 338  7.75  4.80  0.00  0.00 209.8   0.0   0.0  3.49  26.6  48.9  2.05  0.00
12  4 338  8.00  4.57  0.00  0.00 219.9   0.0   0.0  3.96  34.3  58.9  2.72  0.00
12  4 338  8.25  4.64  0.00  0.00 218.5   0.0   0.0  3.84  32.3  57.7  2.40  0.00
12  4 338  8.50  5.53  0.00  0.00 235.1   0.0   0.0  5.12  30.9  53.0  2.85  0.00
12  4 338  8.75  5.44  0.00  0.00 212.5   0.0   0.0  3.25  20.2  30.5  5.02  0.00
12  4 338  9.00  4.40  0.00  0.00 200.3   0.0   0.0  1.72  15.7  26.1  3.35  0.00
12  4 338  9.25  3.60  0.00  0.00 210.7   0.0   0.0  1.49  21.1  30.1  6.00  0.00
12  4 338  9.50  2.96  0.00  0.00 241.4   0.0   0.0  2.28  49.9  87.2  3.02  0.00
12  4 338  9.75  3.04  0.00  0.00 295.5   0.0   0.0  2.59  54.9  80.2  6.00  0.00
12  4 338 10.00  3.12  0.00  0.00 257.0   0.0   0.0  2.05  40.7  72.4  2.72  0.00
12  4 338 10.25  2.88  0.00  0.00 258.1   0.0   0.0  1.80  42.0  74.7  2.74  0.00
12  4 338 10.50  2.88  0.00  0.00 284.1   0.0   0.0  2.15  50.4  90.5  2.64  0.00
12  4 338 10.75  2.64  0.00  0.00 262.4   0.0   0.0  1.56  43.2  77.7  2.61  0.00
12  4 338 11.00  2.56  0.00  0.00 255.5   0.0   0.0  1.27  37.5  67.1  2.67  0.00
12  4 338 11.25  2.56  0.00  0.00 276.5   0.0   0.0  1.86  55.3  99.3  2.68  0.00
12  4 338 11.50  2.56  0.00  0.00 291.7   0.0   0.0  1.78  52.9  94.5  2.69  0.00
12  4 338 11.75  2.40  0.00  0.00 310.8   0.0   0.0  1.57  52.8  94.1  2.72  0.00
12  4 338 12.00  2.56  0.00  0.00 271.0   0.0   0.0  1.56  46.2  82.0  2.77  0.00
12  4 338 12.25  2.48  0.00  0.00 286.4   0.0   0.0  1.50  47.3  84.5  2.69  0.00
12  4 338 12.50  2.56  0.00  0.00 277.3   0.0   0.0  1.55  46.0  81.9  2.75  0.00
12  4 338 12.75  2.48  0.00  0.00 299.4   0.0   0.0  1.70  53.7  95.9  2.70  0.00
12  4 338 13.00  2.56  0.00  0.00 283.9   0.0   0.0  1.66  49.1  87.7  2.69  0.00
12  4 338 13.25  2.56  0.00  0.00 261.0   0.0   0.0  1.41  41.6  74.2  2.71  0.00
12  4 338 13.50  2.48  0.00  0.00 281.2   0.0   0.0  1.51  47.7  85.3  2.68  0.00
12  4 338 13.75  2.40  0.00  0.00 281.1   0.0   0.0  1.39  46.6  83.1  2.72  0.00
12  4 338 14.00  2.40  0.00  0.00 301.7   0.0   0.0  1.65  55.7  98.9  2.76  0.00
12  4 338 14.25  2.56  0.00  0.00 300.7   0.0   0.0  1.63  48.2  86.5  2.62  0.00
12  4 338 14.75  2.56  0.00  0.00 289.2   0.0   0.0  1.45  42.7  76.9  2.60  0.00
12  4 338 15.00  2.56  0.00  0.00 295.2   0.0   0.0  1.83  54.1  96.7  2.69  0.00
12  4 338 15.25  2.72  0.00  0.00 304.2   0.0   0.0  2.11  55.3 100.3  2.53  0.00
12  4 338 15.50  2.96  0.00  0.00 305.9   0.0   0.0  2.26  50.0  90.2  2.59  0.00
12  4 338 15.75  3.04  0.00  0.00 307.7   0.0   0.0  2.58  54.2  97.7  2.59  0.00
12  4 338 16.00  3.12  0.00  0.00 303.6   0.0   0.0  2.33  46.3  83.8  2.53  0.00
12  4 338 16.25  3.04  0.00  0.00 302.1   0.0   0.0  2.38  49.9  90.1  2.56  0.00
12  4 338 16.50  3.12  0.00  0.00 307.5   0.0   0.0  2.33  46.2  84.1  2.48  0.00
12  4 338 16.75  3.12  0.00  0.00 303.7   0.0   0.0  2.53  50.4  91.2  2.53  0.00
12  4 338 17.00  3.04  0.00  0.00 289.3   0.0   0.0  2.20  46.2  83.7  2.53  0.00
12  4 338 17.25  3.04  0.00  0.00 308.6   0.0   0.0  2.37  49.6  89.9  2.52  0.00
12  4 338 17.50  3.04  0.00  0.00 297.9   0.0   0.0  2.35  49.3  88.9  2.58  0.00
12  4 338 17.75  3.12  0.00  0.00 303.3   0.0   0.0  2.71  54.2  97.5  2.61  0.00
12  4 338 18.00  3.04  0.00  0.00 293.8   0.0   0.0  2.45  51.5  92.6  2.62  0.00
12  4 338 18.25  3.04  0.00  0.00 289.4   0.0   0.0  2.49  52.5  94.5  2.60  0.00
12  4 338 18.50  2.96  0.00  0.00 276.3   0.0   0.0  2.37  52.7  95.3  2.58  0.00
12  4 338 18.75  2.88  0.00  0.00 283.4   0.0   0.0  2.05  48.0  86.1  2.64  0.00
12  4 338 19.00  2.96  0.00  0.00 290.6   0.0   0.0  2.38  52.8  94.8  2.64  0.00
12  4 338 19.25  2.96  0.00  0.00 298.6   0.0   0.0  2.26  50.1  90.5  2.56  0.00
12  4 338 19.50  2.88  0.00  0.00 288.7   0.0   0.0  2.10  49.0  88.4  2.58  0.00
12  4 338 19.75  2.88  0.00  0.00 289.1   0.0   0.0  2.05  47.9  86.3  2.59  0.00
12  4 338 20.00  2.88  0.00  0.00 294.2   0.0   0.0  2.43  57.2 103.3  2.60  0.00
12  4 338 20.25  2.80  0.00  0.00 294.2   0.0   0.0  2.18  54.2  97.9  2.57  0.00
12  4 338 20.50  2.80  0.00  0.00 288.0   0.0   0.0  1.93  47.6  85.8  2.60  0.00
12  4 338 20.75  2.88  0.00  0.00 282.2   0.0   0.0  2.05  48.0  86.3  2.60  0.00
12  4 338 21.00  2.80  0.00  0.00 282.9   0.0   0.0  1.90  47.0  84.3  2.66  0.00
12  4 338 21.25  2.72  0.00  0.00 287.4   0.0   0.0  1.81  47.4  85.0  2.65  0.00
12  4 338 21.50  2.64  0.00  0.00 287.7   0.0   0.0  1.80  50.1  90.0  2.64  0.00
12  4 338 21.75  2.64  0.00  0.00 292.1   0.0   0.0  2.07  58.0 105.1  2.57  0.00
12  4 338 22.00  2.64  0.00  0.00 288.4   0.0   0.0  1.68  46.8  83.8  2.67  0.00
12  4 338 22.25  2.64  0.00  0.00 289.3   0.0   0.0  1.78  49.5  88.6  2.67  0.00
12  4 338 22.50  2.64  0.00  0.00 287.1   0.0   0.0  1.91  53.3  94.8  2.75  0.00
12  4 338 22.75  2.64  0.00  0.00 292.2   0.0   0.0  1.88  52.4  93.4  2.73  0.00
12  4 338 23.00  2.64  0.00  0.00 279.5   0.0   0.0  1.73  48.3  86.4  2.68  0.00
12  4 338 23.25  2.64  0.00  0.00 284.5   0.0   0.0  1.90  53.0  94.8  2.69  0.00
12  4 338 23.50  2.56  0.00  0.00 269.2   0.0   0.0  1.51  44.7  78.9  2.84  0.00
12  4 338 23.75  2.56  0.00  0.00 282.0   0.0   0.0  1.91  56.4  99.6  2.86  0.00
