mo da yda  time  FoF2  FoF1   FoE  HmF2  HmF1   HmE   Tec  HTop    B0    B1    D1
12 15 349  0.00  0.00  0.00  0.00   0.0   0.0   0.0  0.00   0.0   0.0  0.00  0.00
12 15 349  0.25  1.76  0.00  0.00 245.7   0.0   0.0  0.56  31.7  50.2  4.07  0.00
12 15 349  0.50  2.24  0.00  0.00 265.4   0.0   0.0  1.27  47.0  71.2  5.18  0.00
12 15 349  0.75  2.64  0.00  0.00 234.4   0.0   0.0  1.63  43.3  72.2  3.73  0.00
12 15 349  1.00  3.36  0.00  0.00 214.6   0.0   0.0  1.18  17.0  26.1  4.77  0.00
12 15 349  1.25  3.94  0.00  0.00 209.3   0.0   0.0  1.70  18.6  25.9  6.00  0.00
12 15 349  1.50  4.10  0.00  0.00 206.4   0.0   0.0  2.35  24.5  38.7  4.19  0.00
12 15 349  1.75  4.25  0.00  0.00 197.6   0.0   0.0  2.04  18.7  31.9  2.60  0.00
12 15 349  2.25  4.42  0.00  1.94 197.3   0.0 103.8  2.63  22.8  40.3  2.09  0.00
12 15 349  2.50  4.50  0.00  2.02 216.5   0.0 107.4  3.83  33.6  52.1  3.95  0.00
12 15 349  2.75  4.96  0.00  2.10 224.6   0.0 105.1  5.81  43.2  90.6  1.75  0.00
12 15 349  3.00  5.06  3.02  2.18 202.0 154.1 101.5  4.02  28.3  54.7  1.82  0.50
12 15 349  3.25  5.24  3.08  2.26 219.2 162.1 106.6  5.63  38.3  61.0  3.47  0.50
12 15 349  3.50  5.44  0.00  2.26 214.7   0.0 102.6  5.51  33.0  71.1  1.48  0.00
12 15 349  3.75  5.37  0.00  2.34 196.1   0.0 103.4  4.06  24.1  48.9  1.56  0.00
12 15 349  4.00  5.22  0.00  2.34 207.1   0.0 104.6  4.74  30.5  59.9  1.74  0.00
12 15 349  4.25  5.54  0.00  2.34 210.8   0.0 103.8  5.28  30.2  61.4  1.60  0.00
12 15 349  4.50  5.30  3.24  2.34 204.2 156.9 102.6  4.69  30.4  53.2  2.26  0.50
12 15 349  4.75  5.48  3.32  2.42 223.5 159.6 104.0  6.74  42.0  73.9  2.59  0.50
12 15 349  5.00  5.30  0.00  2.42 195.8   0.0 104.4  3.95  23.9  49.9  1.38  0.00
12 15 349  5.25  5.20  0.00  0.00 201.0   0.0   0.0  4.40  28.2  61.4  1.40  0.00
12 15 349  5.50  5.60  0.00  2.42 221.2   0.0 106.1  6.72  38.6  88.4  1.45  0.00
12 15 349  5.75  6.10  3.64  2.34 212.1 166.5 105.3  5.53  26.4  50.0  1.73  0.57
12 15 349  6.00  5.94  3.08  2.34 200.6 153.8 110.2  4.89  25.1  45.3  2.08  0.53
12 15 349  6.25  5.21  0.00  2.34 197.3   0.0 108.6  4.17  26.8  52.0  1.87  0.00
12 15 349  6.50  4.96  0.00  2.26 225.9   0.0 106.3  6.05  44.9  92.1  1.81  0.00
12 15 349  6.75  5.22  0.00  2.26 213.3   0.0 110.5  4.30  27.0  56.6  1.49  0.00
12 15 349  7.00  5.12  0.00  2.18 212.5   0.0 107.9  5.13  35.3  67.1  2.05  0.00
12 15 349  7.25  5.08  0.00  2.10 233.2   0.0 109.6  6.28  44.8  84.7  2.20  0.00
12 15 349  7.50  4.98  0.00  1.94 218.5   0.0 108.0  4.22  30.2  54.4  2.24  0.00
12 15 349  7.75  5.56  0.00  0.00 238.2   0.0   0.0  6.43  38.0  68.0  2.56  0.00
12 15 349  8.00  4.98  0.00  1.78 202.9   0.0 104.3  2.87  19.6  36.0  2.00  0.00
12 15 349  8.25  4.82  0.00  1.62 211.8   0.0 101.2  3.37  26.0  40.9  3.86  0.00
12 15 349  8.50  4.56  0.00  0.00 243.3   0.0   0.0  4.87  43.1 105.3  1.36  0.00
12 15 349  8.75  4.25  0.00  0.00 216.9   0.0   0.0  2.20  21.2  39.1  2.36  0.00
12 15 349  9.00  4.02  0.00  0.00 216.5   0.0   0.0  2.18  24.8  39.1  4.61  0.00
12 15 349  9.25  3.20  0.00  0.00 233.0   0.0   0.0  2.21  40.3  76.2  2.71  0.00
12 15 349  9.50  2.90  0.00  0.00 224.5   0.0   0.0  0.98  21.1  30.2  6.00  0.00
12 15 349  9.75  2.89  0.00  0.00 255.3   0.0   0.0  1.91  42.8  92.2  1.72  0.00
12 15 349 10.00  2.96  0.00  0.00 273.9   0.0   0.0  1.78  39.3  63.7  4.03  0.00
12 15 349 10.25  2.96  0.00  0.00 247.6   0.0   0.0  1.17  25.6  43.1  3.35  0.00
12 15 349 10.50  3.04  0.00  0.00 234.4   0.0   0.0  1.06  22.0  38.4  2.87  0.00
12 15 349 10.75  2.72  0.00  0.00 253.0   0.0   0.0  1.47  38.5  69.1  2.63  0.00
12 15 349 11.00  0.00  0.00  0.00   0.0   0.0   0.0  0.00   0.0   0.0  0.00  0.00
12 15 349 11.25  2.08  0.00  0.00 266.4   0.0   0.0  0.75  33.0  58.9  2.69  0.00
12 15 349 11.50  2.08  0.00  0.00 266.5   0.0   0.0  0.82  36.1  64.4  2.71  0.00
12 15 349 11.75  2.00  0.00  0.00 303.7   0.0   0.0  1.02  49.1  87.1  2.77  0.00
12 15 349 12.00  1.92  0.00  0.00 314.9   0.0   0.0  1.04  54.1  96.0  2.77  0.00
12 15 349 12.25  2.08  0.00  0.00 298.8   0.0   0.0  1.01  44.7  79.5  2.74  0.00
12 15 349 12.50  2.24  0.00  0.00 296.0   0.0   0.0  1.07  41.0  73.6  2.64  0.00
12 15 349 12.75  2.32  0.00  0.00 297.1   0.0   0.0  1.50  54.1  96.2  2.74  0.00
12 15 349 13.00  2.40  0.00  0.00 297.6   0.0   0.0  1.47  49.4  88.4  2.68  0.00
12 15 349 13.25  2.32  0.00  0.00 289.3   0.0   0.0  1.25  44.7  80.0  2.68  0.00
12 15 349 13.50  2.40  0.00  0.00 268.5   0.0   0.0  1.14  38.1  68.2  2.65  0.00
12 15 349 13.75  2.40  0.00  0.00 275.3   0.0   0.0  1.21  40.5  72.7  2.64  0.00
12 15 349 14.00  2.32  0.00  0.00 274.4   0.0   0.0  1.11  39.6  70.9  2.67  0.00
12 15 349 14.25  2.32  0.00  0.00 296.3   0.0   0.0  1.39  50.0  89.0  2.73  0.00
12 15 349 14.50  2.24  0.00  0.00 298.7   0.0   0.0  0.94  35.8  54.8  5.13  0.00
12 15 349 14.75  2.40  0.00  0.00 297.2   0.0   0.0  1.08  36.2  57.4  4.32  0.00
12 15 349 15.00  2.48  0.00  0.00 286.0   0.0   0.0  1.23  38.4  69.2  2.59  0.00
12 15 349 15.25  2.64  0.00  0.00 280.1   0.0   0.0  1.07  29.3  52.7  2.56  0.00
12 15 349 15.50  2.88  0.00  0.00 283.6   0.0   0.0  1.47  34.0  60.3  2.74  0.00
12 15 349 15.75  2.96  0.00  0.00 280.8   0.0   0.0  1.51  33.1  58.3  2.81  0.00
12 15 349 16.00  2.88  0.00  0.00 291.2   0.0   0.0  1.85  43.2  78.1  2.55  0.00
12 15 349 16.25  2.96  0.00  0.00 293.6   0.0   0.0  1.71  38.0  61.9  3.94  0.00
12 15 349 16.50  2.96  0.00  0.00 269.6   0.0   0.0  1.11  24.1  43.5  2.47  0.00
12 15 349 16.75  3.04  0.00  0.00 274.6   0.0   0.0  1.43  29.9  50.8  3.21  0.00
12 15 349 17.00  2.96  0.00  0.00 260.3   0.0   0.0  1.34  29.5  51.1  2.91  0.00
12 15 349 17.25  2.88  0.00  0.00 281.4   0.0   0.0  1.72  40.0  72.3  2.54  0.00
12 15 349 17.50  2.96  0.00  0.00 300.4   0.0   0.0  2.40  54.2  81.0  6.00  0.00
12 15 349 17.75  2.96  0.00  0.00 283.1   0.0   0.0  1.18  25.6  45.6  2.60  0.00
12 15 349 18.00  3.04  0.00  0.00 284.2   0.0   0.0  1.31  26.9  48.2  2.53  0.00
12 15 349 18.25  3.04  0.00  0.00 279.1   0.0   0.0  1.33  27.4  49.4  2.51  0.00
12 15 349 18.50  2.88  0.00  0.00 270.3   0.0   0.0  1.11  25.4  45.6  2.50  0.00
12 15 349 18.75  2.88  0.00  0.00 271.4   0.0   0.0  1.01  22.9  42.5  2.31  0.00
12 15 349 19.00  2.80  0.00  0.00 286.9   0.0   0.0  1.32  32.1  56.7  2.74  0.00
12 15 349 19.25  2.80  0.00  0.00 281.7   0.0   0.0  1.20  29.5  49.6  3.30  0.00
12 15 349 19.50  2.88  0.00  0.00 284.4   0.0   0.0  1.31  30.1  54.5  2.54  0.00
12 15 349 19.75  2.88  0.00  0.00 273.7   0.0   0.0  1.26  28.8  55.3  2.10  0.00
12 15 349 20.00  2.88  0.00  0.00 280.5   0.0   0.0  1.17  26.8  49.3  2.40  0.00
12 15 349 20.25  2.80  0.00  0.00 270.6   0.0   0.0  1.03  25.1  41.0  3.76  0.00
12 15 349 20.50  2.80  0.00  0.00 262.7   0.0   0.0  1.15  28.4  47.2  3.57  0.00
12 15 349 20.75  2.64  0.00  0.00 273.4   0.0   0.0  1.38  38.1  68.8  2.57  0.00
12 15 349 21.00  2.56  0.00  0.00 262.0   0.0   0.0  0.96  27.9  48.5  3.00  0.00
12 15 349 21.25  2.56  0.00  0.00 265.7   0.0   0.0  0.87  25.3  41.6  3.64  0.00
12 15 349 21.50  2.40  0.00  0.00 287.7   0.0   0.0  1.23  41.1  73.7  2.65  0.00
12 15 349 21.75  2.32  0.00  0.00 281.6   0.0   0.0  0.89  31.8  50.9  4.15  0.00
12 15 349 22.00  2.16  0.00  0.00 271.5   0.0   0.0  0.69  27.8  48.9  2.77  0.00
12 15 349 22.25  2.00  0.00  0.00 296.5   0.0   0.0  1.04  50.2  88.7  2.84  0.00
12 15 349 22.50  1.92  0.00  0.00 315.3   0.0   0.0  1.09  58.0  83.9  6.00  0.00
12 15 349 22.75  1.92  0.00  0.00 297.0   0.0   0.0  0.98  51.3  90.2  2.89  0.00
12 15 349 23.00  1.92  0.00  0.00 301.0   0.0   0.0  1.07  56.4  98.9  2.93  0.00
12 15 349 23.25  1.92  0.00  0.00 287.8   0.0   0.0  0.93  48.6  85.7  2.86  0.00
12 15 349 23.50  1.92  0.00  0.00 258.7   0.0   0.0  0.81  42.1  74.0  2.90  0.00
12 15 349 23.75  1.84  0.00  0.00 261.3   0.0   0.0  0.89  50.7  86.5  3.37  0.00
