mo da yda  time  FoF2  FoF1   FoE  HmF2  HmF1   HmE   Tec  HTop    B0    B1    D1
12  5 339  0.00  2.72  0.00  0.00 249.7   0.0   0.0  1.33  33.9  56.6  3.36  0.00
12  5 339  0.25  2.97  0.00  0.00 239.2   0.0   0.0  1.48  31.4  51.5  3.57  0.00
12  5 339  0.50  3.13  0.00  0.00 229.9   0.0   0.0  1.84  35.2  55.6  4.41  0.00
12  5 339  0.75  3.52  0.00  0.00 226.1   0.0   0.0  2.11  31.2  50.1  3.99  0.00
12  5 339  1.00  3.92  0.00  0.00 218.1   0.0   0.0  2.39  28.1  44.0  4.08  0.00
12  5 339  1.25  3.92  0.00  0.00 203.6   0.0   0.0  2.18  24.9  38.3  4.49  0.00
12  5 339  1.50  4.17  0.00  1.70 219.4   0.0 117.2  3.53  37.3  56.4  5.42  0.00
12  5 339  1.75  4.89  0.00  1.78 219.8   0.0 107.0  4.32  32.8  54.4  3.08  0.00
12  5 339  2.00  5.36  0.00  1.86 207.6   0.0 102.6  3.97  24.5  42.5  2.43  0.00
12  5 339  2.25  5.28  0.00  2.02 195.3   0.0 109.0  3.54  21.8  36.8  2.69  0.00
12  5 339  2.50  4.80  0.00  2.10 193.8   0.0 104.8  3.59  27.4  52.9  1.85  0.00
12  5 339  2.75  4.88  0.00  2.18 215.4   0.0 101.4  5.91  46.2  82.3  2.70  0.00
12  5 339  3.00  5.29  3.00  2.26 214.4 154.6 104.3  5.18  33.9  64.7  1.92  0.50
12  5 339  3.25  5.69  0.00  2.34 221.2   0.0 105.6  6.56  36.7  67.2  2.15  0.00
12  5 339  3.50  5.61  3.24  2.34 205.6 156.3 102.8  5.07  29.3  52.2  2.17  0.51
12  5 339  3.75  5.46  0.00  2.42 222.9   0.0 106.8  6.40  38.6  71.9  2.10  0.00
12  5 339  4.00  5.68  3.40  2.42 206.7 159.6 101.2  5.53  31.4  49.6  3.03  0.54
12  5 339  4.25  5.22  0.00  2.42 212.3   0.0 103.0  6.17  41.6  65.2  3.55  0.00
12  5 339  4.50  5.13  3.30  2.50 198.4 155.5 109.8  4.19  28.7  50.7  2.24  0.50
12  5 339  4.75  4.96  0.00  2.50 199.9   0.0 100.1  4.71  33.8  68.6  1.70  0.00
12  5 339  5.00  4.73  3.16  2.50 196.3 144.6 101.3  4.51  37.6  61.5  2.96  0.50
12  5 339  5.25  4.97  3.32  2.50 208.6 152.7 105.2  5.27  39.6  67.0  2.61  0.50
12  5 339  5.50  4.98  3.72  2.50 204.0 162.6 106.3  4.88  35.8  59.2  2.65  0.50
12  5 339  5.75  5.05  0.00  2.42 209.0   0.0 105.4  5.12  35.8  68.5  1.98  0.00
12  5 339  6.00  4.89  0.00  2.42 210.1   0.0 109.6  5.29  39.9  64.3  3.46  0.00
12  5 339  6.25  5.04  0.00  2.42 204.6   0.0 107.7  4.60  31.8  61.4  1.80  0.00
12  5 339  6.50  5.14  0.00  2.34 211.9   0.0 110.5  5.34  36.2  66.5  2.19  0.00
12  5 339  6.75  4.89  0.00  2.26 199.9   0.0 112.7  3.82  27.8  54.0  1.83  0.00
12  5 339  7.00  4.81  0.00  2.18 222.3   0.0 104.5  5.71  45.5  76.6  3.06  0.00
12  5 339  7.25  4.96  0.00  2.18 214.2   0.0 107.3  4.78  34.7  63.9  2.11  0.00
12  5 339  7.50  5.54  0.00  2.02 217.8   0.0 111.1  4.23  23.6  49.2  1.53  0.00
12  5 339  7.75  5.12  0.00  1.94 205.3   0.0 111.4  3.41  22.5  38.8  2.42  0.00
12  5 339  8.00  4.96  0.00  0.00 208.0   0.0   0.0  3.55  25.5  44.3  2.50  0.00
12  5 339  8.25  4.57  0.00  1.70 224.5   0.0 108.1  4.48  39.8  62.6  4.27  0.00
12  5 339  8.50  4.40  0.00  0.00 207.2   0.0   0.0  2.35  20.9  36.8  2.50  0.00
12  5 339  8.75  4.64  0.00  0.00 222.1   0.0   0.0  3.01  25.2  43.5  2.78  0.00
12  5 339  9.00  3.92  0.00  0.00 203.4   0.0   0.0  1.77  20.9  30.0  6.00  0.00
12  5 339  9.25  3.45  0.00  0.00 207.8   0.0   0.0  1.88  29.8  45.8  5.07  0.00
12  5 339  9.50  2.86  0.00  0.00 252.2   0.0   0.0  2.33  54.5 103.7  2.32  0.00
12  5 339  9.75  2.49  0.00  0.00 222.2   0.0   0.0  1.19  36.7  56.4  5.45  0.00
12  5 339 10.00  2.40  0.00  0.00 292.5   0.0   0.0  1.64  55.1  95.9  3.03  0.00
12  5 339 10.25  2.56  0.00  0.00 296.9   0.0   0.0  1.74  51.3  91.2  2.75  0.00
12  5 339 10.50  2.48  0.00  0.00 289.6   0.0   0.0  1.64  51.7  92.2  2.70  0.00
12  5 339 10.75  2.48  0.00  0.00 257.7   0.0   0.0  1.15  36.0  64.2  2.70  0.00
12  5 339 11.00  2.32  0.00  0.00 282.3   0.0   0.0  1.56  56.5 101.1  2.72  0.00
12  5 339 11.25  2.40  0.00  0.00 263.9   0.0   0.0  1.32  44.5  78.5  2.86  0.00
12  5 339 11.50  2.16  0.00  0.00 277.6   0.0   0.0  1.29  53.7  95.7  2.74  0.00
12  5 339 11.75  2.16  0.00  0.00 317.7   0.0   0.0  1.35  55.7  99.2  2.73  0.00
12  5 339 12.00  2.08  0.00  0.00 301.6   0.0   0.0  1.11  49.3  87.7  2.75  0.00
12  5 339 12.25  2.00  0.00  0.00 280.3   0.0   0.0  1.05  50.9  89.6  2.87  0.00
12  5 339 12.50  2.00  0.00  0.00 297.5   0.0   0.0  1.06  51.1  90.2  2.84  0.00
12  5 339 12.75  2.08  0.00  0.00 326.0   0.0   0.0  1.29  57.7 102.7  2.73  0.00
12  5 339 13.00  2.16  0.00  0.00 319.0   0.0   0.0  1.28  52.8  94.3  2.69  0.00
12  5 339 13.25  2.32  0.00  0.00 326.9   0.0   0.0  1.53  55.0  98.7  2.63  0.00
12  5 339 13.50  2.40  0.00  0.00 307.7   0.0   0.0  1.47  49.2  87.8  2.70  0.00
12  5 339 13.75  2.56  0.00  0.00 281.9   0.0   0.0  1.46  43.1  77.3  2.63  0.00
12  5 339 14.00  2.56  0.00  0.00 272.3   0.0   0.0  1.36  40.2  71.8  2.70  0.00
12  5 339 14.25  2.56  0.00  0.00 270.2   0.0   0.0  1.56  46.3  82.5  2.72  0.00
12  5 339 14.50  2.48  0.00  0.00 284.3   0.0   0.0  1.54  48.6  86.8  2.70  0.00
12  5 339 14.75  2.48  0.00  0.00 302.8   0.0   0.0  1.67  52.6  93.8  2.70  0.00
12  5 339 15.00  2.56  0.00  0.00 312.3   0.0   0.0  1.89  56.0  99.9  2.71  0.00
12  5 339 15.25  2.56  0.00  0.00 296.2   0.0   0.0  1.68  49.6  88.9  2.66  0.00
12  5 339 15.50  2.72  0.00  0.00 309.4   0.0   0.0  1.90  49.6  89.2  2.60  0.00
12  5 339 15.75  2.80  0.00  0.00 305.3   0.0   0.0  2.21  54.7  98.3  2.62  0.00
12  5 339 16.00  3.04  0.00  0.00 305.9   0.0   0.0  2.06  43.7  68.6  4.67  0.00
12  5 339 16.25  3.12  0.00  0.00 301.2   0.0   0.0  2.45  48.7  88.4  2.50  0.00
12  5 339 16.50  3.04  0.00  0.00 297.3   0.0   0.0  2.28  47.7  86.6  2.51  0.00
12  5 339 16.75  3.04  0.00  0.00 302.0   0.0   0.0  2.36  49.6  89.9  2.52  0.00
12  5 339 17.00  2.96  0.00  0.00 291.1   0.0   0.0  2.02  44.8  80.6  2.61  0.00
12  5 339 17.25  3.04  0.00  0.00 295.9   0.0   0.0  2.56  53.9  97.7  2.54  0.00
12  5 339 17.50  3.04  0.00  0.00 300.9   0.0   0.0  2.41  50.5  91.3  2.56  0.00
12  5 339 17.75  2.96  0.00  0.00 296.5   0.0   0.0  2.26  50.0  90.4  2.55  0.00
12  5 339 18.00  2.96  0.00  0.00 282.4   0.0   0.0  1.89  41.7  75.6  2.51  0.00
12  5 339 18.25  2.96  0.00  0.00 293.2   0.0   0.0  2.34  51.9  93.6  2.57  0.00
12  5 339 18.50  2.80  0.00  0.00 281.7   0.0   0.0  1.75  43.4  77.9  2.62  0.00
12  5 339 18.75  2.88  0.00  0.00 279.5   0.0   0.0  2.18  51.0  91.9  2.61  0.00
12  5 339 19.00  2.72  0.00  0.00 281.4   0.0   0.0  2.04  53.6  96.7  2.61  0.00
12  5 339 19.25  2.72  0.00  0.00 281.6   0.0   0.0  1.93  50.9  90.9  2.69  0.00
12  5 339 19.50  2.56  0.00  0.00 291.1   0.0   0.0  1.61  47.5  85.2  2.63  0.00
12  5 339 19.75  2.80  0.00  0.00 286.8   0.0   0.0  1.85  45.8  82.8  2.55  0.00
12  5 339 20.00  2.64  0.00  0.00 285.4   0.0   0.0  1.69  46.9  84.2  2.62  0.00
12  5 339 20.25  2.56  0.00  0.00 291.6   0.0   0.0  1.73  51.3  92.0  2.63  0.00
12  5 339 20.50  2.56  0.00  0.00 280.2   0.0   0.0  1.58  46.7  83.3  2.70  0.00
12  5 339 20.75  2.56  0.00  0.00 289.1   0.0   0.0  1.85  54.9  99.0  2.61  0.00
12  5 339 21.00  2.56  0.00  0.00 265.1   0.0   0.0  1.55  45.8  81.5  2.75  0.00
12  5 339 21.25  2.56  0.00  0.00 261.3   0.0   0.0  1.52  45.0  80.0  2.76  0.00
12  5 339 21.50  2.48  0.00  0.00 279.4   0.0   0.0  1.71  54.2  97.0  2.70  0.00
12  5 339 21.75  2.48  0.00  0.00 276.8   0.0   0.0  1.67  52.9  94.6  2.70  0.00
12  5 339 22.00  2.48  0.00  0.00 279.5   0.0   0.0  1.63  51.6  91.5  2.79  0.00
12  5 339 22.25  2.40  0.00  0.00 294.2   0.0   0.0  1.60  53.9  96.0  2.74  0.00
12  5 339 22.50  2.40  0.00  0.00 285.0   0.0   0.0  1.45  48.9  86.9  2.74  0.00
12  5 339 22.75  2.40  0.00  0.00 297.8   0.0   0.0  1.54  51.8  92.3  2.72  0.00
12  5 339 23.00  2.32  0.00  0.00 292.0   0.0   0.0  1.47  52.9  93.7  2.81  0.00
12  5 339 23.25  2.32  0.00  0.00 293.4   0.0   0.0  1.39  50.0  88.9  2.75  0.00
12  5 339 23.50  2.40  0.00  0.00 290.4   0.0   0.0  1.54  51.7  91.8  2.76  0.00
12  5 339 23.75  2.40  0.00  0.00 297.4   0.0   0.0  1.70  57.3  99.9  3.01  0.00
