mo da yda  time  FoF2  FoF1   FoE  HmF2  HmF1   HmE   Tec  HTop    B0    B1    D1
 2 11  42  0.00  2.48  0.00  0.00 304.6   0.0   0.0  2.39  75.4 111.5  6.00  0.00
 2 11  42  0.25  3.04  0.00  0.00 269.2   0.0   0.0  2.53  51.1  82.7  3.64  0.00
 2 11  42  0.50  3.68  0.00  0.00 245.4   0.0   0.0  2.57  33.7  67.0  1.73  0.00
 2 11  42  0.75  4.56  0.00  0.00 246.1   0.0   0.0  4.44  39.2  71.2  2.27  0.00
 2 11  42  1.00  5.20  0.00  0.00 235.3   0.0   0.0  4.91  33.2  55.4  2.95  0.00
 2 11  42  1.25  5.84  0.00  0.00 221.9   0.0   0.0  4.65  24.3  41.7  2.60  0.00
 2 11  42  1.50  5.92  0.00  0.00 210.5   0.0   0.0  4.97  25.7  41.4  3.38  0.00
 2 11  42  1.75  5.16  0.00  2.02 237.0   0.0 101.0  7.79  55.8 119.2  2.13  0.00
 2 11  42  2.00  5.69  3.40  2.10 226.6 174.8 102.3  6.14  35.1  54.5  3.39  0.50
 2 11  42  2.25  5.76  0.00  2.18 233.2   0.0 100.3  7.93  44.0  88.4  1.82  0.00
 2 11  42  2.50  6.09  3.40  2.26 236.7 167.2 101.8  8.19  41.2  74.6  2.23  0.50
 2 11  42  2.75  6.81  3.32  2.34 229.4 157.6 102.2  8.15  31.8  68.3  1.40  0.50
 2 11  42  3.00  6.40  3.64  0.00 211.0 167.1   0.0  6.16  27.3  45.4  2.61  0.54
 2 11  42  3.25  6.49  3.56  0.00 243.3 172.2   0.0  9.50  42.0  79.6  2.10  0.50
 2 11  42  3.50  7.36  3.80  2.50 230.7 167.8 101.1  7.90  25.1  54.9  1.11  1.00
 2 11  42  3.75  7.93  3.80  2.50 232.2 184.3 101.0  8.84  25.3  43.0  2.46  0.50
 2 11  42  4.00  7.69  3.72  2.58 228.2 162.2 102.6 11.24  35.4  60.7  2.54  0.68
 2 11  42  4.25  7.61  3.80  2.58 223.6 154.4 102.4 10.56  33.5  66.9  1.73  0.50
 2 11  42  4.50  7.29  3.80  2.58 215.1 172.0  99.7  7.76  26.6  39.8  3.77  0.50
 2 11  42  4.75  6.08  3.72  2.58 202.7 161.7 102.0  5.58  27.1  44.4  2.42  0.60
 2 11  42  5.00  6.01  3.72  2.58 219.7 153.1  99.4  8.30  43.1  78.2  2.22  0.50
 2 11  42  5.25  6.09  3.56  2.58 223.0 148.4  99.3  8.85  44.8  86.5  1.93  0.50
 2 11  42  5.50  5.69  3.80  2.58 203.2 156.5 101.2  5.76  32.4  56.4  2.13  0.52
 2 11  42  5.75  6.09  3.72  2.58 235.2 154.8 101.3  9.24  46.2 102.4  1.43  0.50
 2 11  42  6.00  6.32  3.72  2.58 223.8 160.5 103.7  7.86  35.8  69.8  1.72  0.50
 2 11  42  6.25  7.04  3.64  2.58 222.2 163.3 103.0  7.70  27.5  54.6  1.48  1.00
 2 11  42  6.50  6.81  3.72  2.58 209.4 159.5 101.2  7.01  27.3  49.7  1.90  0.60
 2 11  42  6.75  6.40  3.56  2.50 208.2 156.0 101.9  6.85  30.7  52.5  2.39  0.58
 2 11  42  7.00  6.08  3.56  0.00 207.1 163.0   0.0  5.53  26.8  45.4  2.31  0.60
 2 11  42  7.25  6.02  3.48  2.42 218.7 158.9 100.8  7.19  36.8  64.6  2.36  0.50
 2 11  42  7.50  5.78  3.26  2.42 217.3 162.9 106.4  6.37  35.4  55.3  3.77  0.50
 2 11  42  8.00  5.60  0.00  2.34 220.6   0.0 110.3  6.70  38.8  83.4  1.62  0.00
 2 11  42  8.25  5.52  0.00  2.26 204.2   0.0 103.3  4.81  27.8  56.4  1.55  0.00
 2 11  42  8.50  4.96  0.00  2.18 198.3   0.0 101.8  4.44  32.6  60.1  2.04  0.00
 2 11  42  8.75  5.12  0.00  2.10 204.0   0.0 107.2  4.41  30.0  59.3  1.82  0.00
 2 11  42  9.00  4.97  0.00  2.02 224.5   0.0 108.4  5.56  41.3  76.6  2.34  0.00
 2 11  42  9.10  5.20  0.00  1.94 223.8   0.0 102.5  5.01  32.8  73.6  1.39  0.00
 2 11  42  9.15  5.12  0.00  1.86 226.2   0.0 107.6  4.89  33.1  76.1  1.35  0.00
 2 11  42  9.20  5.13  0.00  1.86 221.9   0.0 107.5  3.69  24.0  49.0  1.63  0.00
 2 11  42  9.25  4.96  0.00  0.00 213.5   0.0   0.0  3.31  22.9  46.7  1.54  0.00
 2 11  42  9.30  4.80  0.00  0.00 208.2   0.0   0.0  3.39  25.7  52.2  1.60  0.00
 2 11  42  9.35  5.20  0.00  0.00 232.7   0.0   0.0  5.67  38.7  66.3  3.31  0.00
 2 11  42  9.40  5.16  0.00  0.00 230.5   0.0   0.0  5.16  35.6  60.9  3.08  0.00
 2 11  42  9.45  5.16  0.00  0.00 228.9   0.0   0.0  5.04  34.7  60.4  2.79  0.00
 2 11  42  9.50  5.12  0.00  0.00 221.1   0.0   0.0  4.18  28.6  52.9  2.20  0.00
 2 11  42  9.55  5.13  0.00  0.00 214.8   0.0   0.0  3.37  22.3  46.1  1.70  0.00
 2 11  42  9.60  5.04  0.00  0.00 208.8   0.0   0.0  3.01  20.5  40.2  1.70  0.00
 2 11  42  9.65  4.89  0.00  0.00 204.7   0.0   0.0  2.50  18.1  28.9  3.36  0.00
 2 11  42  9.70  4.82  0.00  0.00 210.0   0.0   0.0  3.06  23.6  36.8  4.36  0.00
 2 11  42  9.75  4.48  0.00  0.00 226.2   0.0   0.0  5.03  48.4  68.0  6.00  0.00
 2 11  42  9.80  4.25  0.00  0.00 221.3   0.0   0.0  3.21  32.9  46.7  6.00  0.00
 2 11  42  9.85  4.40  0.00  0.00 230.5   0.0   0.0  3.94  37.5  70.0  2.37  0.00
 2 11  42  9.90  4.48  0.00  0.00 231.0   0.0   0.0  3.72  33.9  64.8  2.08  0.00
 2 11  42  9.95  4.32  0.00  0.00 222.3   0.0   0.0  2.83  26.7  58.8  1.52  0.00
 2 11  42 10.00  4.24  0.00  0.00 241.9   0.0   0.0  4.60  49.0  72.1  5.91  0.00
 2 11  42 10.05  4.24  0.00  0.00 250.0   0.0   0.0  5.43  59.3  82.4  6.00  0.00
 2 11  42 10.10  4.40  0.00  0.00 241.9   0.0   0.0  4.00  38.6  68.4  2.77  0.00
 2 11  42 10.15  4.40  0.00  0.00 232.9   0.0   0.0  3.03  28.3  56.4  1.92  0.00
 2 11  42 10.20  4.24  0.00  0.00 232.2   0.0   0.0  2.87  29.1  53.9  2.22  0.00
 2 11  42 10.25  4.32  0.00  0.00 236.8   0.0   0.0  3.16  31.3  57.2  2.37  0.00
 2 11  42 10.30  4.24  0.00  0.00 232.7   0.0   0.0  2.71  27.6  50.4  2.33  0.00
 2 11  42 10.45  3.92  0.00  0.00 255.5   0.0   0.0  3.48  43.2  76.4  2.80  0.00
 2 11  42 10.50  3.84  0.00  0.00 263.4   0.0   0.0  3.64  47.4  83.2  2.91  0.00
 2 11  42 10.55  3.84  0.00  0.00 265.3   0.0   0.0  3.50  45.5  80.6  2.78  0.00
 2 11  42 10.60  3.84  0.00  0.00 272.9   0.0   0.0  3.73  49.5  71.3  6.00  0.00
 2 11  42 10.65  3.84  0.00  0.00 270.3   0.0   0.0  3.51  45.8  81.2  2.78  0.00
 2 11  42 10.70  3.84  0.00  0.00 266.6   0.0   0.0  3.42  44.7  79.0  2.82  0.00
 2 11  42 10.75  3.84  0.00  0.00 271.9   0.0   0.0  3.34  43.5  78.0  2.66  0.00
 2 11  42 10.80  3.84  0.00  0.00 268.5   0.0   0.0  3.41  44.6  79.7  2.68  0.00
 2 11  42 10.85  3.84  0.00  0.00 272.3   0.0   0.0  3.73  49.0  87.2  2.74  0.00
 2 11  42 10.90  3.84  0.00  0.00 281.8   0.0   0.0  3.39  44.3  79.9  2.58  0.00
 2 11  42 10.95  3.84  0.00  0.00 265.1   0.0   0.0  2.91  38.9  56.3  6.00  0.00
 2 11  42 11.00  3.84  0.00  0.00 273.1   0.0   0.0  3.00  39.2  71.0  2.55  0.00
 2 11  42 11.25  3.28  0.00  0.00 265.9   0.0   0.0  2.39  43.0  76.9  2.67  0.00
 2 11  42 11.50  3.04  0.00  0.00 296.1   0.0   0.0  2.24  46.9  84.6  2.57  0.00
 2 11  42 11.75  3.04  0.00  0.00 312.4   0.0   0.0  2.36  49.3  89.9  2.46  0.00
 2 11  42 12.00  3.04  0.00  0.00 304.5   0.0   0.0  2.20  46.2  83.9  2.49  0.00
 2 11  42 12.25  3.20  0.00  0.00 287.2   0.0   0.0  2.08  39.4  71.6  2.50  0.00
 2 11  42 12.50  3.20  0.00  0.00 269.5   0.0   0.0  1.99  37.7  68.6  2.48  0.00
 2 11  42 12.75  2.88  0.00  0.00 257.9   0.0   0.0  1.61  37.7  68.0  2.60  0.00
 2 11  42 13.00  2.40  0.00  0.00 282.6   0.0   0.0  1.40  47.0  84.4  2.63  0.00
 2 11  42 13.25  2.48  0.00  0.00 315.6   0.0   0.0  1.61  50.7  91.3  2.58  0.00
 2 11  42 13.50  2.40  0.00  0.00 302.7   0.0   0.0  1.34  45.0  81.1  2.60  0.00
 2 11  42 13.75  2.56  0.00  0.00 300.1   0.0   0.0  1.58  46.7  84.1  2.60  0.00
 2 11  42 14.00  2.40  0.00  0.00 316.7   0.0   0.0  1.60  53.8  96.8  2.61  0.00
 2 11  42 14.25  2.48  0.00  0.00 323.0   0.0   0.0  1.68  52.9  95.2  2.59  0.00
 2 11  42 14.50  2.88  0.00  0.00 306.7   0.0   0.0  1.83  42.6  77.2  2.52  0.00
 2 11  42 14.75  2.88  0.00  0.00 299.8   0.0   0.0  1.83  42.7  77.4  2.52  0.00
 2 11  42 15.00  3.04  0.00  0.00 299.8   0.0   0.0  2.10  44.1  80.0  2.51  0.00
 2 11  42 15.25  3.28  0.00  0.00 303.8   0.0   0.0  2.42  43.5  79.5  2.44  0.00
 2 11  42 15.50  3.28  0.00  0.00 300.3   0.0   0.0  2.54  45.7  83.5  2.44  0.00
 2 11  42 15.75  3.20  0.00  0.00 298.0   0.0   0.0  2.26  42.6  77.9  2.44  0.00
 2 11  42 16.00  3.20  0.00  0.00 304.0   0.0   0.0  2.05  38.6  70.6  2.44  0.00
 2 11  42 16.25  3.04  0.00  0.00 301.1   0.0   0.0  2.10  44.0  80.1  2.48  0.00
 2 11  42 16.50  2.96  0.00  0.00 310.0   0.0   0.0  1.89  41.6  75.8  2.47  0.00
 2 11  42 16.75  3.28  0.00  0.00 302.9   0.0   0.0  2.43  43.6  79.8  2.43  0.00
 2 11  42 17.00  3.12  0.00  0.00 313.1   0.0   0.0  2.53  50.3  91.9  2.45  0.00
 2 11  42 17.25  3.28  0.00  0.00 318.3   0.0   0.0  2.56  45.9  84.1  2.42  0.00
 2 11  42 17.50  3.20  0.00  0.00 310.2   0.0   0.0  2.32  43.7  80.0  2.42  0.00
 2 11  42 17.75  3.28  0.00  0.00 297.2   0.0   0.0  2.58  48.1  70.7  6.00  0.00
 2 11  42 18.00  3.28  0.00  0.00 315.2   0.0   0.0  2.51  45.1  82.6  2.42  0.00
 2 11  42 18.25  3.36  0.00  0.00 327.6   0.0   0.0  2.98  52.7  77.6  6.00  0.00
 2 11  42 18.50  3.28  0.00  0.00 326.0   0.0   0.0  3.02  56.3  82.3  6.00  0.00
 2 11  42 18.75  3.28  0.00  0.00 318.4   0.0   0.0  2.50  44.8  82.0  2.42  0.00
 2 11  42 19.00  3.20  0.00  0.00 323.3   0.0   0.0  2.77  54.1  79.0  6.00  0.00
 2 11  42 19.25  3.20  0.00  0.00 306.6   0.0   0.0  1.72  32.2  56.5  2.83  0.00
 2 11  42 19.50  3.28  0.00  0.00 309.9   0.0   0.0  1.84  33.0  56.8  2.99  0.00
 2 11  42 19.75  2.96  0.00  0.00 314.0   0.0   0.0  2.00  44.0  80.1  2.47  0.00
 2 11  42 20.00  3.20  0.00  0.00 304.9   0.0   0.0  2.29  43.2  79.1  2.42  0.00
 2 11  42 20.25  3.20  0.00  0.00 310.7   0.0   0.0  2.57  50.1  73.9  6.00  0.00
 2 11  42 20.50  2.96  0.00  0.00 287.5   0.0   0.0  1.86  41.0  74.6  2.49  0.00
 2 11  42 20.75  2.80  0.00  0.00 285.6   0.0   0.0  1.48  36.4  66.1  2.51  0.00
 2 11  42 21.00  2.88  0.00  0.00 285.6   0.0   0.0  1.74  40.7  73.7  2.52  0.00
 2 11  42 21.25  2.56  0.00  0.00 284.8   0.0   0.0  1.39  40.9  73.6  2.60  0.00
 2 11  42 21.50  2.56  0.00  0.00 283.4   0.0   0.0  1.22  35.7  64.7  2.54  0.00
 2 11  42 21.75  2.40  0.00  0.00 290.1   0.0   0.0  1.21  40.5  73.0  2.59  0.00
 2 11  42 22.00  2.56  0.00  0.00 294.4   0.0   0.0  1.39  40.8  73.9  2.54  0.00
 2 11  42 22.25  2.80  0.00  0.00 290.3   0.0   0.0  1.58  39.0  70.7  2.51  0.00
 2 11  42 22.50  2.80  0.00  0.00 290.5   0.0   0.0  1.68  41.4  74.9  2.54  0.00
 2 11  42 22.75  2.88  0.00  0.00 280.9   0.0   0.0  1.91  44.7  80.6  2.58  0.00
 2 11  42 23.00  2.72  0.00  0.00 260.3   0.0   0.0  1.30  33.7  60.9  2.57  0.00
 2 11  42 23.25  2.72  0.00  0.00 259.8   0.0   0.0  1.33  34.6  62.1  2.64  0.00
 2 11  42 23.50  2.64  0.00  0.00 259.0   0.0   0.0  1.39  38.1  67.0  2.89  0.00
 2 11  42 23.75  2.48  0.00  0.00 278.7   0.0   0.0  1.71  53.2  91.1  3.27  0.00
