mo da yda  time  FoF2  FoF1   FoE  HmF2  HmF1   HmE   Tec  HTop    B0    B1    D1
 2  6  37  0.00  2.08  0.00  0.00 263.3   0.0   0.0  1.10  47.5  79.6  3.62  0.00
 2  6  37  0.25  2.56  0.00  0.00 242.7   0.0   0.0  1.28  35.4  57.4  3.74  0.00
 2  6  37  0.50  3.04  0.00  0.00 216.8   0.0   0.0  1.43  27.2  48.9  2.48  0.00
 2  6  37  0.75  3.60  0.00  0.00 221.8   0.0   0.0  2.50  35.3  58.6  3.27  0.00
 2  6  37  1.00  3.92  0.00  0.00 219.3   0.0   0.0  3.00  35.5  61.0  2.79  0.00
 2  6  37  1.25  4.32  0.00  0.00 199.1   0.0   0.0  2.47  22.7  47.2  1.63  0.00
 2  6  37  1.50  4.40  0.00  0.00 197.4   0.0   0.0  2.87  25.9  51.1  1.87  0.00
 2  6  37  1.75  4.56  0.00  0.00 204.3   0.0   0.0  3.40  28.6  59.2  1.63  0.00
 2  6  37  2.00  4.64  0.00  0.00 204.5   0.0   0.0  3.85  31.8  62.4  1.89  0.00
 2  6  37  2.25  4.72  0.00  0.00 201.4   0.0   0.0  3.47  26.8  58.1  1.40  0.00
 2  6  37  2.50  4.88  0.00  0.00 208.4   0.0   0.0  4.65  35.1  69.4  1.86  0.00
 2  6  37  2.75  4.80  0.00  2.26 198.2   0.0 102.3  4.21  32.6  64.3  1.80  0.00
 2  6  37  3.00  4.64  0.00  0.00 201.5   0.0   0.0  4.25  35.2  73.8  1.73  0.00
 2  6  37  3.25  4.80  0.00  0.00 207.0   0.0   0.0  4.60  35.4  79.5  1.44  0.00
 2  6  37  3.50  4.98  3.62  0.00 212.0 179.8   0.0  3.92  27.6  45.7  2.13  0.50
 2  6  37  3.75  5.04  0.00  2.50 210.2   0.0  98.6  5.97  42.9  85.5  1.77  0.00
 2  6  37  4.00  5.04  0.00  2.50 204.6   0.0  97.7  5.28  37.2  84.5  1.34  0.00
 2  6  37  4.25  5.04  0.00  2.58 201.9   0.0 102.4  5.36  38.1  71.8  2.02  0.00
 2  6  37  4.50  0.00  0.00  2.58   0.0   0.0 101.2  0.00   0.0   0.0  0.00  0.00
 2  6  37  4.75  4.64  0.00  2.58 205.8   0.0 101.8  5.63  48.5  95.7  2.06  0.00
 2  6  37  5.00  4.92  3.91  0.00 211.8 175.0   0.0  5.03  37.8  62.8  2.13  0.50
 2  6  37  5.25  4.76  3.56  0.00 211.1 162.0   0.0  5.00  40.7  77.8  1.97  0.50
 2  6  37  5.50  5.24  3.80  0.00 219.4 177.0   0.0  5.34  34.8  57.4  1.99  0.58
 2  6  37  5.75  5.54  3.56  0.00 219.9 169.6   0.0  5.67  33.0  59.9  1.89  0.56
 2  6  37  6.00  5.22  3.56  0.00 208.9 166.2   0.0  4.74  31.1  56.1  1.90  0.50
 2  6  37  6.25  6.01  3.72  0.00 218.8 175.1   0.0  5.64  27.4  46.5  2.05  0.70
 2  6  37  6.50  5.96  3.64  2.50 220.1 179.4 103.3  5.22  25.6  48.2  1.70  0.50
 2  6  37  6.75  5.86  3.48  0.00 203.6 166.3   0.0  4.38  22.1  39.3  1.86  0.60
 2  6  37  7.00  5.54  3.56  0.00 209.2 167.6   0.0  5.00  29.4  47.2  2.64  0.50
 2  6  37  7.25  5.06  3.30  0.00 203.3 175.7   0.0  3.10  20.3  32.1  2.29  0.50
 2  6  37  7.50  5.16  0.00  0.00 217.6   0.0   0.0  5.64  38.1  76.2  1.82  0.00
 2  6  37  7.75  5.06  3.26  0.00 204.9 163.3   0.0  3.99  27.7  49.9  1.97  0.52
 2  6  37  8.00  5.04  0.00  0.00 203.9   0.0   0.0  4.06  27.7  61.0  1.37  0.00
 2  6  37  8.25  4.96  0.00  0.00 205.3   0.0   0.0  4.06  28.8  62.8  1.39  0.00
 2  6  37  8.50  5.04  0.00  0.00 197.3   0.0   0.0  3.18  21.0  45.9  1.28  0.00
 2  6  37  8.75  4.64  0.00  0.00 205.4   0.0   0.0  3.72  30.8  58.8  1.94  0.00
 2  6  37  9.00  4.64  0.00  0.00 194.6   0.0   0.0  2.80  22.3  46.3  1.59  0.00
 2  6  37  9.25  4.40  0.00  0.00 201.3   0.0   0.0  2.94  26.8  51.5  1.99  0.00
 2  6  37  9.50  4.32  0.00  0.00 201.0   0.0   0.0  2.33  21.6  41.6  1.86  0.00
 2  6  37  9.75  4.24  0.00  0.00 212.8   0.0   0.0  2.82  28.5  49.9  2.72  0.00
 2  6  37 10.00  3.84  0.00  0.00 213.0   0.0   0.0  2.11  26.0  43.8  3.16  0.00
 2  6  37 10.25  3.44  0.00  0.00 232.2   0.0   0.0  2.14  33.9  55.3  3.97  0.00
 2  6  37 10.50  3.36  0.00  0.00 264.6   0.0   0.0  2.56  43.2  76.3  2.83  0.00
 2  6  37 10.75  3.04  0.00  0.00 239.3   0.0   0.0  1.26  25.8  40.2  4.74  0.00
 2  6  37 11.00  2.80  0.00  0.00 249.2   0.0   0.0  1.02  24.8  37.6  5.22  0.00
 2  6  37 11.25  2.56  0.00  0.00 268.4   0.0   0.0  1.19  34.7  62.3  2.63  0.00
 2  6  37 11.50  2.40  0.00  0.00 261.4   0.0   0.0  0.98  32.8  58.9  2.63  0.00
 2  6  37 11.75  2.32  0.00  0.00 267.1   0.0   0.0  0.91  32.3  58.4  2.57  0.00
 2  6  37 12.00  0.00  0.00  0.00   0.0   0.0   0.0  0.00   0.0   0.0  0.00  0.00
 2  6  37 12.25  2.08  0.00  0.00 293.8   0.0   0.0  0.95  42.0  75.7  2.59  0.00
 2  6  37 12.50  2.16  0.00  0.00 294.3   0.0   0.0  1.01  41.7  75.1  2.60  0.00
 2  6  37 13.00  2.48  0.00  0.00 282.4   0.0   0.0  1.06  33.1  60.0  2.52  0.00
 2  6  37 13.25  2.64  0.00  0.00 264.6   0.0   0.0  1.20  33.2  60.1  2.53  0.00
 2  6  37 13.50  2.56  0.00  0.00 268.3   0.0   0.0  0.93  27.6  41.8  5.37  0.00
 2  6  37 13.75  2.48  0.00  0.00 294.6   0.0   0.0  1.20  37.4  67.8  2.52  0.00
 2  6  37 14.25  2.56  0.00  0.00 299.3   0.0   0.0  1.39  41.9  61.4  6.00  0.00
 2  6  37 14.50  2.96  0.00  0.00 307.1   0.0   0.0  1.75  39.3  61.2  4.85  0.00
 2  6  37 14.75  3.04  0.00  0.00 290.2   0.0   0.0  1.50  31.5  52.4  3.55  0.00
 2  6  37 15.00  3.12  0.00  0.00 281.0   0.0   0.0  1.27  24.9  44.0  2.74  0.00
 2  6  37 15.25  3.20  0.00  0.00 285.3   0.0   0.0  1.58  29.9  50.2  3.39  0.00
 2  6  37 15.50  3.20  0.00  0.00 287.7   0.0   0.0  1.63  31.0  49.8  4.06  0.00
 2  6  37 15.75  3.36  0.00  0.00 293.3   0.0   0.0  1.97  34.1  55.4  3.94  0.00
 2  6  37 16.00  3.28  0.00  0.00 275.7   0.0   0.0  1.52  27.5  46.0  3.43  0.00
 2  6  37 16.25  3.20  0.00  0.00 276.7   0.0   0.0  1.58  29.8  50.5  3.28  0.00
 2  6  37 16.50  3.12  0.00  0.00 289.2   0.0   0.0  1.98  39.4  71.8  2.46  0.00
 2  6  37 16.75  2.88  0.00  0.00 276.8   0.0   0.0  1.52  35.5  64.6  2.48  0.00
 2  6  37 17.00  2.88  0.00  0.00 263.3   0.0   0.0  1.07  25.0  40.4  3.99  0.00
 2  6  37 17.25  2.88  0.00  0.00 293.5   0.0   0.0  1.57  37.3  54.9  6.00  0.00
 2  6  37 17.50  2.96  0.00  0.00 291.6   0.0   0.0  1.26  27.8  44.8  3.98  0.00
 2  6  37 17.75  2.88  0.00  0.00 279.9   0.0   0.0  1.11  25.9  42.3  3.71  0.00
 2  6  37 18.00  2.88  0.00  0.00 289.6   0.0   0.0  1.38  32.4  50.8  4.58  0.00
 2  6  37 18.25  2.80  0.00  0.00 313.3   0.0   0.0  1.81  45.6  67.3  6.00  0.00
 2  6  37 18.50  2.64  0.00  0.00 275.0   0.0   0.0  0.89  24.4  39.5  3.87  0.00
 2  6  37 18.75  2.80  0.00  0.00 292.1   0.0   0.0  1.22  30.0  49.7  3.56  0.00
 2  6  37 19.00  2.72  0.00  0.00 284.5   0.0   0.0  0.98  25.3  41.2  3.74  0.00
 2  6  37 19.25  2.56  0.00  0.00 278.3   0.0   0.0  1.00  29.6  47.6  4.01  0.00
 2  6  37 19.50  2.48  0.00  0.00 293.7   0.0   0.0  1.14  35.4  64.2  2.52  0.00
 2  6  37 19.75  2.56  0.00  0.00 280.2   0.0   0.0  0.91  26.6  45.0  3.25  0.00
 2  6  37 20.00  2.56  0.00  0.00 271.9   0.0   0.0  0.90  26.1  47.4  2.48  0.00
 2  6  37 20.25  2.80  0.00  0.00 275.3   0.0   0.0  1.00  24.3  43.0  2.73  0.00
 2  6  37 20.50  3.20  0.00  0.00 278.3   0.0   0.0  1.60  30.4  51.2  3.35  0.00
 2  6  37 20.75  3.20  0.00  0.00 286.6   0.0   0.0  1.64  31.5  47.7  5.59  0.00
 2  6  37 21.00  3.36  0.00  0.00 270.3   0.0   0.0  1.59  27.8  41.2  6.00  0.00
 2  6  37 21.25  3.20  0.00  0.00 258.8   0.0   0.0  1.28  24.2  42.2  2.92  0.00
 2  6  37 21.50  3.12  0.00  0.00 273.8   0.0   0.0  1.48  29.6  46.9  4.42  0.00
 2  6  37 21.75  3.28  0.00  0.00 271.3   0.0   0.0  1.57  28.4  46.0  3.98  0.00
 2  6  37 22.00  3.12  0.00  0.00 254.4   0.0   0.0  1.17  23.4  38.5  3.73  0.00
 2  6  37 22.25  2.88  0.00  0.00 272.9   0.0   0.0  1.47  34.0  62.0  2.47  0.00
 2  6  37 22.50  3.04  0.00  0.00 289.0   0.0   0.0  1.39  28.8  50.6  2.71  0.00
 2  6  37 22.75  2.96  0.00  0.00 295.3   0.0   0.0  1.52  33.5  54.7  3.65  0.00
 2  6  37 23.00  2.96  0.00  0.00 302.9   0.0   0.0  2.25  51.0  75.0  6.00  0.00
 2  6  37 23.25  3.04  0.00  0.00 274.0   0.0   0.0  1.30  26.5  48.4  2.39  0.00
 2  6  37 23.50  2.88  0.00  0.00 275.0   0.0   0.0  1.71  40.4  59.3  6.00  0.00
 2  6  37 23.75  2.88  0.00  0.00 271.7   0.0   0.0  1.36  30.3  57.3  2.14  0.00
