mo da yda  time  FoF2  FoF1   FoE  HmF2  HmF1   HmE   Tec  HTop    B0    B1    D1
 3 24  84  0.00  4.57  2.58  1.94 213.9 158.7 104.3  3.80  33.5  58.1  2.51  0.50
 3 24  84  0.25  4.65  3.00  2.10 218.2 163.2 105.9  4.54  39.0  65.1  2.83  0.50
 3 24  84  0.50  4.89  3.24  2.18 219.4 167.6 102.9  4.86  37.4  63.3  2.53  0.50
 3 24  84  0.75  5.14  3.40  2.26 212.1 164.5 103.0  4.92  33.9  58.6  2.24  0.50
 3 24  84  1.00  5.29  3.48  2.34 211.2 166.7 102.6  4.86  31.3  54.5  2.14  0.50
 3 24  84  1.25  5.22  3.56  2.42 217.1 165.3 103.6  5.95  40.8  62.6  3.40  0.50
 3 24  84  1.50  5.22  3.64  2.50 219.2 160.1 102.1  6.60  45.5  75.8  2.63  0.50
 3 24  84  1.75  5.38  3.72  2.58 219.6 161.1 102.3  6.72  43.1  76.5  2.14  0.50
 3 24  84  2.00  5.54  3.88  2.66 221.3 164.3 102.5  7.13  43.0  76.3  2.07  0.50
 3 24  84  2.25  5.77  3.96  2.74 220.8 163.9 103.5  7.63  42.4  72.3  2.25  0.55
 3 24  84  2.50  5.72  3.96  2.74 227.5 161.3 103.3  9.10  52.9  80.1  3.46  0.58
 3 24  84  2.75  5.70  4.04  2.82 227.0 166.9 101.7  8.36  48.1  78.8  2.59  0.50
 3 24  84  3.00  5.70  4.04  2.82 226.2 158.4 100.6  9.16  53.6  89.8  2.65  0.50
 3 24  84  3.25  6.01  4.12  2.82 233.1 166.8 102.9  9.23  47.4  85.0  1.98  0.60
 3 24  84  3.50  6.10  4.12  2.90 220.7 162.8 102.0  8.27  40.7  67.8  2.12  1.00
 3 24  84  3.75  6.02  4.12  2.90 216.4 161.1 100.9  7.95  40.3  67.4  2.12  1.00
 3 24  84  4.00  6.01  4.12  2.90 224.8 161.1 101.3  8.85  45.4  80.3  2.02  0.59
 3 24  84  4.25  6.33  4.12  2.90 223.1 161.6  99.0  8.99  41.2  69.3  2.16  1.00
 3 24  84  4.50  6.17  4.12  2.90 218.6 162.6  99.8  8.26  39.8  65.6  2.24  1.00
 3 24  84  4.75  6.17  4.12  2.90 217.9 162.4 100.1  8.00  38.3  65.0  2.02  1.00
 3 24  84  5.00  6.01  4.12  2.98 218.8 158.9 102.1  8.40  43.0  73.3  2.14  0.67
 3 24  84  5.25  6.04  4.20  2.98 234.4 162.6 100.9 10.63  55.1  89.8  2.65  0.57
 3 24  84  5.50  5.94  4.20  2.98 226.1 161.6 100.8  9.48  50.5  84.2  2.37  0.57
 3 24  84  5.75  5.96  4.20  2.98 237.1 160.8 102.1 11.26  60.6  97.1  2.92  0.55
 3 24  84  6.00  5.96  4.20  2.98 235.4 160.8 100.7 10.77  57.5  96.5  2.44  0.59
 3 24  84  6.50  6.10  4.12  2.90 226.6 162.4 101.4  9.10  45.3  78.7  2.08  0.70
 3 24  84  6.75  6.02  4.01  2.90 223.7 158.2 101.9  8.61  43.9  77.6  2.04  0.70
 3 24  84  7.00  5.85  4.02  2.82 218.7 160.9 100.3  7.63  40.9  73.7  1.81  0.60
 3 24  84  7.25  6.01  3.96  2.82 223.7 161.9 101.2  8.19  41.7  72.7  2.05  0.70
 3 24  84  7.50  5.85  3.96  2.82 218.4 162.1 102.5  7.44  39.9  72.2  1.87  0.60
 3 24  84  7.75  5.85  3.96  2.74 217.7 163.2 102.0  7.36  39.5  67.1  2.18  0.60
 3 24  84  8.00  5.70  3.77  2.74 217.5 159.4 102.6  7.19  40.9  67.9  2.44  0.60
 3 24  84  8.25  5.54  3.80  2.66 220.1 161.8 100.7  7.18  43.5  73.1  2.37  0.50
 3 24  84  8.50  5.54  3.72  2.58 225.0 162.2 102.7  7.71  47.3  75.2  3.02  0.50
 3 24  84  8.75  5.38  3.64  2.50 220.4 164.6 100.7  6.63  42.7  67.8  2.93  0.50
 3 24  84  9.00  5.22  3.48  2.42 213.4 161.8 101.2  5.54  37.5  64.3  2.37  0.50
 3 24  84  9.25  5.06  3.32  2.34 221.5 159.4 101.7  6.11  44.8  74.3  2.83  0.50
 3 24  84  9.50  5.14  0.00  2.26 234.0   0.0 103.1  6.94  48.7  78.0  3.24  0.00
 3 24  84  9.75  5.13  0.00  2.18 225.5   0.0 103.3  5.36  36.4  71.5  1.79  0.00
 3 24  84 10.00  5.13  0.00  2.10 228.6   0.0 107.5  5.04  34.1  61.5  2.17  0.00
 3 24  84 10.25  5.13  0.00  2.02 234.9   0.0 111.4  5.64  39.0  68.8  2.43  0.00
 3 24  84 10.50  5.13  0.00  1.86 236.4   0.0 111.1  5.18  35.6  63.6  2.37  0.00
 3 24  84 10.75  5.13  0.00  1.70 238.5   0.0 108.4  5.07  35.2  60.7  2.67  0.00
 3 24  84 11.00  5.05  0.00  1.62 239.5   0.0 105.9  5.05  36.4  62.1  2.82  0.00
 3 24  84 11.25  5.13  0.00  0.00 244.8   0.0   0.0  4.50  31.7  53.3  3.11  0.00
 3 24  84 11.50  4.89  0.00  1.22 238.4   0.0 102.2  3.84  29.8  50.2  3.08  0.00
 3 24  84 11.75  4.66  0.00  0.00 261.6   0.0   0.0  4.56  40.7  64.2  4.43  0.00
 3 24  84 12.00  4.48  0.00  0.00 278.7   0.0   0.0  4.99  48.1  86.6  2.59  0.00
 3 24  84 12.25  4.48  0.00  0.00 294.1   0.0   0.0  5.31  51.2  93.1  2.50  0.00
 3 24  84 12.50  4.48  0.00  0.00 274.5   0.0   0.0  3.45  33.3  56.3  3.21  0.00
 3 24  84 12.75  4.32  0.00  0.00 289.8   0.0   0.0  4.80  51.2  77.2  5.99  0.00
 3 24  84 13.00  4.24  0.00  0.00 301.1   0.0   0.0  4.57  49.4  90.5  2.42  0.00
 3 24  84 13.25  4.16  0.00  0.00 305.2   0.0   0.0  4.53  50.8  93.1  2.42  0.00
 3 24  84 13.50  4.00  0.00  0.00 296.8   0.0   0.0  4.03  48.8  89.3  2.43  0.00
 3 24  84 13.75  4.00  0.00  0.00 304.1   0.0   0.0  3.76  45.5  83.5  2.39  0.00
 3 24  84 14.00  3.92  0.00  0.00 305.4   0.0   0.0  3.65  46.0  84.4  2.39  0.00
 3 24  84 14.25  3.84  0.00  0.00 296.4   0.0   0.0  3.20  41.9  77.1  2.38  0.00
 3 24  84 14.50  3.84  0.00  0.00 308.4   0.0   0.0  3.57  46.9  86.0  2.40  0.00
 3 24  84 14.75  3.76  0.00  0.00 298.9   0.0   0.0  3.30  45.3  83.0  2.40  0.00
 3 24  84 15.00  3.68  0.00  0.00 289.4   0.0   0.0  2.90  41.4  75.9  2.40  0.00
 3 24  84 15.25  3.60  0.00  0.00 291.8   0.0   0.0  2.93  43.8  80.0  2.43  0.00
 3 24  84 15.50  3.44  0.00  0.00 290.2   0.0   0.0  2.66  43.6  79.7  2.44  0.00
 3 24  84 15.75  3.36  0.00  0.00 297.5   0.0   0.0  2.77  47.5  86.7  2.46  0.00
 3 24  84 16.00  3.28  0.00  0.00 285.1   0.0   0.0  2.45  45.6  67.1  6.00  0.00
 3 24  84 16.25  3.28  0.00  0.00 299.0   0.0   0.0  2.59  46.7  85.0  2.47  0.00
 3 24  84 16.50  3.12  0.00  0.00 283.7   0.0   0.0  2.06  40.8  74.6  2.44  0.00
 3 24  84 16.75  2.96  0.00  0.00 291.4   0.0   0.0  2.26  50.2  90.9  2.53  0.00
 3 24  84 17.00  2.88  0.00  0.00 297.1   0.0   0.0  1.99  46.5  84.2  2.53  0.00
 3 24  84 17.25  2.88  0.00  0.00 298.1   0.0   0.0  1.82  42.4  77.2  2.49  0.00
 3 24  84 17.50  2.80  0.00  0.00 293.5   0.0   0.0  1.90  46.9  85.0  2.52  0.00
 3 24  84 18.00  2.88  0.00  0.00 297.4   0.0   0.0  1.84  43.0  78.1  2.49  0.00
 3 24  84 18.25  2.80  0.00  0.00 299.5   0.0   0.0  2.10  52.1  94.2  2.55  0.00
 3 24  84 18.50  2.72  0.00  0.00 287.9   0.0   0.0  1.63  42.5  77.2  2.49  0.00
 3 24  84 18.75  2.80  0.00  0.00 301.2   0.0   0.0  2.12  52.6  95.0  2.56  0.00
 3 24  84 19.00  2.80  0.00  0.00 298.4   0.0   0.0  2.07  51.3  92.7  2.56  0.00
 3 24  84 19.25  2.72  0.00  0.00 295.9   0.0   0.0  1.66  43.3  78.6  2.52  0.00
 3 24  84 19.50  2.72  0.00  0.00 293.8   0.0   0.0  1.57  40.8  74.2  2.50  0.00
 3 24  84 19.75  2.72  0.00  0.00 313.8   0.0   0.0  1.85  48.3  87.6  2.52  0.00
 3 24  84 20.00  2.72  0.00  0.00 302.6   0.0   0.0  1.69  44.1  80.3  2.48  0.00
 3 24  84 20.25  2.72  0.00  0.00 288.7   0.0   0.0  1.33  34.6  60.7  2.87  0.00
 3 24  84 20.50  2.72  0.00  0.00 304.9   0.0   0.0  1.93  50.5  91.3  2.55  0.00
 3 24  84 20.75  2.72  0.00  0.00 289.7   0.0   0.0  1.68  43.8  79.8  2.48  0.00
 3 24  84 21.00  2.80  0.00  0.00 297.6   0.0   0.0  1.95  48.2  87.2  2.53  0.00
 3 24  84 21.25  2.80  0.00  0.00 301.4   0.0   0.0  2.08  51.6  93.1  2.58  0.00
 3 24  84 21.50  2.88  0.00  0.00 301.1   0.0   0.0  2.28  53.4  96.1  2.60  0.00
 3 24  84 21.75  2.88  0.00  0.00 279.0   0.0   0.0  1.92  44.7  80.1  2.66  0.00
 3 24  84 22.00  2.80  0.00  0.00 279.7   0.0   0.0  2.12  52.4  92.0  2.92  0.00
 3 24  84 22.25  2.89  0.00  0.00 260.6   0.0   0.0  1.91  43.5  74.2  3.09  0.00
 3 24  84 22.50  3.13  0.00  0.00 255.8   0.0   0.0  1.71  32.4  49.6  4.79  0.00
 3 24  84 22.75  3.44  0.00  0.00 238.3   0.0   0.0  1.89  28.7  43.2  4.97  0.00
 3 24  84 23.00  3.92  0.00  0.00 229.8   0.0   0.0  2.36  27.3  43.6  3.59  0.00
 3 24  84 23.25  4.32  0.00  1.54 220.9   0.0 109.3  2.89  27.6  41.5  4.62  0.00
 3 24  84 23.50  4.32  0.00  1.70 216.4   0.0 110.3  2.90  26.9  49.1  2.20  0.00
 3 24  84 23.75  4.58  2.64  1.86 220.1 169.3 109.1  3.98  35.4  52.6  4.42  0.50
