mo da yda  time  FoF2  FoF1   FoE  HmF2  HmF1   HmE   Tec  HTop    B0    B1    D1
 3 18  78  0.00  3.85  0.00  1.86 199.4   0.0 104.3  2.39  27.7  51.6  1.84  0.00
 3 18  78  0.25  4.08  0.00  1.94 209.7   0.0 107.2  3.40  36.6  64.8  2.46  0.00
 3 18  78  0.50  4.18  3.16  2.02 212.0 166.4 102.8  3.85  41.2  64.3  3.20  0.50
 3 18  78  0.75  4.33  2.89  2.18 207.9 152.8 101.6  3.88  38.1  66.7  2.29  0.50
 3 18  78  1.00  4.28  3.38  2.26 225.7 164.4 102.8  5.57  58.7  95.6  3.54  0.50
 3 18  78  1.25  4.68  3.56  2.34 219.2 169.1 102.1  5.29  45.1  74.6  2.56  0.50
 3 18  78  1.50  4.89  3.56  0.00 214.9 168.3   0.0  5.11  39.3  63.3  2.65  0.50
 3 18  78  1.75  4.60  3.62  2.50 208.2 157.2 101.5  5.36  48.2  76.7  3.19  0.50
 3 18  78  2.00  4.68  3.90  0.00 233.1 168.7   0.0  7.32  64.4 122.1  2.38  0.00
 3 18  78  2.25  4.98  3.80  2.66 216.2 163.6 102.4  6.25  47.1  77.6  2.32  0.50
 3 18  78  2.75  5.22  3.91  0.00 224.0 167.5   0.0  7.18  49.4  81.9  2.44  0.50
 3 18  78  3.00  5.30  3.88  0.00 223.0 157.7   0.0  7.75  52.3  91.1  2.41  0.50
 3 18  78  3.25  5.16  3.96  2.82 235.4 157.6 102.6  9.28  67.3 117.7  2.53  0.50
 3 18  78  3.50  5.30  3.96  2.82 227.0 163.4 101.5  8.03  53.7  90.1  2.10  1.00
 3 18  78  3.75  5.46  4.04  0.00 222.5 163.9   0.0  7.76  48.7  82.1  2.19  0.67
 3 18  78  4.00  5.61  4.12  0.00 228.1 171.2   0.0  7.94  46.5  82.2  1.87  0.60
 3 18  78  4.25  5.64  4.04  0.00 242.0 167.2   0.0 10.12  60.5  96.2  2.86  0.67
 3 18  78  4.50  5.85  4.04  0.00 235.9 165.4   0.0  9.28  50.4  88.6  2.05  1.00
 3 18  78  4.75  5.85  4.12  0.00 234.0 174.2   0.0  8.77  47.5  76.8  2.52  0.56
 3 18  78  5.00  5.93  4.04  0.00 229.8 170.5   0.0  8.16  42.2  72.2  2.00  1.00
 3 18  78  5.25  6.01  4.04  2.90 224.8 163.4 101.8  8.39  42.5  73.0  1.99  1.00
 3 18  78  5.50  5.77  4.12  2.98 225.4 164.8 104.8  8.49  47.4  82.7  2.02  0.59
 3 18  78  5.75  5.93  4.04  2.98 226.5 157.0 101.7  9.06  47.8  83.5  2.03  1.00
 3 18  78  6.00  6.17  4.04  2.90 218.4 163.8 102.2  7.69  36.6  62.0  1.98  1.00
 3 18  78  6.25  5.85  3.96  2.90 217.6 165.9 105.1  7.24  38.6  61.4  2.40  1.00
 3 18  78  6.75  5.54  3.96  2.82 216.9 161.0 104.8  7.49  45.7  72.5  2.74  0.55
 3 18  78  7.00  5.29  3.88  2.82 208.8 158.5 104.3  6.28  41.6  70.7  2.20  0.50
 3 18  78  7.25  5.21  3.88  2.82 207.0 158.7 104.5  5.97  40.6  71.0  2.00  0.50
 3 18  78  7.50  5.30  3.88  2.74 219.6 159.2 102.4  7.40  49.7  81.1  2.57  0.52
 3 18  78  7.75  5.13  3.72  2.74 207.7 155.9 103.1  5.93  41.8  70.3  2.28  0.54
 3 18  78  8.00  5.13  3.72  2.66 209.2 159.4 104.5  5.73  40.2  68.1  2.21  0.53
 3 18  78  8.25  5.13  3.64  2.66 208.9 155.2 103.7  5.85  41.3  71.9  2.25  0.50
 3 18  78  8.50  4.89  3.44  2.58 200.9 150.0 102.7  5.00  38.8  65.0  2.49  0.50
 3 18  78  8.75  4.89  3.30  2.50 208.8 149.1 104.8  5.34  41.7  73.6  2.34  0.50
 3 18  78  9.00  4.89  3.16  2.42 215.9 149.7 101.9  5.64  44.1  79.3  2.27  0.50
 3 18  78  9.25  4.81  3.08  2.34 211.3 153.6 102.2  4.68  37.0  69.6  1.95  0.50
 3 18  78  9.50  4.88  0.00  2.26 219.7   0.0 104.2  4.69  34.7  67.1  1.79  0.00
 3 18  78  9.75  4.80  0.00  2.18 221.1   0.0 103.7  4.50  34.3  65.2  1.86  0.00
 3 18  78 10.00  4.88  0.00  0.00 223.7   0.0   0.0  4.69  35.1  68.9  1.79  0.00
 3 18  78 10.25  4.89  0.00  1.94 225.6   0.0 114.9  4.37  32.8  56.6  2.51  0.00
 3 18  78 10.50  4.72  0.00  0.00 225.3   0.0   0.0  3.88  30.9  56.4  2.15  0.00
 3 18  78 10.75  4.72  0.00  0.00 229.3   0.0   0.0  3.78  30.5  53.5  2.50  0.00
 3 18  78 11.00  4.64  0.00  0.00 228.2   0.0   0.0  3.53  29.8  52.0  2.60  0.00
 3 18  78 11.25  4.40  0.00  0.00 258.3   0.0   0.0  5.94  60.4  85.8  6.00  0.00
 3 18  78 11.50  4.24  0.00  0.00 265.4   0.0   0.0  4.79  51.3  91.2  2.77  0.00
 3 18  78 11.75  4.00  0.00  0.00 283.0   0.0   0.0  4.31  52.1  92.8  2.72  0.00
 3 18  78 12.00  3.84  0.00  0.00 287.5   0.0   0.0  3.88  51.1  91.4  2.66  0.00
 3 18  78 12.25  3.76  0.00  0.00 296.9   0.0   0.0  3.75  51.5  93.0  2.57  0.00
 3 18  78 12.50  3.76  0.00  0.00 305.3   0.0   0.0  3.83  54.2  79.2  6.00  0.00
 3 18  78 12.75  3.84  0.00  0.00 302.8   0.0   0.0  3.48  45.7  83.8  2.41  0.00
 3 18  78 13.00  3.84  0.00  0.00 293.7   0.0   0.0  3.49  45.9  83.9  2.44  0.00
 3 18  78 13.25  3.76  0.00  0.00 311.6   0.0   0.0  3.75  51.5  94.2  2.43  0.00
 3 18  78 13.50  3.76  0.00  0.00 308.2   0.0   0.0  3.51  48.0  88.2  2.40  0.00
 3 18  78 13.75  3.68  0.00  0.00 302.0   0.0   0.0  3.03  43.3  79.5  2.40  0.00
 3 18  78 14.00  3.76  0.00  0.00 305.2   0.0   0.0  3.46  47.4  86.7  2.43  0.00
 3 18  78 14.25  3.76  0.00  0.00 309.4   0.0   0.0  3.57  49.0  89.7  2.43  0.00
 3 18  78 14.50  3.76  0.00  0.00 303.2   0.0   0.0  3.25  44.4  81.6  2.39  0.00
 3 18  78 14.75  3.76  0.00  0.00 302.0   0.0   0.0  3.42  46.8  85.7  2.42  0.00
 3 18  78 15.00  3.76  0.00  0.00 303.8   0.0   0.0  3.49  47.9  87.6  2.43  0.00
 3 18  78 15.25  3.68  0.00  0.00 292.1   0.0   0.0  3.07  43.9  80.4  2.43  0.00
 3 18  78 15.50  3.68  0.00  0.00 298.3   0.0   0.0  3.24  46.4  84.9  2.42  0.00
 3 18  78 15.75  3.68  0.00  0.00 295.0   0.0   0.0  3.18  45.6  83.3  2.44  0.00
 3 18  78 16.00  3.60  0.00  0.00 296.9   0.0   0.0  2.99  44.6  81.7  2.42  0.00
 3 18  78 16.25  3.52  0.00  0.00 291.5   0.0   0.0  3.11  48.8  88.8  2.49  0.00
 3 18  78 16.50  3.44  0.00  0.00 297.3   0.0   0.0  2.99  49.0  89.4  2.46  0.00
 3 18  78 16.75  3.36  0.00  0.00 296.4   0.0   0.0  2.81  48.3  88.2  2.45  0.00
 3 18  78 17.00  3.36  0.00  0.00 297.5   0.0   0.0  2.84  48.8  88.7  2.49  0.00
 3 18  78 17.25  3.28  0.00  0.00 285.6   0.0   0.0  2.42  43.6  79.4  2.48  0.00
 3 18  78 17.50  3.12  0.00  0.00 300.6   0.0   0.0  2.48  49.4  89.8  2.49  0.00
 3 18  78 17.75  3.12  0.00  0.00 298.8   0.0   0.0  2.33  46.3  84.3  2.48  0.00
 3 18  78 18.00  3.04  0.00  0.00 302.5   0.0   0.0  2.38  50.0  90.8  2.50  0.00
 3 18  78 18.25  3.04  0.00  0.00 293.9   0.0   0.0  2.20  46.1  83.7  2.50  0.00
 3 18  78 18.50  2.96  0.00  0.00 287.9   0.0   0.0  2.12  47.1  85.2  2.53  0.00
 3 18  78 18.75  2.96  0.00  0.00 287.9   0.0   0.0  2.26  50.2  90.6  2.58  0.00
 3 18  78 19.00  2.96  0.00  0.00 280.7   0.0   0.0  2.07  45.8  82.9  2.53  0.00
 3 18  78 19.25  2.96  0.00  0.00 286.8   0.0   0.0  2.33  51.7  93.5  2.55  0.00
 3 18  78 19.50  3.04  0.00  0.00 290.0   0.0   0.0  2.28  48.0  87.1  2.51  0.00
 3 18  78 19.75  3.04  0.00  0.00 287.2   0.0   0.0  2.37  50.0  90.3  2.56  0.00
 3 18  78 20.00  3.28  0.00  0.00 285.5   0.0   0.0  2.58  46.6  84.6  2.52  0.00
 3 18  78 20.25  3.20  0.00  0.00 282.5   0.0   0.0  2.41  45.8  83.0  2.53  0.00
 3 18  78 20.50  3.28  0.00  0.00 292.4   0.0   0.0  2.92  52.9  96.6  2.46  0.00
 3 18  78 20.75  3.28  0.00  0.00 295.7   0.0   0.0  2.69  48.5  88.3  2.47  0.00
 3 18  78 21.00  3.20  0.00  0.00 292.9   0.0   0.0  2.76  52.4  95.7  2.47  0.00
 3 18  78 21.25  3.12  0.00  0.00 294.2   0.0   0.0  2.47  49.2  89.3  2.52  0.00
 3 18  78 21.50  3.12  0.00  0.00 285.0   0.0   0.0  2.29  45.6  83.0  2.49  0.00
 3 18  78 21.75  3.20  0.00  0.00 286.6   0.0   0.0  2.53  47.8  86.8  2.52  0.00
 3 18  78 22.00  3.12  0.00  0.00 286.3   0.0   0.0  2.81  56.0 101.9  2.52  0.00
 3 18  78 22.25  2.89  0.00  0.00 261.5   0.0   0.0  1.83  42.3  67.6  4.18  0.00
 3 18  78 22.50  2.89  0.00  0.00 253.1   0.0   0.0  1.57  35.6  57.4  3.93  0.00
 3 18  78 22.75  3.12  0.00  0.00 237.2   0.0   0.0  1.62  30.8  49.1  4.00  0.00
 3 18  78 23.00  3.28  0.00  0.00 228.2   0.0   0.0  1.90  31.9  54.3  3.01  0.00
 3 18  78 23.25  3.52  0.00  0.00 212.0   0.0   0.0  1.92  27.4  42.7  4.17  0.00
 3 18  78 23.50  3.84  0.00  0.00 219.0   0.0   0.0  2.61  31.6  49.8  3.76  0.00
 3 18  78 23.75  4.32  0.00  1.70 214.3   0.0 105.1  2.95  27.4  52.8  1.78  0.00
