mo da yda  time  FoF2  FoF1   FoE  HmF2  HmF1   HmE   Tec  HTop    B0    B1    D1
 1 26  26  0.00  3.36  0.00  0.00 274.5   0.0   0.0  3.03  52.0  92.5  2.75  0.00
 1 26  26  0.25  3.44  0.00  0.00 276.1   0.0   0.0  3.13  50.9  89.7  2.87  0.00
 1 26  26  0.50  3.52  0.00  0.00 266.5   0.0   0.0  3.29  50.9  88.3  3.08  0.00
 1 26  26  0.75  3.92  0.00  0.00 264.4   0.0   0.0  4.68  59.4  85.0  6.00  0.00
 1 26  26  1.00  0.00  0.00  0.00   0.0   0.0   0.0  0.00   0.0   0.0  0.00  0.00
 1 26  26  1.25  4.72  0.00  0.00 256.0   0.0   0.0  6.96  60.7  89.8  6.00  0.00
 1 26  26  1.50  0.00  0.00  0.00   0.0   0.0   0.0  0.00   0.0   0.0  0.00  0.00
 1 26  26  1.75  5.28  0.00  0.00 238.1   0.0   0.0  7.81  54.1  78.5  6.00  0.00
 1 26  26  2.00  4.96  0.00  0.00 217.8   0.0   0.0  4.67  34.3  67.5  1.91  0.00
 1 26  26  2.25  5.04  0.00  0.00 237.9   0.0   0.0  8.07  61.5 102.9  4.13  0.00
 1 26  26  2.50  5.12  0.00  0.00 238.4   0.0   0.0  8.19  60.2  92.6  4.93  0.00
 1 26  26  2.75  5.44  0.00  0.00 226.3   0.0   0.0  6.04  36.8  70.5  1.90  0.00
 1 26  26  3.00  5.68  0.00  0.00 225.7   0.0   0.0  6.23  34.7  66.0  1.87  0.00
 1 26  26  3.25  5.84  0.00  0.00 221.8   0.0   0.0  6.02  31.2  63.4  1.54  0.00
 1 26  26  3.50  6.00  3.48  0.00 223.5 167.6   0.0  6.62  33.6  60.4  2.17  0.50
 1 26  26  3.75  6.08  3.64  0.00 228.6 181.6   0.0  6.19  30.0  52.1  2.26  0.50
 1 26  26  4.00  6.00  3.48  2.42 222.2 161.5 101.5  7.07  36.1  63.9  2.19  0.53
 1 26  26  4.25  6.08  3.64  2.42 217.1 166.7 100.1  6.41  31.3  53.5  2.24  0.60
 1 26  26  4.50  5.76  3.56  2.50 207.5 159.4 100.3  5.79  31.8  52.0  2.55  0.60
 1 26  26  4.75  5.61  3.64  2.50 213.6 162.9 100.6  6.18  36.1  57.5  2.74  0.58
 1 26  26  5.00  5.60  3.54  2.50 210.1 160.0  99.6  5.76  33.5  55.4  2.47  0.56
 1 26  26  5.25  5.53  3.56  2.50 197.1 157.3  98.1  4.81  28.4  44.6  2.63  0.65
 1 26  26  5.50  4.97  3.56  2.50 199.9 155.1  99.3  4.96  37.3  58.0  3.01  0.50
 1 26  26  5.75  4.97  3.48  2.50 198.5 153.7 102.1  4.72  35.4  56.4  2.93  0.50
 1 26  26  6.00  4.90  3.48  2.50 214.2 153.9 102.7  6.00  47.2  81.1  2.66  0.50
 1 26  26  6.25  5.05  3.24  2.42 211.3 149.7  99.4  5.74  42.2  71.7  2.62  0.50
 1 26  26  6.50  4.97  3.24  2.42 214.6 146.1  99.3  6.07  46.4  85.1  2.26  0.50
 1 26  26  6.75  5.04  0.00  2.34 210.0   0.0 100.9  5.10  35.9  67.5  1.99  0.00
 1 26  26  7.00  5.13  3.14  2.34 219.4 149.3  99.9  6.21  44.2  79.9  2.27  0.50
 1 26  26  7.25  5.21  3.14  2.26 220.9 181.7 101.2  4.22  27.7  43.3  3.06  0.50
 1 26  26  7.50  5.13  0.00  2.26 215.6   0.0 101.2  5.08  34.5  61.8  2.14  0.00
 1 26  26  7.75  5.04  0.00  2.18 202.1   0.0 101.7  4.31  30.0  60.9  1.60  0.00
 1 26  26  8.00  4.89  0.00  0.00 210.1   0.0   0.0  3.96  29.2  51.4  2.27  0.00
 1 26  26  8.25  4.48  0.00  0.00 206.8   0.0   0.0  3.62  32.0  55.1  2.68  0.00
 1 26  26  8.50  4.32  0.00  0.00 210.7   0.0   0.0  3.52  33.7  58.2  2.64  0.00
 1 26  26  8.75  4.56  0.00  0.00 218.0   0.0   0.0  3.68  31.4  59.3  2.19  0.00
 1 26  26  9.00  4.56  0.00  0.00 219.3   0.0   0.0  3.48  30.0  50.2  3.07  0.00
 1 26  26  9.25  4.48  0.00  0.00 215.7   0.0   0.0  2.89  25.8  41.7  3.45  0.00
 1 26  26  9.50  4.32  0.00  0.00 245.3   0.0   0.0  5.32  54.7 103.6  2.41  0.00
 1 26  26  9.75  4.16  0.00  0.00 244.3   0.0   0.0  4.29  47.4  82.5  3.03  0.00
 1 26  26 10.00  3.76  0.00  0.00 251.6   0.0   0.0  3.53  47.9  83.3  3.06  0.00
 1 26  26 10.25  3.60  0.00  0.00 268.1   0.0   0.0  3.33  49.5  87.6  2.81  0.00
 1 26  26 10.50  3.20  0.00  0.00 252.0   0.0   0.0  2.07  38.8  68.8  2.78  0.00
 1 26  26 10.75  2.88  0.00  0.00 279.7   0.0   0.0  1.91  44.4  79.1  2.74  0.00
 1 26  26 11.00  3.04  0.00  0.00 285.3   0.0   0.0  2.37  49.8  89.1  2.66  0.00
 1 26  26 11.25  2.96  0.00  0.00 280.7   0.0   0.0  2.03  45.0  80.9  2.61  0.00
 1 26  26 11.50  0.00  0.00  0.00   0.0   0.0   0.0  0.00   0.0   0.0  0.00  0.00
 1 26  26 11.75  0.00  0.00  0.00   0.0   0.0   0.0  0.00   0.0   0.0  0.00  0.00
 1 26  26 12.00  0.00  0.00  0.00   0.0   0.0   0.0  0.00   0.0   0.0  0.00  0.00
 1 26  26 12.25  0.00  0.00  0.00   0.0   0.0   0.0  0.00   0.0   0.0  0.00  0.00
 1 26  26 12.50  0.00  0.00  0.00   0.0   0.0   0.0  0.00   0.0   0.0  0.00  0.00
 1 26  26 12.75  0.00  0.00  0.00   0.0   0.0   0.0  0.00   0.0   0.0  0.00  0.00
 1 26  26 13.00  3.12  0.00  0.00 302.3   0.0   0.0  2.20  43.7  79.6  2.48  0.00
 1 26  26 13.25  3.36  0.00  0.00 301.7   0.0   0.0  2.32  39.7  72.5  2.45  0.00
 1 26  26 13.50  3.60  0.00  0.00 309.1   0.0   0.0  2.69  40.1  73.6  2.39  0.00
 1 26  26 13.75  3.84  0.00  0.00 288.0   0.0   0.0  3.35  45.7  66.8  6.00  0.00
 1 26  26 14.00  4.00  0.00  0.00 301.7   0.0   0.0  2.96  35.7  65.7  2.38  0.00
 1 26  26 14.25  4.08  0.00  0.00 300.2   0.0   0.0  3.07  35.6  65.5  2.38  0.00
 1 26  26 14.50  4.16  0.00  0.00 294.8   0.0   0.0  3.24  36.2  66.5  2.38  0.00
 1 26  26 14.75  4.24  0.00  0.00 286.6   0.0   0.0  3.78  40.7  74.9  2.37  0.00
 1 26  26 15.00  4.16  0.00  0.00 279.3   0.0   0.0  3.64  40.7  74.8  2.39  0.00
 1 26  26 15.25  3.84  0.00  0.00 297.6   0.0   0.0  3.23  42.5  77.8  2.41  0.00
 1 26  26 15.50  3.84  0.00  0.00 293.8   0.0   0.0  3.19  42.0  76.8  2.42  0.00
 1 26  26 15.75  3.84  0.00  0.00 305.1   0.0   0.0  3.56  46.8  85.8  2.41  0.00
 1 26  26 16.00  3.60  0.00  0.00 294.3   0.0   0.0  2.64  39.4  72.2  2.41  0.00
 1 26  26 16.25  3.68  0.00  0.00 304.9   0.0   0.0  2.83  40.3  74.0  2.39  0.00
 1 26  26 16.50  3.68  0.00  0.00 299.1   0.0   0.0  3.07  43.9  80.5  2.41  0.00
 1 26  26 16.75  3.44  0.00  0.00 285.8   0.0   0.0  2.43  39.8  72.8  2.43  0.00
 1 26  26 17.00  3.36  0.00  0.00 288.1   0.0   0.0  2.41  41.3  75.5  2.43  0.00
 1 26  26 17.25  3.36  0.00  0.00 280.2   0.0   0.0  2.29  39.3  71.8  2.44  0.00
 1 26  26 17.50  3.12  0.00  0.00 288.7   0.0   0.0  2.37  47.2  85.7  2.50  0.00
 1 26  26 17.75  3.12  0.00  0.00 296.5   0.0   0.0  2.27  45.2  82.2  2.48  0.00
 1 26  26 18.00  3.20  0.00  0.00 290.8   0.0   0.0  2.29  43.3  78.9  2.47  0.00
 1 26  26 18.25  3.20  0.00  0.00 290.5   0.0   0.0  2.42  45.9  83.4  2.49  0.00
 1 26  26 18.50  3.20  0.00  0.00 291.2   0.0   0.0  2.31  43.8  79.8  2.47  0.00
 1 26  26 18.75  3.20  0.00  0.00 276.6   0.0   0.0  2.07  39.0  71.3  2.45  0.00
 1 26  26 19.00  3.20  0.00  0.00 280.7   0.0   0.0  2.51  47.6  86.4  2.51  0.00
 1 26  26 19.25  3.20  0.00  0.00 274.6   0.0   0.0  2.16  40.8  74.3  2.48  0.00
 1 26  26 19.50  3.36  0.00  0.00 281.0   0.0   0.0  2.65  45.5  82.8  2.48  0.00
 1 26  26 19.75  3.28  0.00  0.00 285.3   0.0   0.0  2.36  42.5  77.6  2.45  0.00
 1 26  26 20.00  3.20  0.00  0.00 284.2   0.0   0.0  2.29  43.4  78.7  2.53  0.00
 1 26  26 20.25  3.20  0.00  0.00 313.8   0.0   0.0  2.54  49.7  72.1  6.00  0.00
 1 26  26 20.50  3.36  0.00  0.00 292.4   0.0   0.0  2.83  48.6  88.6  2.46  0.00
 1 26  26 20.75  3.44  0.00  0.00 279.3   0.0   0.0  2.51  41.1  75.1  2.44  0.00
 1 26  26 21.00  3.60  0.00  0.00 280.0   0.0   0.0  2.76  41.2  75.3  2.44  0.00
 1 26  26 21.25  3.60  0.00  0.00 272.5   0.0   0.0  2.83  42.4  77.4  2.45  0.00
 1 26  26 21.50  3.76  0.00  0.00 281.9   0.0   0.0  3.09  42.4  77.6  2.42  0.00
 1 26  26 21.75  3.60  0.00  0.00 282.7   0.0   0.0  3.08  46.2  84.2  2.47  0.00
 1 26  26 22.00  3.60  0.00  0.00 284.8   0.0   0.0  3.20  47.9  87.6  2.44  0.00
 1 26  26 22.25  3.60  0.00  0.00 280.7   0.0   0.0  3.04  45.5  83.0  2.46  0.00
 1 26  26 22.50  3.60  0.00  0.00 286.9   0.0   0.0  3.17  47.4  86.5  2.46  0.00
 1 26  26 22.75  3.60  0.00  0.00 273.8   0.0   0.0  2.55  38.1  69.7  2.42  0.00
 1 26  26 23.00  3.52  0.00  0.00 269.8   0.0   0.0  2.76  43.2  78.8  2.47  0.00
 1 26  26 23.25  3.52  0.00  0.00 283.7   0.0   0.0  2.77  43.3  79.0  2.47  0.00
 1 26  26 23.50  3.44  0.00  0.00 299.4   0.0   0.0  3.23  53.0  96.3  2.50  0.00
 1 26  26 23.75  3.52  0.00  0.00 289.3   0.0   0.0  2.95  46.1  83.0  2.61  0.00
