mo da yda  time  FoF2  FoF1   FoE  HmF2  HmF1   HmE   Tec  HTop    B0    B1    D1
12 31 366  0.00  0.00  0.00  0.00   0.0   0.0   0.0  0.00   0.0   0.0  0.00  0.00
12 31 366  0.25  2.40  0.00  0.00 274.7   0.0   0.0  1.37  45.3  79.3  2.96  0.00
12 31 366  0.50  0.00  0.00  0.00   0.0   0.0   0.0  0.00   0.0   0.0  0.00  0.00
12 31 366  0.75  0.00  0.00  0.00   0.0   0.0   0.0  0.00   0.0   0.0  0.00  0.00
12 31 366  1.00  0.00  0.00  0.00   0.0   0.0   0.0  0.00   0.0   0.0  0.00  0.00
12 31 366  1.25  3.84  0.00  0.00 230.9   0.0   0.0  3.39  43.4  74.6  3.20  0.00
12 31 366  1.50  3.84  0.00  0.00 222.7   0.0   0.0  3.38  42.9  73.1  3.36  0.00
12 31 366  1.75  4.17  0.00  0.00 204.3   0.0   0.0  2.45  24.9  40.9  3.22  0.00
12 31 366  2.00  4.16  0.00  0.00 227.0   0.0   0.0  4.85  53.7  76.5  6.00  0.00
12 31 366  2.25  4.48  0.00  0.00 217.0   0.0   0.0  5.03  47.9  67.8  6.00  0.00
12 31 366  2.50  4.32  0.00  0.00 222.6   0.0   0.0  5.07  51.5  73.6  6.00  0.00
12 31 366  2.75  4.72  0.00  0.00 223.6   0.0   0.0  4.52  36.3  69.4  1.93  0.00
12 31 366  3.00  5.12  0.00  0.00 205.8   0.0   0.0  4.12  27.7  55.5  1.66  0.00
12 31 366  3.25  5.06  3.32  0.00 217.6 172.1   0.0  4.80  34.8  53.3  3.63  0.50
12 31 366  3.50  0.00  0.00  0.00   0.0   0.0   0.0  0.00   0.0   0.0  0.00  0.00
12 31 366  3.75  4.72  0.00  0.00 217.5   0.0   0.0  5.08  41.3  81.2  1.98  0.00
12 31 366  4.25  5.28  0.00  0.00 192.3   0.0   0.0  4.10  25.7  55.9  1.53  0.00
12 31 366  4.50  0.00  0.00  0.00   0.0   0.0   0.0  0.00   0.0   0.0  0.00  0.00
12 31 366  5.00  5.12  0.00  0.00 200.4   0.0   0.0  4.54  30.6  66.3  1.59  0.00
12 31 366  5.25  4.80  0.00  0.00 195.1   0.0   0.0  4.03  30.9  63.2  1.82  0.00
12 31 366  5.50  4.96  0.00  0.00 190.6   0.0   0.0  3.86  27.5  57.1  1.75  0.00
12 31 366  5.75  5.62  3.80  0.00 235.1 182.3   0.0  6.43  36.8  67.6  1.87  0.50
12 31 366  6.00  5.92  0.00  0.00 202.3   0.0   0.0  4.61  22.5  50.4  1.19  0.00
12 31 366  6.25  5.52  0.00  0.00 187.3   0.0   0.0  3.92  22.5  45.7  1.66  0.00
12 31 366  6.50  4.64  0.00  0.00 260.9   0.0   0.0  6.16  50.7 129.5  1.06  0.00
12 31 366  6.75  5.21  3.32  0.00 237.2 189.3   0.0  5.20  34.5  52.8  3.01  0.52
12 31 366  7.00  5.21  3.24  0.00 222.6 180.6   0.0  4.44  29.5  46.2  3.06  0.50
12 31 366  7.25  5.36  0.00  0.00 228.0   0.0   0.0  5.56  34.6  67.2  1.81  0.00
12 31 366  7.50  5.84  0.00  0.00 225.2   0.0   0.0  5.73  30.1  57.7  1.78  0.00
12 31 366  7.75  5.76  2.84  0.00 213.2 169.9   0.0  4.42  24.3  40.8  2.66  0.56
12 31 366  8.00  5.84  0.00  0.00 228.9   0.0   0.0  7.78  43.7  63.3  6.00  0.00
12 31 366  8.25  4.88  0.00  0.00 197.1   0.0   0.0  2.88  21.2  37.7  2.32  0.00
12 31 366  8.50  4.64  0.00  0.00 213.7   0.0   0.0  3.18  26.6  44.5  3.27  0.00
12 31 366  8.75  4.24  0.00  0.00 216.1   0.0   0.0  4.03  43.5  59.2  6.00  0.00
12 31 366  9.00  3.36  0.00  0.00 228.6   0.0   0.0  2.08  33.1  60.9  2.32  0.00
12 31 366  9.25  3.44  0.00  0.00 265.9   0.0   0.0  3.62  59.5  84.0  6.00  0.00
12 31 366  9.50  0.00  0.00  0.00   0.0   0.0   0.0  0.00   0.0   0.0  0.00  0.00
12 31 366  9.75  0.00  0.00  0.00   0.0   0.0   0.0  0.00   0.0   0.0  0.00  0.00
12 31 366 10.00  0.00  0.00  0.00   0.0   0.0   0.0  0.00   0.0   0.0  0.00  0.00
12 31 366 10.25  0.00  0.00  0.00   0.0   0.0   0.0  0.00   0.0   0.0  0.00  0.00
12 31 366 10.50  0.00  0.00  0.00   0.0   0.0   0.0  0.00   0.0   0.0  0.00  0.00
12 31 366 10.75  0.00  0.00  0.00   0.0   0.0   0.0  0.00   0.0   0.0  0.00  0.00
12 31 366 11.00  0.00  0.00  0.00   0.0   0.0   0.0  0.00   0.0   0.0  0.00  0.00
12 31 366 11.25  2.16  0.00  0.00 290.0   0.0   0.0  1.01  41.6  74.7  2.62  0.00
12 31 366 11.50  2.16  0.00  0.00 279.5   0.0   0.0  1.09  45.4  80.9  2.73  0.00
12 31 366 11.75  2.24  0.00  0.00 289.3   0.0   0.0  1.05  40.4  72.4  2.65  0.00
12 31 366 12.00  2.24  0.00  0.00 275.5   0.0   0.0  1.08  41.5  74.4  2.66  0.00
12 31 366 12.25  0.00  0.00  0.00   0.0   0.0   0.0  0.00   0.0   0.0  0.00  0.00
12 31 366 12.50  0.00  0.00  0.00   0.0   0.0   0.0  0.00   0.0   0.0  0.00  0.00
12 31 366 12.75  0.00  0.00  0.00   0.0   0.0   0.0  0.00   0.0   0.0  0.00  0.00
12 31 366 13.00  0.00  0.00  0.00   0.0   0.0   0.0  0.00   0.0   0.0  0.00  0.00
12 31 366 13.25  1.84  0.00  0.00 285.0   0.0   0.0  0.74  42.1  74.7  2.78  0.00
12 31 366 13.50  0.00  0.00  0.00   0.0   0.0   0.0  0.00   0.0   0.0  0.00  0.00
12 31 366 13.75  0.00  0.00  0.00   0.0   0.0   0.0  0.00   0.0   0.0  0.00  0.00
12 31 366 14.00  0.00  0.00  0.00   0.0   0.0   0.0  0.00   0.0   0.0  0.00  0.00
12 31 366 14.25  2.00  0.00  0.00 336.6   0.0   0.0  1.21  58.4 105.0  2.62  0.00
12 31 366 14.50  2.08  0.00  0.00 321.9   0.0   0.0  1.13  50.1  90.2  2.59  0.00
12 31 366 14.75  2.24  0.00  0.00 327.9   0.0   0.0  1.40  53.7  96.5  2.61  0.00
12 31 366 15.00  2.24  0.00  0.00 335.0   0.0   0.0  1.48  57.1 102.6  2.62  0.00
12 31 366 15.25  2.24  0.00  0.00 321.2   0.0   0.0  1.28  49.2  88.7  2.59  0.00
12 31 366 15.50  2.32  0.00  0.00 308.4   0.0   0.0  1.31  46.8  84.1  2.62  0.00
12 31 366 15.75  2.24  0.00  0.00 305.6   0.0   0.0  1.28  49.2  88.1  2.66  0.00
12 31 366 16.00  2.24  0.00  0.00 294.5   0.0   0.0  1.25  48.0  86.1  2.66  0.00
12 31 366 16.25  2.32  0.00  0.00 292.0   0.0   0.0  1.16  41.4  74.6  2.58  0.00
12 31 366 16.50  2.24  0.00  0.00 297.1   0.0   0.0  1.03  39.2  70.7  2.58  0.00
12 31 366 16.75  2.24  0.00  0.00 300.7   0.0   0.0  1.22  47.0  84.1  2.66  0.00
12 31 366 17.00  2.16  0.00  0.00 316.0   0.0   0.0  1.21  49.8  89.3  2.65  0.00
12 31 366 17.25  2.16  0.00  0.00 300.6   0.0   0.0  1.11  45.9  82.3  2.65  0.00
12 31 366 17.50  2.24  0.00  0.00 321.5   0.0   0.0  1.31  50.5  90.6  2.64  0.00
12 31 366 17.75  2.32  0.00  0.00 315.4   0.0   0.0  1.28  45.9  82.7  2.58  0.00
12 31 366 18.00  2.40  0.00  0.00 305.4   0.0   0.0  1.39  46.5  83.7  2.61  0.00
12 31 366 18.50  2.32  0.00  0.00 313.7   0.0   0.0  1.27  45.4  81.9  2.59  0.00
12 31 366 18.75  2.24  0.00  0.00 317.8   0.0   0.0  1.31  50.4  90.3  2.65  0.00
12 31 366 19.00  2.32  0.00  0.00 320.1   0.0   0.0  1.36  48.9  88.1  2.59  0.00
12 31 366 19.25  2.40  0.00  0.00 313.7   0.0   0.0  1.56  52.4  94.1  2.63  0.00
12 31 366 19.50  2.32  0.00  0.00 306.3   0.0   0.0  1.32  47.4  85.1  2.63  0.00
12 31 366 19.75  2.32  0.00  0.00 317.0   0.0   0.0  1.42  50.9  91.2  2.64  0.00
12 31 366 20.00  2.40  0.00  0.00 308.8   0.0   0.0  1.29  43.0  77.9  2.54  0.00
12 31 366 20.25  2.40  0.00  0.00 308.2   0.0   0.0  1.51  50.9  91.1  2.67  0.00
12 31 366 20.50  2.40  0.00  0.00 300.7   0.0   0.0  1.44  48.4  87.0  2.62  0.00
12 31 366 20.75  2.40  0.00  0.00 299.3   0.0   0.0  1.53  51.6  92.6  2.64  0.00
12 31 366 21.00  2.40  0.00  0.00 291.0   0.0   0.0  1.56  52.6  93.9  2.71  0.00
12 31 366 21.25  2.32  0.00  0.00 300.0   0.0   0.0  1.41  50.6  90.7  2.66  0.00
12 31 366 21.50  2.40  0.00  0.00 307.5   0.0   0.0  1.40  46.9  84.4  2.60  0.00
12 31 366 21.75  2.40  0.00  0.00 290.5   0.0   0.0  1.44  48.6  87.1  2.67  0.00
12 31 366 22.00  2.40  0.00  0.00 287.8   0.0   0.0  1.38  46.4  83.4  2.62  0.00
12 31 366 22.50  0.00  0.00  0.00   0.0   0.0   0.0  0.00   0.0   0.0  0.00  0.00
12 31 366 22.75  2.16  0.00  0.00 290.2   0.0   0.0  1.00  41.0  73.7  2.63  0.00
12 31 366 23.00  2.00  0.00  0.00 252.1   0.0   0.0  0.88  42.6  75.3  2.86  0.00
12 31 366 23.25  1.84  0.00  0.00 270.0   0.0   0.0  0.91  52.1  91.5  2.94  0.00
12 31 366 23.50  1.92  0.00  0.00 292.3   0.0   0.0  0.97  50.7  89.3  2.87  0.00
12 31 366 23.75  2.00  0.00  0.00 284.8   0.0   0.0  0.95  45.5  80.3  2.82  0.00
