mo da yda  time  FoF2  FoF1   FoE  HmF2  HmF1   HmE   Tec  HTop    B0    B1    D1
 3  9  69  0.00  3.86  0.00  0.00 223.4   0.0   0.0  2.54  29.2  61.4  1.54  0.00
 3  9  69  0.25  4.18  2.60  0.00 205.1 171.4   0.0  2.26  22.6  38.2  2.35  0.50
 3  9  69  0.50  3.72  0.00  0.00 199.7   0.0   0.0  2.39  29.5  60.5  1.65  0.00
 3  9  69  0.75  3.88  3.16  0.00 216.0 175.0   0.0  3.32  40.4  78.0  1.87  0.50
 3  9  69  1.00  3.88  3.34  0.00 212.5 173.9   0.0  3.63  44.9  80.1  2.35  0.50
 3  9  69  1.25  4.20  3.16  0.00 224.5 167.0   0.0  4.61  48.9  86.8  2.42  0.50
 3  9  69  1.50  4.36  3.32  0.00 224.1 171.2   0.0  4.67  45.3  89.1  1.86  0.50
 3  9  69  1.75  4.49  3.58  0.00 214.3 176.2   0.0  4.40  39.6  72.9  1.56  0.50
 3  9  69  2.00  4.41  3.51  0.00 217.3 172.2   0.0  4.58  43.0  91.4  1.34  0.50
 3  9  69  2.25  5.00  3.75  0.00 249.0 208.0   0.0  6.00  42.7  58.9  2.65  0.58
 3  9  69  2.50  5.22  3.80  0.00 235.0 202.9   0.0  4.98  31.7  40.5  3.37  0.50
 3  9  69  2.75  5.22  3.72  0.00 219.5 177.8   0.0  5.21  34.0  56.1  2.13  0.50
 3  9  69  3.00  4.68  3.88  0.00 225.2 170.6   0.0  6.43  55.6 103.8  2.15  0.50
 3  9  69  3.25  4.96  3.88  0.00 229.9 172.2   0.0  6.70  50.4 111.8  1.32  0.50
 3  9  69  3.50  5.00  3.88  0.00 234.0 176.0   0.0  7.17  53.6  95.6  2.03  0.50
 3  9  69  3.75  4.98  3.88  0.00 240.1 180.3   0.0  7.23  53.8 101.7  1.57  0.50
 3  9  69  4.00  5.22  3.96  0.00 244.1 186.2   0.0  7.59  50.9  95.3  1.47  0.75
 3  9  69  4.25  5.54  3.88  2.82 232.1 165.4 102.7  8.13  49.0  83.4  2.04  1.00
 3  9  69  4.50  5.56  4.00  0.00 256.6 183.7   0.0  9.39  55.9  96.7  1.87  1.00
 3  9  69  5.00  6.02  4.20  0.00 261.6 205.1   0.0  9.05  44.8  78.3  1.87  0.50
 3  9  69  5.25  6.04  4.06  0.00 255.3 180.8   0.0 10.35  52.1  90.8  1.99  1.00
 3  9  69  5.50  6.10  3.96  0.00 257.6 185.9   0.0  9.43  45.4  89.4  1.44  0.70
 3  9  69  5.75  6.02  3.92  2.82 284.3 234.6 102.2  8.21  39.0  60.1  2.22  0.50
 3  9  69  6.00  6.26  3.88  0.00 263.3 179.9   0.0 10.52  48.6  94.6  1.57  1.00
 3  9  69  6.25  6.74  3.88  0.00 249.0 179.8   0.0  9.61  37.6  71.3  1.61  1.00
 3  9  69  6.50  6.68  3.88  0.00 257.0 190.0   0.0 10.58  43.3  70.2  2.69  0.60
 3  9  69  6.75  6.66  3.80  0.00 246.4 172.6   0.0  9.58  38.7  78.2  1.45  1.00
 3  9  69  7.00  6.84  3.80  0.00 237.1 178.6   0.0  9.06  35.0  55.8  2.59  1.15
 3  9  69  7.25  6.10  3.72  0.00 225.1 169.6   0.0  7.39  36.1  59.9  2.37  1.00
 3  9  69  7.50  6.04  3.56  0.00 236.9 162.5   0.0  8.61  43.5  82.8  1.86  0.52
 3  9  69  7.75  5.16  3.64  0.00 222.9 171.0   0.0  6.02  41.4  68.6  2.32  0.54
 3  9  69  8.00  5.46  3.50  0.00 258.4 199.5   0.0  6.87  41.1  72.3  2.05  0.50
 3  9  69  8.25  5.62  3.38  2.58 218.8 160.6 102.1  5.71  32.1  65.9  1.38  0.60
 3  9  69  8.50  5.14  3.40  0.00 213.7 165.0   0.0  4.79  32.4  63.4  1.64  0.50
 3  9  69  8.75  5.04  0.00  0.00 219.7   0.0   0.0  5.32  37.1  78.6  1.51  0.00
 3  9  69  9.00  5.14  3.04  0.00 215.0 160.7   0.0  4.47  30.1  62.1  1.50  0.50
 3  9  69  9.25  5.06  2.90  0.00 221.3 168.9   0.0  4.62  32.7  56.4  2.45  0.50
 3  9  69  9.50  4.88  0.00  0.00 210.7   0.0   0.0  4.23  31.3  65.3  1.56  0.00
 3  9  69  9.75  4.56  0.00  0.00 197.4   0.0   0.0  3.20  26.8  55.1  1.62  0.00
 3  9  69 10.00  4.34  0.00  0.00 206.7   0.0   0.0  3.08  28.5  53.4  1.99  0.00
 3  9  69 10.25  3.94  0.00  0.00 209.8   0.0   0.0  2.63  29.5  55.4  2.02  0.00
 3  9  69 10.50  3.84  0.00  0.00 224.6   0.0   0.0  2.76  33.0  64.5  1.85  0.00
 3  9  69 10.75  3.68  0.00  0.00 226.3   0.0   0.0  2.65  35.4  63.0  2.44  0.00
 3  9  69 11.00  3.62  0.00  0.00 235.3   0.0   0.0  2.21  30.3  52.8  2.73  0.00
 3  9  69 11.25  3.52  0.00  0.00 277.9   0.0   0.0  3.44  52.8 105.1  2.05  0.00
 3  9  69 11.50  3.04  0.00  0.00 248.6   0.0   0.0  1.36  27.0  46.2  2.88  0.00
 3  9  69 11.75  2.96  0.00  0.00 306.3   0.0   0.0  1.93  41.0  79.1  2.01  0.00
 3  9  69 12.00  2.88  0.00  0.00 301.1   0.0   0.0  1.61  36.4  69.7  2.07  0.00
 3  9  69 12.25  2.96  0.00  0.00 300.0   0.0   0.0  1.56  33.7  62.1  2.27  0.00
 3  9  69 12.50  3.04  0.00  0.00 300.1   0.0   0.0  1.68  34.7  62.5  2.50  0.00
 3  9  69 12.75  3.04  0.00  0.00 294.5   0.0   0.0  1.53  31.6  56.1  2.64  0.00
 3  9  69 13.00  3.04  0.00  0.00 301.1   0.0   0.0  1.65  34.4  59.7  2.90  0.00
 3  9  69 13.25  3.04  0.00  0.00 315.0   0.0   0.0  1.82  37.9  65.1  2.94  0.00
 3  9  69 13.50  2.96  0.00  0.00 303.3   0.0   0.0  1.44  31.3  56.8  2.39  0.00
 3  9  69 13.75  2.96  0.00  0.00 321.5   0.0   0.0  1.59  34.3  65.6  2.06  0.00
 3  9  69 14.00  2.88  0.00  0.00 321.7   0.0   0.0  1.60  36.7  66.7  2.38  0.00
 3  9  69 14.25  2.88  0.00  0.00 323.8   0.0   0.0  1.53  34.9  66.3  2.09  0.00
 3  9  69 14.50  3.04  0.00  0.00 319.0   0.0   0.0  1.66  34.0  63.2  2.25  0.00
 3  9  69 14.75  3.04  0.00  0.00 308.8   0.0   0.0  1.76  36.9  62.9  3.16  0.00
 3  9  69 15.00  3.04  0.00  0.00 304.3   0.0   0.0  1.67  35.2  56.7  3.97  0.00
 3  9  69 15.25  3.04  0.00  0.00 291.3   0.0   0.0  1.61  33.9  56.7  3.46  0.00
 3  9  69 15.50  3.04  0.00  0.00 293.2   0.0   0.0  1.76  37.6  57.8  5.23  0.00
 3  9  69 15.75  3.04  0.00  0.00 305.4   0.0   0.0  1.97  41.2  75.2  2.47  0.00
 3  9  69 16.00  2.96  0.00  0.00 313.0   0.0   0.0  2.07  46.8  69.1  6.00  0.00
 3  9  69 16.25  2.80  0.00  0.00 311.7   0.0   0.0  1.79  44.1  80.1  2.50  0.00
 3  9  69 16.50  2.80  0.00  0.00 341.3   0.0   0.0  2.39  60.6  89.2  6.00  0.00
 3  9  69 16.75  2.80  0.00  0.00 294.4   0.0   0.0  1.21  29.7  51.0  3.07  0.00
 3  9  69 17.00  2.80  0.00  0.00 305.2   0.0   0.0  1.66  41.8  62.0  6.00  0.00
 3  9  69 17.25  2.80  0.00  0.00 295.3   0.0   0.0  1.50  36.8  67.0  2.47  0.00
 3  9  69 17.50  2.96  0.00  0.00 310.7   0.0   0.0  1.99  44.9  66.5  6.00  0.00
 3  9  69 17.75  2.96  0.00  0.00 296.7   0.0   0.0  2.00  44.2  80.2  2.50  0.00
 3  9  69 18.00  2.88  0.00  0.00 285.3   0.0   0.0  1.36  31.8  53.4  3.40  0.00
 3  9  69 18.25  2.88  0.00  0.00 285.2   0.0   0.0  1.39  32.4  54.4  3.42  0.00
 3  9  69 18.50  2.88  0.00  0.00 283.9   0.0   0.0  1.60  37.1  67.6  2.48  0.00
 3  9  69 18.75  2.88  0.00  0.00 283.9   0.0   0.0  1.59  37.0  67.2  2.50  0.00
 3  9  69 19.00  2.72  0.00  0.00 278.1   0.0   0.0  1.45  38.0  68.8  2.53  0.00
 3  9  69 19.25  2.72  0.00  0.00 305.5   0.0   0.0  1.61  43.0  63.7  6.00  0.00
 3  9  69 19.50  2.72  0.00  0.00 291.9   0.0   0.0  1.45  37.8  68.9  2.48  0.00
 3  9  69 19.75  2.48  0.00  0.00 291.5   0.0   0.0  1.20  38.4  56.8  6.00  0.00
 3  9  69 20.00  2.56  0.00  0.00 294.1   0.0   0.0  1.28  37.6  68.4  2.50  0.00
 3  9  69 20.25  2.48  0.00  0.00 302.6   0.0   0.0  1.42  45.6  67.3  6.00  0.00
 3  9  69 20.50  2.56  0.00  0.00 301.0   0.0   0.0  1.03  29.6  55.5  2.19  0.00
 3  9  69 20.75  2.56  0.00  0.00 299.5   0.0   0.0  1.15  33.5  56.9  3.12  0.00
 3  9  69 21.00  2.48  0.00  0.00 311.3   0.0   0.0  1.64  52.9  77.6  6.00  0.00
 3  9  69 21.25  2.48  0.00  0.00 294.0   0.0   0.0  1.01  31.4  54.5  2.79  0.00
 3  9  69 21.50  2.56  0.00  0.00 291.2   0.0   0.0  0.98  28.0  52.7  2.16  0.00
 3  9  69 21.75  2.48  0.00  0.00 277.7   0.0   0.0  0.81  24.5  46.0  2.17  0.00
 3  9  69 22.00  2.56  0.00  0.00 294.0   0.0   0.0  1.60  48.2  70.5  6.00  0.00
 3  9  69 22.25  2.48  0.00  0.00 286.6   0.0   0.0  1.20  37.5  62.8  3.39  0.00
 3  9  69 22.50  2.32  0.00  0.00 280.8   0.0   0.0  1.15  40.9  64.0  4.42  0.00
 3  9  69 22.75  2.32  0.00  0.00 267.8   0.0   0.0  0.98  33.2  62.2  2.21  0.00
 3  9  69 23.00  2.56  0.00  0.00 260.8   0.0   0.0  1.22  33.4  63.5  2.10  0.00
 3  9  69 23.25  2.80  0.00  0.00 242.8   0.0   0.0  1.46  32.8  63.7  1.95  0.00
 3  9  69 23.75  3.69  1.93  0.00 236.3 170.9   0.0  2.45  32.3  68.7  1.56  0.10
