mo da yda  time  FoF2  FoF1   FoE  HmF2  HmF1   HmE   Tec  HTop    B0    B1    D1
12 27 362  0.00  2.40  0.00  0.00 238.2   0.0   0.0  1.32  44.3  77.1  3.05  0.00
12 27 362  0.25  2.40  0.00  0.00 264.5   0.0   0.0  1.52  50.9  87.6  3.21  0.00
12 27 362  0.50  2.48  0.00  0.00 258.5   0.0   0.0  1.58  49.1  83.2  3.47  0.00
12 27 362  0.75  2.80  0.00  0.00 250.5   0.0   0.0  1.80  43.4  73.2  3.52  0.00
12 27 362  1.00  3.20  0.00  0.00 236.5   0.0   0.0  2.35  43.2  72.9  3.52  0.00
12 27 362  1.25  3.37  0.00  0.00 210.0   0.0   0.0  1.61  25.2  34.8  6.00  0.00
12 27 362  1.50  3.60  0.00  0.00 229.7   0.0   0.0  3.38  49.0  83.8  3.35  0.00
12 27 362  1.75  3.85  0.00  0.00 203.4   0.0   0.0  1.79  20.4  27.4  6.00  0.00
12 27 362  2.00  3.93  0.00  0.00 205.9   0.0   0.0  2.50  28.5  40.8  5.77  0.00
12 27 362  2.25  4.57  0.00  0.00 209.7   0.0   0.0  3.28  27.8  47.8  2.61  0.00
12 27 362  2.50  4.65  0.00  0.00 214.0   0.0   0.0  3.42  27.5  51.8  2.00  0.00
12 27 362  2.75  4.72  0.00  0.00 204.5   0.0   0.0  3.46  27.1  52.1  1.84  0.00
12 27 362  3.00  4.97  3.00  0.00 202.4 174.2   0.0  3.01  21.6  29.7  4.76  0.50
12 27 362  3.25  4.72  0.00  0.00 203.2   0.0   0.0  4.28  34.7  63.8  2.36  0.00
12 27 362  3.50  4.88  0.00  2.18 198.4   0.0 100.3  3.83  28.1  55.8  1.59  0.00
12 27 362  3.75  4.88  0.00  2.26 218.2   0.0 105.6  5.26  39.3  88.5  1.46  0.00
12 27 362  4.00  4.82  3.24  2.26 206.2 159.0 101.6  4.49  35.8  56.1  3.02  0.50
12 27 362  4.25  4.56  0.00  2.26 208.5   0.0 101.6  4.70  41.1  69.4  2.70  0.00
12 27 362  4.50  4.82  3.16  2.26 215.8 165.9 100.5  4.71  37.5  59.0  3.19  0.50
12 27 362  4.75  5.20  0.00  2.26 194.1   0.0 102.3  3.30  20.1  47.5  1.00  0.00
12 27 362  5.00  4.56  0.00  0.00 202.0   0.0   0.0  3.97  33.7  68.8  1.75  0.00
12 27 362  5.25  4.73  0.00  2.34 213.9   0.0 103.7  4.90  39.1  79.4  1.76  0.00
12 27 362  5.50  4.56  0.00  2.34 193.8   0.0 102.9  4.02  34.3  65.6  2.05  0.00
12 27 362  5.75  4.72  0.00  2.26 203.6   0.0 101.6  4.15  32.8  73.0  1.37  0.00
12 27 362  6.00  4.57  0.00  0.00 197.6   0.0   0.0  3.55  29.6  60.4  1.64  0.00
12 27 362  6.25  4.48  0.00  2.26 198.4   0.0 110.8  3.47  29.9  65.1  1.53  0.00
12 27 362  6.50  4.40  0.00  0.00 198.4   0.0   0.0  3.48  31.5  63.7  1.74  0.00
12 27 362  6.75  4.16  0.00  0.00 194.1   0.0   0.0  3.11  31.5  59.8  2.06  0.00
12 27 362  7.00  4.16  0.00  0.00 206.7   0.0   0.0  3.48  35.4  74.2  1.76  0.00
12 27 362  7.25  4.32  0.00  0.00 201.9   0.0   0.0  3.22  30.1  62.4  1.64  0.00
12 27 362  7.50  4.32  0.00  0.00 205.3   0.0   0.0  3.23  30.2  61.9  1.64  0.00
12 27 362  7.75  4.49  0.00  0.00 221.5   0.0   0.0  3.55  30.8  58.4  1.96  0.00
12 27 362  8.00  4.80  0.00  0.00 214.0   0.0   0.0  3.55  27.2  50.4  2.01  0.00
12 27 362  8.25  4.56  0.00  0.00 213.3   0.0   0.0  3.37  28.8  56.9  1.88  0.00
12 27 362  8.50  4.48  0.00  0.00 206.1   0.0   0.0  2.69  23.8  42.2  2.40  0.00
12 27 362  8.75  4.16  0.00  0.00 205.0   0.0   0.0  2.09  21.1  41.5  1.89  0.00
12 27 362  9.00  4.16  0.00  0.00 228.7   0.0   0.0  3.42  38.0  52.9  6.00  0.00
12 27 362  9.25  3.84  0.00  0.00 238.0   0.0   0.0  3.07  39.7  68.7  3.14  0.00
12 27 362  9.50  3.36  0.00  0.00 245.3   0.0   0.0  2.48  41.9  73.1  3.01  0.00
12 27 362  9.75  3.36  0.00  0.00 257.9   0.0   0.0  2.36  40.1  71.2  2.77  0.00
12 27 362 10.00  3.28  0.00  0.00 239.6   0.0   0.0  1.88  33.4  60.1  2.61  0.00
12 27 362 10.25  2.64  0.00  0.00 234.5   0.0   0.0  1.20  32.9  58.5  2.75  0.00
12 27 362 10.50  2.16  0.00  0.00 262.3   0.0   0.0  1.08  44.8  79.1  2.83  0.00
12 27 362 10.75  2.08  0.00  0.00 262.3   0.0   0.0  0.94  42.0  74.5  2.77  0.00
12 27 362 11.00  1.92  0.00  0.00 292.0   0.0   0.0  0.88  45.9  81.6  2.75  0.00
12 27 362 11.25  1.92  0.00  0.00 298.8   0.0   0.0  0.94  50.2  72.8  6.00  0.00
12 27 362 11.50  1.92  0.00  0.00 304.1   0.0   0.0  0.95  49.6  88.4  2.72  0.00
12 27 362 11.75  2.00  0.00  0.00 274.9   0.0   0.0  0.79  37.9  67.7  2.69  0.00
12 27 362 12.00  1.92  0.00  0.00 292.4   0.0   0.0  0.82  42.7  75.9  2.73  0.00
12 27 362 12.25  2.00  0.00  0.00 260.0   0.0   0.0  0.76  36.7  65.5  2.71  0.00
12 27 362 12.50  2.24  0.00  0.00 267.6   0.0   0.0  1.02  39.3  70.4  2.65  0.00
12 27 362 12.75  2.16  0.00  0.00 285.4   0.0   0.0  1.03  42.4  75.9  2.66  0.00
12 27 362 13.00  2.40  0.00  0.00 280.9   0.0   0.0  1.36  45.7  81.7  2.67  0.00
12 27 362 13.25  2.32  0.00  0.00 263.5   0.0   0.0  1.28  46.2  82.5  2.69  0.00
12 27 362 13.50  2.40  0.00  0.00 276.8   0.0   0.0  1.36  45.8  82.2  2.64  0.00
12 27 362 13.75  2.40  0.00  0.00 269.0   0.0   0.0  1.47  49.8  88.8  2.71  0.00
12 27 362 14.25  2.32  0.00  0.00 306.4   0.0   0.0  1.18  42.1  76.0  2.56  0.00
12 27 362 14.50  2.48  0.00  0.00 293.0   0.0   0.0  1.32  41.4  74.8  2.57  0.00
12 27 362 14.75  2.56  0.00  0.00 290.8   0.0   0.0  1.61  47.6  85.5  2.63  0.00
12 27 362 15.00  2.88  0.00  0.00 285.0   0.0   0.0  1.82  42.4  76.9  2.53  0.00
12 27 362 15.25  3.12  0.00  0.00 296.0   0.0   0.0  2.14  42.6  77.7  2.45  0.00
12 27 362 15.50  3.28  0.00  0.00 310.4   0.0   0.0  2.80  50.4  92.1  2.45  0.00
12 27 362 15.75  3.36  0.00  0.00 275.3   0.0   0.0  1.72  29.3  51.6  2.75  0.00
12 27 362 16.00  3.20  0.00  0.00 274.9   0.0   0.0  2.16  40.8  74.5  2.46  0.00
12 27 362 16.25  3.36  0.00  0.00 276.1   0.0   0.0  1.55  26.4  46.4  2.79  0.00
12 27 362 16.50  3.52  0.00  0.00 292.8   0.0   0.0  2.69  42.1  77.1  2.41  0.00
12 27 362 16.75  3.44  0.00  0.00 297.8   0.0   0.0  2.98  50.5  74.3  6.00  0.00
12 27 362 17.00  3.68  0.00  0.00 278.2   0.0   0.0  1.88  26.7  47.9  2.61  0.00
12 27 362 17.25  3.52  0.00  0.00 281.5   0.0   0.0  2.45  38.2  70.0  2.40  0.00
12 27 362 17.50  3.52  0.00  0.00 291.6   0.0   0.0  2.78  43.3  79.5  2.41  0.00
12 27 362 17.75  3.52  0.00  0.00 291.3   0.0   0.0  2.99  48.4  71.5  6.00  0.00
12 27 362 18.00  3.68  0.00  0.00 283.4   0.0   0.0  2.90  42.9  63.1  6.00  0.00
12 27 362 18.25  3.52  0.00  0.00 293.2   0.0   0.0  2.63  41.1  75.1  2.43  0.00
12 27 362 18.50  3.52  0.00  0.00 293.4   0.0   0.0  2.53  39.5  72.4  2.40  0.00
12 27 362 18.75  3.68  0.00  0.00 283.5   0.0   0.0  1.99  28.4  48.8  3.07  0.00
12 27 362 19.00  3.68  0.00  0.00 283.1   0.0   0.0  2.53  36.1  66.3  2.40  0.00
12 27 362 19.25  3.76  0.00  0.00 280.6   0.0   0.0  2.79  38.2  70.1  2.40  0.00
12 27 362 19.50  3.76  0.00  0.00 276.8   0.0   0.0  2.88  39.4  72.2  2.41  0.00
12 27 362 19.75  3.60  0.00  0.00 279.6   0.0   0.0  2.60  38.9  71.3  2.41  0.00
12 27 362 20.00  3.28  0.00  0.00 283.1   0.0   0.0  2.13  38.2  69.8  2.45  0.00
12 27 362 20.25  3.28  0.00  0.00 287.7   0.0   0.0  2.25  40.5  73.9  2.45  0.00
12 27 362 20.50  3.28  0.00  0.00 288.2   0.0   0.0  2.27  40.7  74.6  2.42  0.00
12 27 362 20.75  3.28  0.00  0.00 289.0   0.0   0.0  2.13  38.3  70.2  2.42  0.00
12 27 362 21.00  2.96  0.00  0.00 273.8   0.0   0.0  1.59  35.1  63.9  2.49  0.00
12 27 362 21.25  2.88  0.00  0.00 293.0   0.0   0.0  1.72  40.1  72.7  2.53  0.00
12 27 362 21.50  2.80  0.00  0.00 285.2   0.0   0.0  1.49  36.5  66.4  2.49  0.00
12 27 362 21.75  2.56  0.00  0.00 289.2   0.0   0.0  1.31  38.3  69.5  2.52  0.00
12 27 362 22.00  2.56  0.00  0.00 295.4   0.0   0.0  1.50  44.2  79.6  2.61  0.00
12 27 362 22.25  2.56  0.00  0.00 293.9   0.0   0.0  1.63  48.4  86.8  2.64  0.00
12 27 362 22.50  2.56  0.00  0.00 284.9   0.0   0.0  1.49  43.9  79.1  2.60  0.00
12 27 362 22.75  2.56  0.00  0.00 268.3   0.0   0.0  1.33  39.5  71.0  2.61  0.00
12 27 362 23.00  2.56  0.00  0.00 266.2   0.0   0.0  1.41  41.9  75.2  2.63  0.00
12 27 362 23.25  2.32  0.00  0.00 264.4   0.0   0.0  1.05  37.7  67.8  2.61  0.00
12 27 362 23.50  2.16  0.00  0.00 286.0   0.0   0.0  1.16  48.1  85.3  2.78  0.00
12 27 362 23.75  2.16  0.00  0.00 274.7   0.0   0.0  1.08  44.5  78.3  2.89  0.00
