mo da yda  time  FoF2  FoF1   FoE  HmF2  HmF1   HmE   Tec  HTop    B0    B1    D1
 3 23  83  0.00  4.25  0.00  1.94 213.4   0.0 106.2  3.12  29.9  55.4  1.91  0.00
 3 23  83  0.25  4.33  0.00  2.10 213.5   0.0 107.4  3.81  36.1  64.4  2.27  0.00
 3 23  83  0.50  4.52  3.16  2.18 228.8 162.1 106.8  5.56  51.7  85.4  3.13  0.50
 3 23  83  0.75  4.76  3.32  2.26 235.4 167.2 105.5  6.30  52.6  88.1  2.80  0.50
 3 23  83  1.00  5.06  3.56  2.34 231.8 171.3 103.2  6.58  48.2  77.4  2.88  0.50
 3 23  83  1.25  5.13  3.72  2.42 222.9 174.8 106.4  5.68  39.5  68.9  2.09  0.50
 3 23  83  1.50  5.13  3.70  2.50 213.0 165.8 103.1  5.51  38.5  65.0  2.23  0.50
 3 23  83  1.75  5.14  3.80  2.58 215.7 166.0 104.7  5.96  41.7  72.8  2.09  0.50
 3 23  83  2.00  5.16  3.80  2.66 211.6 165.9 105.5  5.60  38.4  65.9  2.03  0.50
 3 23  83  2.25  5.14  3.96  2.74 219.0 164.7 103.1  6.81  48.3  87.2  2.00  0.50
 3 23  83  2.50  5.32  3.96  2.74 231.4 165.2 101.5  8.54  57.3  92.4  2.73  0.50
 3 23  83  2.75  5.32  3.96  2.82 236.4 163.3 102.5  9.20  62.1 102.3  2.66  0.50
 3 23  83  3.00  5.46  3.96  2.82 231.1 163.1 102.5  8.50  53.6  94.1  2.09  0.54
 3 23  83  3.25  5.46  4.04  2.82 235.3 171.7 102.0  8.44  52.8  93.1  1.96  0.50
 3 23  83  3.50  5.62  4.06  2.82 228.3 167.3 100.5  8.44  49.8  82.1  2.20  0.70
 3 23  83  3.75  5.70  4.04  2.90 235.7 166.1 102.4  9.15  52.6  92.8  2.04  0.52
 3 23  83  4.00  5.93  4.04  2.90 229.4 166.2 104.1  8.27  42.7  82.3  1.49  1.00
 3 23  83  4.25  5.86  4.12  2.90 235.7 170.6 105.7  9.28  50.3  83.7  2.30  0.60
 3 23  83  4.50  5.88  4.12  2.90 242.6 168.3 103.7 10.44  56.8  93.0  2.47  0.69
 3 23  83  4.75  5.78  4.12  2.82 236.8 170.8 104.5  9.30  52.1  88.2  2.23  0.55
 3 23  83  5.00  5.94  4.22  2.90 235.7 169.4 101.3  9.75  51.5  88.8  2.02  0.68
 3 23  83  5.25  6.09  4.12  2.90 233.3 169.0 101.5  9.12  45.0  79.1  1.89  1.00
 3 23  83  5.50  6.09  4.12  2.90 228.5 169.8 103.8  8.55  42.0  69.8  2.06  1.00
 3 23  83  5.75  6.10  4.12  2.90 224.3 166.3 100.6  8.48  41.8  68.5  2.17  1.00
 3 23  83  6.00  6.01  4.12  2.90 224.9 167.8 102.5  8.24  41.7  72.7  1.91  0.69
 3 23  83  6.25  5.77  4.06  2.90 218.9 163.3 103.0  7.80  43.2  73.7  2.03  1.00
 3 23  83  6.50  5.62  4.04  2.90 227.3 158.3 101.6  9.11  54.6  93.3  2.36  0.50
 3 23  83  6.75  5.62  4.04  2.90 226.1 161.7 104.1  8.48  50.3  88.3  2.09  0.55
 3 23  83  7.00  5.54  3.96  2.82 221.3 159.1 100.0  7.87  47.9  84.0  2.02  0.60
 3 23  83  7.25  5.54  3.88  2.82 229.7 157.8 102.8  8.74  53.7  91.2  2.38  0.60
 3 23  83  7.50  5.53  3.88  2.74 221.0 162.4 101.7  7.32  44.3  75.4  2.13  0.60
 3 23  83  8.00  5.53  3.77  2.74 220.6 160.8 102.7  7.07  42.7  73.6  2.15  0.60
 3 23  83  8.25  5.48  3.72  2.66 230.7 162.3 104.3  8.34  52.6  81.4  3.22  0.57
 3 23  83  8.50  5.30  3.72  2.58 218.8 160.9  99.4  6.67  44.2  76.7  2.23  0.50
 3 23  83  8.75  5.46  3.64  2.50 227.1 165.9 103.7  7.03  43.7  75.2  2.30  0.51
 3 23  83  9.00  5.37  3.48  2.42 219.3 163.5 102.5  6.05  38.7  65.9  2.35  0.50
 3 23  83  9.25  5.37  3.16  2.34 222.3 157.3 100.9  5.96  37.9  70.8  1.95  0.50
 3 23  83  9.50  5.40  3.16  2.26 225.0 159.4  99.9  6.22  39.4  71.4  2.12  0.50
 3 23  83  9.75  5.29  3.16  2.18 229.3 164.8 102.2  6.17  40.9  72.2  2.36  0.50
 3 23  83 10.00  5.04  0.00  2.10 226.0   0.0 109.5  4.97  34.8  66.2  1.91  0.00
 3 23  83 10.25  4.96  0.00  2.02 235.8   0.0 118.4  5.16  37.6  70.7  2.04  0.00
 3 23  83 10.50  5.04  0.00  1.86 236.7   0.0 110.6  4.94  34.8  66.5  1.94  0.00
 3 23  83 10.75  5.14  0.00  1.70 238.2   0.0 113.0  4.90  33.8  57.5  2.74  0.00
 3 23  83 11.00  5.21  0.00  1.46 239.0   0.0 108.4  4.25  28.3  51.3  2.27  0.00
 3 23  83 11.25  5.13  0.00  0.00 241.2   0.0   0.0  4.41  31.3  50.3  3.83  0.00
 3 23  83 11.50  4.80  0.00  0.00 244.7   0.0   0.0  3.64  29.5  50.0  3.08  0.00
 3 23  83 11.75  4.81  0.00  0.00 252.0   0.0   0.0  3.81  31.4  55.1  2.87  0.00
 3 23  83 12.00  4.49  0.00  0.00 259.5   0.0   0.0  3.80  36.6  60.6  3.65  0.00
 3 23  83 12.25  4.40  0.00  0.00 264.0   0.0   0.0  3.38  33.8  56.8  3.34  0.00
 3 23  83 12.50  4.32  0.00  0.00 274.0   0.0   0.0  3.26  33.8  60.2  2.69  0.00
 3 23  83 12.75  4.32  0.00  0.00 278.3   0.0   0.0  3.30  34.5  57.8  3.41  0.00
 3 23  83 13.00  4.24  0.00  0.00 297.1   0.0   0.0  4.39  47.3  86.8  2.41  0.00
 3 23  83 13.25  4.08  0.00  0.00 302.1   0.0   0.0  4.07  47.4  87.1  2.39  0.00
 3 23  83 13.50  4.08  0.00  0.00 308.9   0.0   0.0  4.22  49.1  90.3  2.39  0.00
 3 23  83 13.75  4.08  0.00  0.00 311.8   0.0   0.0  4.25  49.6  90.9  2.41  0.00
 3 23  83 14.00  4.08  0.00  0.00 304.1   0.0   0.0  4.08  47.5  87.0  2.42  0.00
 3 23  83 14.25  4.08  0.00  0.00 294.5   0.0   0.0  3.85  44.8  82.1  2.42  0.00
 3 23  83 14.50  3.92  0.00  0.00 292.7   0.0   0.0  3.49  44.0  80.7  2.40  0.00
 3 23  83 14.75  4.00  0.00  0.00 300.3   0.0   0.0  3.78  45.7  83.9  2.40  0.00
 3 23  83 15.00  3.92  0.00  0.00 291.1   0.0   0.0  3.44  43.4  79.7  2.40  0.00
 3 23  83 15.25  3.84  0.00  0.00 266.6   0.0   0.0  2.19  28.7  50.2  2.84  0.00
 3 23  83 15.50  3.84  0.00  0.00 291.0   0.0   0.0  3.34  44.0  80.4  2.43  0.00
 3 23  83 15.75  3.68  0.00  0.00 277.1   0.0   0.0  3.05  43.7  79.7  2.46  0.00
 3 23  83 16.00  3.44  0.00  0.00 284.5   0.0   0.0  2.94  48.3  87.8  2.50  0.00
 3 23  83 16.25  3.44  0.00  0.00 298.6   0.0   0.0  2.89  47.4  86.6  2.44  0.00
 3 23  83 16.50  3.36  0.00  0.00 291.5   0.0   0.0  2.66  47.3  69.5  6.00  0.00
 3 23  83 16.75  3.36  0.00  0.00 298.1   0.0   0.0  2.83  48.6  88.7  2.45  0.00
 3 23  83 17.00  3.36  0.00  0.00 321.2   0.0   0.0  2.91  49.9  91.2  2.44  0.00
 3 23  83 17.25  3.36  0.00  0.00 317.7   0.0   0.0  3.04  52.2  95.3  2.45  0.00
 3 23  83 17.50  3.36  0.00  0.00 287.6   0.0   0.0  1.89  32.3  55.9  2.94  0.00
 3 23  83 17.75  3.36  0.00  0.00 304.5   0.0   0.0  2.77  47.6  86.8  2.46  0.00
 3 23  83 18.00  3.28  0.00  0.00 313.1   0.0   0.0  2.73  49.1  89.6  2.46  0.00
 3 23  83 18.25  3.20  0.00  0.00 315.4   0.0   0.0  2.89  54.7 100.3  2.42  0.00
 3 23  83 18.50  3.28  0.00  0.00 318.5   0.0   0.0  2.88  51.8  94.6  2.45  0.00
 3 23  83 18.75  3.36  0.00  0.00 292.7   0.0   0.0  1.94  33.3  57.4  2.99  0.00
 3 23  83 19.00  3.36  0.00  0.00 293.9   0.0   0.0  1.75  29.9  51.0  3.18  0.00
 3 23  83 19.25  3.36  0.00  0.00 282.8   0.0   0.0  1.73  29.5  51.3  2.84  0.00
 3 23  83 19.50  3.36  0.00  0.00 317.2   0.0   0.0  3.26  56.1 102.3  2.47  0.00
 3 23  83 19.75  3.36  0.00  0.00 322.9   0.0   0.0  3.09  53.0  96.9  2.44  0.00
 3 23  83 20.00  3.36  0.00  0.00 319.4   0.0   0.0  3.28  58.3  85.1  6.00  0.00
 3 23  83 20.25  3.36  0.00  0.00 294.2   0.0   0.0  2.46  42.2  77.3  2.42  0.00
 3 23  83 20.50  3.36  0.00  0.00 294.4   0.0   0.0  2.73  47.0  85.6  2.47  0.00
 3 23  83 20.75  3.44  0.00  0.00 282.4   0.0   0.0  2.65  43.4  79.1  2.47  0.00
 3 23  83 21.00  3.52  0.00  0.00 275.2   0.0   0.0  2.63  41.2  75.3  2.45  0.00
 3 23  83 21.25  3.36  0.00  0.00 267.5   0.0   0.0  2.27  38.9  71.0  2.46  0.00
 3 23  83 21.50  3.28  0.00  0.00 260.5   0.0   0.0  2.55  46.0  83.0  2.57  0.00
 3 23  83 21.75  3.04  0.00  0.00 274.7   0.0   0.0  2.69  56.7 105.2  2.42  0.00
 3 23  83 22.00  3.06  0.00  0.00 269.8   0.0   0.0  2.74  57.0  96.4  3.37  0.00
 3 23  83 22.25  3.12  0.00  0.00 286.1   0.0   0.0  2.61  51.6  91.2  2.82  0.00
 3 23  83 22.50  3.20  0.00  0.00 265.8   0.0   0.0  2.61  48.7  84.2  3.12  0.00
 3 23  83 22.75  3.44  0.00  0.00 273.0   0.0   0.0  3.81  62.5  88.3  6.00  0.00
 3 23  83 23.00  3.85  0.00  0.00 223.6   0.0   0.0  2.11  25.0  44.8  2.33  0.00
 3 23  83 23.25  4.25  0.00  1.54 222.6   0.0 110.0  3.01  29.9  50.1  2.94  0.00
 3 23  83 23.50  4.17  0.00  1.70 218.3   0.0 111.3  2.96  30.0  49.5  3.02  0.00
 3 23  83 23.75  4.34  0.00  1.86 221.6   0.0 113.7  3.56  33.7  54.6  3.32  0.00
