mo da yda  time  FoF2  FoF1   FoE  HmF2  HmF1   HmE   Tec  HTop    B0    B1    D1
 1  6   6  0.00  2.08  0.00  0.00 258.8   0.0   0.0  0.88  38.5  67.3  2.95  0.00
 1  6   6  0.25  0.00  0.00  0.00   0.0   0.0   0.0  0.00   0.0   0.0  0.00  0.00
 1  6   6  0.50  2.40  0.00  0.00 294.3   0.0   0.0  1.67  55.1  86.6  4.34  0.00
 1  6   6  0.75  2.96  0.00  0.00 278.2   0.0   0.0  2.17  46.4  79.3  2.99  0.00
 1  6   6  1.00  3.68  0.00  0.00 245.0   0.0   0.0  2.49  33.9  57.7  3.00  0.00
 1  6   6  1.25  4.42  0.00  0.00 227.5   0.0   0.0  2.53  23.2  39.6  2.82  0.00
 1  6   6  1.50  4.89  0.00  0.00 216.6   0.0   0.0  3.11  23.3  43.0  2.29  0.00
 1  6   6  1.75  4.64  0.00  0.00 211.7   0.0   0.0  2.94  24.0  42.9  2.34  0.00
 1  6   6  2.00  4.88  0.00  1.70 219.8   0.0 108.8  4.14  31.2  60.4  2.08  0.00
 1  6   6  2.25  4.88  0.00  1.78 216.2   0.0 109.8  4.33  33.2  55.3  3.24  0.00
 1  6   6  2.50  4.92  0.00  1.86 212.1   0.0 108.6  3.91  28.8  51.8  2.43  0.00
 1  6   6  2.75  5.64  0.00  1.94 260.6   0.0 103.9  9.60  56.4 110.9  1.86  0.00
 1  6   6  3.00  6.12  3.24  2.02 244.6 183.4 102.7  6.12  29.0  66.5  1.21  0.50
 1  6   6  3.25  6.82  2.92  2.10 232.7 173.9 104.8  5.89  22.1  43.3  1.57  1.00
 1  6   6  3.50  6.82  3.36  2.18 228.5 199.5 104.4  5.23  20.0  27.5  5.79  0.50
 1  6   6  3.75  6.36  3.24  2.26 213.2 164.7 100.5  5.70  25.3  46.6  1.91  0.50
 1  6   6  4.00  6.34  3.32  2.26 217.0 173.7  99.3  5.38  23.8  42.7  1.98  0.50
 1  6   6  4.25  5.77  3.32  2.34 206.9 161.4 102.7  4.93  26.5  48.1  1.97  0.52
 1  6   6  4.50  5.53  3.40  2.34 206.0 162.1 104.9  4.72  27.7  50.2  2.00  0.50
 1  6   6  4.75  5.64  3.24  2.34 212.2 157.3 100.1  5.48  31.2  58.8  1.86  0.50
 1  6   6  5.00  5.53  3.32  2.34 222.9 162.4 101.7  6.49  39.5  69.1  2.50  0.50
 1  6   6  5.25  5.62  3.32  2.34 207.1 151.9 101.9  5.58  32.4  59.2  2.05  0.56
 1  6   6  5.50  5.62  3.24  2.34 210.0 152.3 100.6  5.40  30.9  65.0  1.47  0.50
 1  6   6  5.75  5.98  3.20  2.34 262.5 191.8 103.4  9.89  52.7  76.4  6.00  0.50
 1  6   6  6.00  5.56  3.32  2.26 213.5 164.6 102.8  5.48  32.6  51.1  3.39  0.54
 1  6   6  6.25  5.21  0.00  2.26 221.7   0.0  99.3  6.35  42.7  89.4  1.67  0.00
 1  6   6  6.50  5.68  0.00  2.26 239.2   0.0 109.0  7.30  40.6 102.8  1.21  0.00
 1  6   6  6.75  6.34  3.40  2.26 234.9 202.1 109.5  4.87  20.9  31.6  3.30  0.50
 1  6   6  7.00  6.02  2.84  2.18 212.2 165.8 105.7  4.65  22.8  40.7  2.08  0.66
 1  6   6  7.25  6.16  0.00  2.10 216.1   0.0 101.6  5.49  25.1  54.5  1.32  0.00
 1  6   6  7.50  5.54  2.84  2.02 213.6 168.0 106.7  4.36  25.6  44.9  2.31  0.52
 1  6   6  7.75  5.45  2.76  1.94 215.3 164.0 103.4  4.43  27.0  50.7  1.96  0.50
 1  6   6  8.00  5.28  0.00  1.86 216.3   0.0 107.3  4.90  32.0  54.9  2.78  0.00
 1  6   6  8.25  5.44  0.00  1.70 221.4   0.0 110.4  4.21  25.2  49.1  1.92  0.00
 1  6   6  8.50  5.22  0.00  0.00 206.6   0.0   0.0  2.65  16.7  28.4  2.62  0.00
 1  6   6  8.75  4.36  0.00  0.00 209.6   0.0   0.0  2.35  21.8  32.5  4.82  0.00
 1  6   6  9.00  4.28  0.00  0.00 230.7   0.0   0.0  2.69  25.9  52.6  1.74  0.00
 1  6   6  9.25  4.26  0.00  1.14 234.1   0.0 110.0  2.69  27.6  41.1  5.88  0.00
 1  6   6  9.50  4.08  0.00  0.00 240.4   0.0   0.0  3.21  36.8  63.9  3.17  0.00
 1  6   6  9.75  2.88  0.00  0.00 207.9   0.0   0.0  0.85  18.7  27.0  6.00  0.00
 1  6   6 10.00  2.88  0.00  0.00 254.6   0.0   0.0  1.51  35.4  50.8  6.00  0.00
 1  6   6 10.25  2.40  0.00  0.00 239.4   0.0   0.0  1.24  41.4  72.1  3.04  0.00
 1  6   6 10.50  2.48  0.00  0.00 274.0   0.0   0.0  1.32  41.3  73.6  2.73  0.00
 1  6   6 10.75  2.32  0.00  0.00 273.5   0.0   0.0  1.00  35.6  64.0  2.62  0.00
 1  6   6 11.00  2.32  0.00  0.00 295.0   0.0   0.0  1.27  45.6  81.9  2.63  0.00
 1  6   6 11.25  2.32  0.00  0.00 285.1   0.0   0.0  1.09  38.9  70.2  2.59  0.00
 1  6   6 11.50  2.40  0.00  0.00 282.0   0.0   0.0  1.41  47.4  85.0  2.64  0.00
 1  6   6 11.75  2.32  0.00  0.00 301.0   0.0   0.0  1.60  57.8 104.9  2.54  0.00
 1  6   6 12.00  2.32  0.00  0.00 270.6   0.0   0.0  1.18  42.6  76.0  2.70  0.00
 1  6   6 12.25  2.16  0.00  0.00 292.0   0.0   0.0  1.23  51.1  91.5  2.67  0.00
 1  6   6 12.50  2.16  0.00  0.00 311.6   0.0   0.0  1.18  48.9  87.9  2.62  0.00
 1  6   6 12.75  2.24  0.00  0.00 304.0   0.0   0.0  1.26  48.6  87.3  2.64  0.00
 1  6   6 13.00  2.32  0.00  0.00 310.9   0.0   0.0  1.47  53.0  95.2  2.62  0.00
 1  6   6 13.25  2.48  0.00  0.00 311.4   0.0   0.0  1.55  48.6  88.3  2.51  0.00
 1  6   6 13.50  2.56  0.00  0.00 283.1   0.0   0.0  1.18  34.8  60.6  2.95  0.00
 1  6   6 13.75  2.56  0.00  0.00 302.2   0.0   0.0  1.47  43.3  78.4  2.53  0.00
 1  6   6 14.00  2.88  0.00  0.00 286.6   0.0   0.0  1.37  32.0  54.3  3.28  0.00
 1  6   6 14.25  2.96  0.00  0.00 266.6   0.0   0.0  1.17  25.9  43.1  3.47  0.00
 1  6   6 14.50  2.88  0.00  0.00 291.8   0.0   0.0  2.02  47.1  85.6  2.50  0.00
 1  6   6 14.75  2.88  0.00  0.00 299.1   0.0   0.0  1.64  38.7  63.0  3.92  0.00
 1  6   6 15.00  2.88  0.00  0.00 296.8   0.0   0.0  1.42  33.1  54.8  3.64  0.00
 1  6   6 15.25  2.88  0.00  0.00 299.3   0.0   0.0  1.50  35.1  56.6  4.02  0.00
 1  6   6 15.50  3.28  0.00  0.00 307.0   0.0   0.0  1.77  31.6  55.6  2.78  0.00
 1  6   6 15.75  3.36  0.00  0.00 300.7   0.0   0.0  1.86  31.9  54.4  3.14  0.00
 1  6   6 16.00  3.52  0.00  0.00 291.4   0.0   0.0  1.98  30.7  54.4  2.68  0.00
 1  6   6 16.25  3.68  0.00  0.00 276.0   0.0   0.0  2.38  34.1  60.1  2.79  0.00
 1  6   6 16.75  3.52  0.00  0.00 253.1   0.0   0.0  1.49  23.1  41.7  2.49  0.00
 1  6   6 17.00  3.36  0.00  0.00 277.9   0.0   0.0  2.35  41.0  67.9  3.72  0.00
 1  6   6 17.25  3.36  0.00  0.00 294.3   0.0   0.0  2.02  34.8  58.1  3.50  0.00
 1  6   6 17.50  3.28  0.00  0.00 292.4   0.0   0.0  1.89  33.9  59.5  2.82  0.00
 1  6   6 17.75  3.36  0.00  0.00 287.7   0.0   0.0  1.78  30.4  54.9  2.52  0.00
 1  6   6 18.00  3.36  0.00  0.00 291.0   0.0   0.0  1.91  32.7  56.9  2.89  0.00
 1  6   6 18.25  3.28  0.00  0.00 284.1   0.0   0.0  2.00  35.9  63.8  2.68  0.00
 1  6   6 18.50  3.44  0.00  0.00 276.7   0.0   0.0  1.70  27.6  48.9  2.65  0.00
 1  6   6 18.75  3.52  0.00  0.00 271.5   0.0   0.0  1.57  24.3  43.6  2.60  0.00
 1  6   6 19.00  3.52  0.00  0.00 247.2   0.0   0.0  1.42  22.2  39.0  2.77  0.00
 1  6   6 19.25  3.44  0.00  0.00 262.1   0.0   0.0  2.43  40.0  72.5  2.51  0.00
 1  6   6 19.50  3.20  0.00  0.00 244.2   0.0   0.0  1.33  25.1  43.5  2.90  0.00
 1  6   6 19.75  3.20  0.00  0.00 252.5   0.0   0.0  1.42  27.1  45.3  3.47  0.00
 1  6   6 20.00  3.04  0.00  0.00 266.5   0.0   0.0  1.37  28.6  51.5  2.62  0.00
 1  6   6 20.25  3.04  0.00  0.00 269.6   0.0   0.0  1.38  28.7  50.4  2.77  0.00
 1  6   6 20.50  2.96  0.00  0.00 273.3   0.0   0.0  1.42  31.3  53.3  3.16  0.00
 1  6   6 20.75  2.96  0.00  0.00 264.5   0.0   0.0  1.26  27.4  50.1  2.43  0.00
 1  6   6 21.00  2.88  0.00  0.00 288.1   0.0   0.0  1.74  40.5  70.6  2.87  0.00
 1  6   6 21.25  2.96  0.00  0.00 275.2   0.0   0.0  1.17  25.4  45.7  2.52  0.00
 1  6   6 21.50  3.04  0.00  0.00 264.5   0.0   0.0  1.10  22.5  41.0  2.42  0.00
 1  6   6 21.75  2.96  0.00  0.00 275.1   0.0   0.0  1.84  40.6  74.1  2.45  0.00
 1  6   6 22.00  2.88  0.00  0.00 266.0   0.0   0.0  1.83  43.9  65.3  6.00  0.00
 1  6   6 22.25  2.88  0.00  0.00 241.3   0.0   0.0  1.05  24.4  41.4  3.19  0.00
 1  6   6 22.50  2.72  0.00  0.00 257.5   0.0   0.0  1.45  38.0  68.8  2.53  0.00
 1  6   6 22.75  2.64  0.00  0.00 253.8   0.0   0.0  1.41  39.3  70.9  2.58  0.00
 1  6   6 23.00  2.40  0.00  0.00 268.5   0.0   0.0  1.48  50.2  89.2  2.78  0.00
 1  6   6 23.25  2.96  0.00  0.00 287.8   0.0   0.0  1.72  38.0  72.6  2.26  0.00
 1  6   6 23.50  3.20  0.00  0.00 295.1   0.0   0.0  1.81  33.8  65.1  2.13  0.00
 1  6   6 23.75  3.04  0.00  0.00 269.0   0.0   0.0  1.44  29.6  58.7  2.03  0.00
