mo da yda  time  FoF2  FoF1   FoE  HmF2  HmF1   HmE   Tec  HTop    B0    B1    D1
11 30 335  0.00  2.48  0.00  0.00 240.9   0.0   0.0  1.40  43.6  74.1  3.46  0.00
11 30 335  0.25  2.56  0.00  0.00 246.6   0.0   0.0  1.44  41.4  69.8  3.56  0.00
11 30 335  0.50  3.12  0.00  0.00 245.6   0.0   0.0  2.18  42.4  72.1  3.39  0.00
11 30 335  0.75  3.37  0.00  0.00 222.2   0.0   0.0  1.95  31.6  49.9  4.23  0.00
11 30 335  1.00  3.84  0.00  0.00 233.8   0.0   0.0  2.79  34.3  62.6  2.21  0.00
11 30 335  1.25  4.42  0.00  0.00 198.1   0.0   0.0  2.30  20.8  34.5  2.81  0.00
11 30 335  1.50  4.25  0.00  1.62 218.5   0.0 102.3  2.84  27.5  48.9  2.42  0.00
11 30 335  1.75  4.64  0.00  1.78 214.1   0.0 101.3  3.80  31.2  67.8  1.51  0.00
11 30 335  2.00  5.36  0.00  1.86 211.7   0.0 107.2  3.90  23.5  48.0  1.46  0.00
11 30 335  2.25  5.52  0.00  1.94 214.4   0.0 104.4  5.65  34.0  64.4  2.06  0.00
11 30 335  2.50  5.84  0.00  2.02 197.5   0.0 103.4  4.28  22.0  40.8  1.86  0.00
11 30 335  2.75  5.12  0.00  2.10 211.7   0.0 107.0  4.91  33.7  65.8  1.89  0.00
11 30 335  3.00  5.60  0.00  2.18 206.1   0.0 104.4  4.62  25.7  52.3  1.61  0.00
11 30 335  3.25  5.44  0.00  2.18 193.3   0.0 101.6  4.50  27.0  55.8  1.73  0.00
11 30 335  3.50  5.05  3.24  2.26 191.3 153.0 103.5  3.76  26.8  43.1  2.78  0.50
11 30 335  3.75  5.04  3.16  2.34 214.6 152.8 105.2  5.43  39.6  81.0  1.77  0.00
11 30 335  4.00  5.12  0.00  2.34 216.8   0.0 103.4  5.43  36.9  94.0  1.20  0.00
11 30 335  4.25  5.85  3.56  2.34 218.2 168.3 103.9  5.65  29.5  61.2  1.44  0.50
11 30 335  4.50  5.61  3.40  2.34 216.6 167.5 106.7  5.35  30.9  57.5  2.08  0.50
11 30 335  4.75  5.92  3.48  2.34 203.8 180.6 104.6  3.72  18.2  22.8  5.61  0.50
11 30 335  5.00  5.13  3.56  2.34 207.5 165.9 103.1  4.70  32.4  52.8  2.36  0.58
11 30 335  5.25  5.62  3.48  2.34 228.4 175.7 103.7  6.35  37.0  61.3  2.85  0.50
11 30 335  5.50  5.68  3.40  2.34 214.9 168.8 104.8  4.99  27.3  51.8  1.71  0.50
11 30 335  5.75  5.37  3.16  2.34 206.1 155.9 102.0  5.17  33.1  51.8  3.26  0.60
11 30 335  6.00  5.29  3.24  2.34 212.4 153.6 103.7  5.97  40.2  64.9  3.76  0.50
11 30 335  6.25  5.05  0.00  2.26 206.4   0.0 104.9  4.90  34.6  64.8  2.06  0.00
11 30 335  6.50  5.40  0.00  2.26 230.4   0.0 101.5  7.43  47.6  71.8  4.53  0.00
11 30 335  6.75  4.73  0.00  2.18 187.5   0.0 106.2  3.05  23.3  46.9  1.60  0.00
11 30 335  7.00  4.57  0.00  2.10 216.4   0.0 102.0  4.64  40.5  67.0  3.03  0.00
11 30 335  7.25  5.84  0.00  2.02 227.6   0.0 103.9  5.75  29.6  67.0  1.31  0.00
11 30 335  7.50  5.85  0.00  1.94 216.7   0.0 107.1  4.20  21.5  34.0  3.00  0.00
11 30 335  7.75  5.60  0.00  0.00 215.4   0.0   0.0  6.13  36.8  57.5  4.39  0.00
11 30 335  8.00  5.12  0.00  1.78 201.9   0.0  99.9  3.30  21.7  41.5  1.77  0.00
11 30 335  8.25  5.04  0.00  0.00 210.5   0.0   0.0  3.82  27.1  51.9  2.02  0.00
11 30 335  8.50  4.72  0.00  0.00 201.4   0.0   0.0  2.59  20.8  30.8  5.27  0.00
11 30 335  8.75  4.08  0.00  0.00 197.9   0.0   0.0  1.62  16.7  29.8  2.38  0.00
11 30 335  9.00  3.68  0.00  0.00 228.5   0.0   0.0  2.82  39.2  67.4  3.22  0.00
11 30 335  9.25  3.44  0.00  0.00 262.9   0.0   0.0  2.66  42.5  69.4  3.81  0.00
11 30 335  9.50  2.96  0.00  0.00 273.4   0.0   0.0  2.57  56.7  98.3  3.15  0.00
11 30 335  9.75  2.72  0.00  0.00 260.3   0.0   0.0  1.67  43.5  75.0  3.18  0.00
11 30 335 10.00  0.00  0.00  0.00   0.0   0.0   0.0  0.00   0.0   0.0  0.00  0.00
11 30 335 10.25  0.00  0.00  0.00   0.0   0.0   0.0  0.00   0.0   0.0  0.00  0.00
11 30 335 10.50  2.40  0.00  0.00 265.0   0.0   0.0  1.22  41.1  73.3  2.72  0.00
11 30 335 10.75  2.32  0.00  0.00 285.7   0.0   0.0  1.30  46.6  83.3  2.69  0.00
11 30 335 11.00  2.32  0.00  0.00 276.0   0.0   0.0  1.11  40.0  71.7  2.64  0.00
11 30 335 11.25  2.32  0.00  0.00 289.6   0.0   0.0  1.39  50.0  89.5  2.66  0.00
11 30 335 11.50  2.24  0.00  0.00 269.1   0.0   0.0  1.02  39.4  70.5  2.65  0.00
11 30 335 11.75  2.24  0.00  0.00 269.1   0.0   0.0  1.02  39.4  70.5  2.65  0.00
11 30 335 12.00  2.24  0.00  0.00 273.9   0.0   0.0  1.00  38.4  69.1  2.60  0.00
11 30 335 12.25  0.00  0.00  0.00   0.0   0.0   0.0  0.00   0.0   0.0  0.00  0.00
11 30 335 12.50  0.00  0.00  0.00   0.0   0.0   0.0  0.00   0.0   0.0  0.00  0.00
11 30 335 12.75  0.00  0.00  0.00   0.0   0.0   0.0  0.00   0.0   0.0  0.00  0.00
11 30 335 13.00  2.56  0.00  0.00 263.1   0.0   0.0  1.22  36.0  64.8  2.60  0.00
11 30 335 13.25  2.48  0.00  0.00 269.9   0.0   0.0  1.25  39.2  70.8  2.57  0.00
11 30 335 13.50  2.56  0.00  0.00 262.6   0.0   0.0  1.33  39.3  70.6  2.63  0.00
11 30 335 13.75  2.56  0.00  0.00 260.9   0.0   0.0  1.40  41.5  74.4  2.66  0.00
11 30 335 14.00  2.48  0.00  0.00 255.9   0.0   0.0  1.16  36.5  65.4  2.66  0.00
11 30 335 14.25  2.56  0.00  0.00 278.5   0.0   0.0  1.45  42.8  76.8  2.64  0.00
11 30 335 14.50  2.72  0.00  0.00 280.7   0.0   0.0  1.63  42.6  77.0  2.57  0.00
11 30 335 14.75  2.80  0.00  0.00 282.7   0.0   0.0  1.79  44.2  79.9  2.55  0.00
11 30 335 15.00  2.88  0.00  0.00 263.8   0.0   0.0  1.65  38.5  69.7  2.55  0.00
11 30 335 15.25  2.96  0.00  0.00 286.8   0.0   0.0  2.19  48.6  87.9  2.56  0.00
11 30 335 15.50  2.96  0.00  0.00 285.7   0.0   0.0  2.13  47.4  85.4  2.58  0.00
11 30 335 15.75  2.96  0.00  0.00 274.7   0.0   0.0  1.78  39.3  71.1  2.54  0.00
11 30 335 16.00  3.12  0.00  0.00 293.0   0.0   0.0  2.23  44.4  81.0  2.46  0.00
11 30 335 16.25  3.20  0.00  0.00 291.8   0.0   0.0  2.31  43.7  79.8  2.45  0.00
11 30 335 16.50  3.36  0.00  0.00 289.9   0.0   0.0  2.74  47.1  85.5  2.50  0.00
11 30 335 16.75  3.36  0.00  0.00 286.4   0.0   0.0  2.58  44.4  80.9  2.47  0.00
11 30 335 17.00  3.28  0.00  0.00 286.4   0.0   0.0  2.34  42.1  76.5  2.49  0.00
11 30 335 17.25  3.20  0.00  0.00 290.8   0.0   0.0  2.28  43.0  78.6  2.45  0.00
11 30 335 17.50  3.12  0.00  0.00 283.5   0.0   0.0  2.17  43.1  78.4  2.49  0.00
11 30 335 17.75  3.12  0.00  0.00 262.8   0.0   0.0  1.85  36.9  67.2  2.48  0.00
11 30 335 18.00  3.20  0.00  0.00 265.3   0.0   0.0  1.99  37.7  68.7  2.46  0.00
11 30 335 18.25  3.20  0.00  0.00 272.9   0.0   0.0  2.34  44.3  80.5  2.51  0.00
11 30 335 18.50  3.04  0.00  0.00 268.5   0.0   0.0  1.86  38.9  70.9  2.47  0.00
11 30 335 18.75  3.12  0.00  0.00 297.7   0.0   0.0  2.40  47.7  86.9  2.48  0.00
11 30 335 19.00  3.04  0.00  0.00 291.3   0.0   0.0  2.03  42.6  77.7  2.46  0.00
11 30 335 19.25  3.20  0.00  0.00 294.9   0.0   0.0  2.28  43.1  78.7  2.44  0.00
11 30 335 19.50  3.28  0.00  0.00 281.1   0.0   0.0  2.36  42.6  77.5  2.49  0.00
11 30 335 19.75  3.20  0.00  0.00 280.5   0.0   0.0  2.17  41.0  74.6  2.47  0.00
11 30 335 20.00  3.12  0.00  0.00 280.8   0.0   0.0  2.16  43.1  78.1  2.53  0.00
11 30 335 20.25  3.04  0.00  0.00 296.4   0.0   0.0  2.06  43.1  78.3  2.50  0.00
11 30 335 20.50  3.04  0.00  0.00 278.5   0.0   0.0  2.05  42.9  78.1  2.48  0.00
11 30 335 20.75  3.12  0.00  0.00 297.0   0.0   0.0  2.21  43.9  80.1  2.45  0.00
11 30 335 21.00  3.20  0.00  0.00 280.0   0.0   0.0  2.15  40.6  74.0  2.46  0.00
11 30 335 21.25  3.12  0.00  0.00 281.5   0.0   0.0  1.99  39.6  72.0  2.50  0.00
11 30 335 21.50  3.04  0.00  0.00 284.2   0.0   0.0  2.20  46.2  83.9  2.50  0.00
11 30 335 21.75  2.88  0.00  0.00 296.2   0.0   0.0  1.78  41.5  75.3  2.51  0.00
11 30 335 22.00  2.80  0.00  0.00 293.4   0.0   0.0  1.88  46.4  83.8  2.57  0.00
11 30 335 22.25  2.72  0.00  0.00 287.1   0.0   0.0  1.69  44.3  79.9  2.60  0.00
11 30 335 22.50  2.64  0.00  0.00 281.2   0.0   0.0  1.30  36.0  65.3  2.52  0.00
11 30 335 22.75  2.56  0.00  0.00 285.4   0.0   0.0  1.80  53.4  96.5  2.58  0.00
11 30 335 23.00  2.56  0.00  0.00 288.5   0.0   0.0  1.52  44.9  80.8  2.60  0.00
11 30 335 23.25  2.40  0.00  0.00 276.5   0.0   0.0  1.36  45.8  81.4  2.75  0.00
11 30 335 23.50  2.32  0.00  0.00 277.3   0.0   0.0  1.41  50.8  89.2  2.93  0.00
11 30 335 23.75  2.24  0.00  0.00 268.7   0.0   0.0  1.28  49.1  84.4  3.26  0.00
