mo da yda  time  FoF2  FoF1   FoE  HmF2  HmF1   HmE   Tec  HTop    B0    B1    D1
 3 20  80  0.00  4.09  0.00  1.86 213.9   0.0 106.3  3.18  33.4  65.1  1.84  0.00
 3 20  80  0.25  4.08  0.00  2.02 221.7   0.0 110.4  4.16  45.6  78.0  2.87  0.00
 3 20  80  0.50  4.60  3.32  2.10 250.8 176.5 111.1  6.74  61.0  97.0  3.45  0.50
 3 20  80  0.75  4.97  3.40  2.26 221.5 175.5 104.3  4.78  35.0  57.8  2.34  0.50
 3 20  80  1.00  4.98  3.32  2.34 219.0 166.4 109.6  5.11  37.8  63.8  2.46  0.50
 3 20  80  1.25  5.06  3.56  2.42 217.5 164.6 105.2  5.71  41.4  68.7  2.59  0.50
 3 20  80  1.50  4.89  3.48  2.50 208.4 160.5 106.1  4.99  38.5  62.8  2.62  0.50
 3 20  80  1.75  4.92  3.88  2.58 245.1 162.8 101.2  9.13  73.3 141.1  2.36  0.00
 3 20  80  2.00  5.37  3.88  2.58 237.2 174.5 101.8  7.71  49.4  86.3  1.94  0.60
 3 20  80  2.25  5.62  3.80  2.66 226.1 168.4 101.9  7.25  42.1  68.0  2.36  1.00
 3 20  80  2.50  5.54  3.88  2.74 227.2 166.9  99.5  7.77  47.1  77.2  2.43  0.53
 3 20  80  2.75  5.53  3.88  2.74 220.6 164.3 100.9  7.11  42.9  72.5  2.12  0.60
 3 20  80  3.00  5.64  3.96  2.82 222.2 162.2 100.2  7.99  46.9  76.1  2.48  0.60
 3 20  80  3.25  5.64  3.96  2.82 238.3 162.4  99.7  9.55  56.6 107.1  1.90  0.50
 3 20  80  3.50  5.93  3.96  2.82 228.0 165.7 101.3  8.07  41.8  71.3  2.00  1.00
 3 20  80  3.75  6.00  3.94  2.82 211.4 165.0 102.0  6.44  32.0  49.5  2.34  1.00
 3 20  80  4.00  5.62  4.12  2.90 213.6 161.5 101.7  7.70  45.9  67.6  3.49  0.50
 3 20  80  4.25  5.61  4.12  2.90 239.4 164.0 102.8  9.55  56.9 113.8  1.57  0.50
 3 20  80  4.75  5.77  4.04  2.90 213.6 157.9 103.4  7.62  42.5  69.6  2.29  1.00
 3 20  80  5.00  5.45  3.96  2.90 224.9 157.5 102.2  8.33  52.7  94.5  1.95  0.65
 3 20  80  5.25  5.70  3.94  2.90 231.3 154.8 102.2  9.17  52.9  92.5  2.08  1.00
 3 20  80  5.50  5.69  4.04  2.90 221.2 164.7 102.6  7.84  44.7  72.7  2.16  1.00
 3 20  80  5.75  5.77  4.02  2.90 226.9 158.4 100.6  8.92  50.1  86.2  2.13  1.00
 3 20  80  6.00  5.70  4.04  2.90 218.7 162.3 102.6  7.79  44.4  71.5  2.28  1.00
 3 20  80  6.25  5.46  4.04  2.82 223.2 165.6 101.8  7.91  49.8  81.6  2.38  0.54
 3 20  80  6.50  5.46  4.04  2.90 213.7 164.1 103.2  7.02  43.8  66.9  2.67  0.58
 3 20  80  6.75  5.30  4.04  2.82 227.2 162.3 102.0  8.42  57.0  99.0  2.26  0.50
 3 20  80  7.00  5.38  3.96  2.82 215.9 164.7 105.2  6.76  43.2  70.1  2.26  0.60
 3 20  80  7.25  5.14  3.88  2.82 219.6 158.5 103.3  7.39  53.0  89.6  2.44  0.50
 3 20  80  7.50  5.06  3.88  2.74 216.3 166.0 106.3  6.33  46.1  77.1  2.21  0.50
 3 20  80  7.75  4.92  3.80  2.74 226.4 160.1 104.0  7.63  60.5  96.5  3.17  0.50
 3 20  80  8.00  5.04  3.72  2.66 223.6 159.8 102.8  6.79  50.0  98.4  1.74  0.50
 3 20  80  8.25  5.06  3.72  2.66 225.2 162.7 103.4  7.19  53.2  84.2  3.05  0.50
 3 20  80  8.50  5.13  3.64  2.58 223.1 162.7 102.2  6.61  46.9  79.4  2.39  0.50
 3 20  80  8.75  5.14  3.48  2.50 218.0 156.8 102.1  6.25  44.2  76.0  2.36  0.51
 3 20  80  9.25  5.06  3.24  2.34 226.1 160.6 103.8  6.28  46.1  75.4  2.92  0.50
 3 20  80  9.50  4.98  3.16  2.26 232.1 160.5 104.3  6.54  49.9  82.2  3.00  0.50
 3 20  80  9.75  5.14  3.08  2.18 229.8 167.7 111.5  5.34  36.8  71.8  1.85  0.50
 3 20  80 10.00  5.13  0.00  2.10 227.8   0.0 113.7  5.14  34.8  64.9  1.97  0.00
 3 20  80 10.25  4.97  0.00  1.94 230.9   0.0 112.9  4.87  35.5  64.3  2.20  0.00
 3 20  80 10.50  4.89  0.00  1.86 231.7   0.0 111.9  4.62  34.7  64.7  2.09  0.00
 3 20  80 10.75  4.89  0.00  0.00 233.3   0.0   0.0  4.03  30.3  53.4  2.41  0.00
 3 20  80 11.00  4.96  0.00  0.00 236.0   0.0   0.0  4.12  30.6  51.0  3.16  0.00
 3 20  80 11.25  4.88  0.00  0.00 234.9   0.0   0.0  3.47  26.6  47.3  2.50  0.00
 3 20  80 11.50  4.81  0.00  0.00 242.6   0.0   0.0  3.67  30.0  51.1  3.18  0.00
 3 20  80 11.75  4.56  0.00  0.00 257.3   0.0   0.0  4.39  40.6  72.8  2.65  0.00
 3 20  80 12.00  4.32  0.00  0.00 250.3   0.0   0.0  2.91  30.1  49.0  3.70  0.00
 3 20  80 12.25  4.16  0.00  0.00 285.3   0.0   0.0  4.77  53.6  97.5  2.51  0.00
 3 20  80 12.50  4.00  0.00  0.00 282.1   0.0   0.0  3.19  38.5  69.7  2.52  0.00
 3 20  80 12.75  4.00  0.00  0.00 305.0   0.0   0.0  3.88  47.0  86.1  2.41  0.00
 3 20  80 13.00  4.00  0.00  0.00 295.2   0.0   0.0  4.01  50.3  74.7  6.00  0.00
 3 20  80 13.25  4.08  0.00  0.00 304.1   0.0   0.0  4.07  47.4  87.0  2.40  0.00
 3 20  80 13.50  4.00  0.00  0.00 299.4   0.0   0.0  3.54  42.8  78.7  2.39  0.00
 3 20  80 13.75  4.00  0.00  0.00 296.2   0.0   0.0  3.66  44.3  81.2  2.41  0.00
 3 20  80 14.00  3.84  0.00  0.00 288.9   0.0   0.0  3.18  41.8  76.6  2.40  0.00
 3 20  80 14.25  3.84  0.00  0.00 306.4   0.0   0.0  3.85  50.7  92.5  2.45  0.00
 3 20  80 14.50  3.84  0.00  0.00 303.5   0.0   0.0  3.64  47.8  87.6  2.41  0.00
 3 20  80 14.75  3.84  0.00  0.00 292.6   0.0   0.0  3.49  45.9  83.9  2.44  0.00
 3 20  80 15.00  3.68  0.00  0.00 296.6   0.0   0.0  3.44  49.3  90.1  2.44  0.00
 3 20  80 15.25  3.68  0.00  0.00 302.7   0.0   0.0  3.27  46.8  85.7  2.41  0.00
 3 20  80 15.50  3.68  0.00  0.00 308.5   0.0   0.0  3.17  45.3  83.1  2.40  0.00
 3 20  80 15.75  3.68  0.00  0.00 301.2   0.0   0.0  3.36  48.2  87.9  2.46  0.00
 3 20  80 16.00  3.68  0.00  0.00 308.5   0.0   0.0  3.12  44.6  81.9  2.40  0.00
 3 20  80 16.25  3.68  0.00  0.00 299.7   0.0   0.0  3.23  46.2  84.5  2.44  0.00
 3 20  80 16.50  3.68  0.00  0.00 302.4   0.0   0.0  3.16  45.2  82.9  2.41  0.00
 3 20  80 16.75  3.68  0.00  0.00 293.1   0.0   0.0  3.15  45.1  82.4  2.44  0.00
 3 20  80 17.00  3.84  0.00  0.00 296.4   0.0   0.0  3.36  44.2  81.0  2.41  0.00
 3 20  80 17.25  3.76  0.00  0.00 290.4   0.0   0.0  3.52  48.4  88.2  2.47  0.00
 3 20  80 17.50  3.60  0.00  0.00 306.9   0.0   0.0  3.24  48.3  88.6  2.41  0.00
 3 20  80 17.75  3.60  0.00  0.00 297.9   0.0   0.0  3.06  45.7  83.6  2.43  0.00
 3 20  80 18.00  3.68  0.00  0.00 298.1   0.0   0.0  3.15  45.1  82.6  2.42  0.00
 3 20  80 18.25  3.76  0.00  0.00 306.7   0.0   0.0  3.39  46.5  85.4  2.39  0.00
 3 20  80 18.50  3.60  0.00  0.00 295.4   0.0   0.0  3.11  46.5  85.3  2.41  0.00
 3 20  80 18.75  3.60  0.00  0.00 290.4   0.0   0.0  3.07  45.9  84.0  2.44  0.00
 3 20  80 19.00  3.44  0.00  0.00 292.7   0.0   0.0  2.95  48.5  88.3  2.47  0.00
 3 20  80 19.25  3.36  0.00  0.00 294.8   0.0   0.0  2.73  46.9  85.5  2.46  0.00
 3 20  80 19.50  3.36  0.00  0.00 293.9   0.0   0.0  2.96  50.9  92.5  2.51  0.00
 3 20  80 19.75  3.36  0.00  0.00 288.4   0.0   0.0  2.83  48.8  88.4  2.53  0.00
 3 20  80 20.00  3.28  0.00  0.00 296.2   0.0   0.0  3.10  56.1 103.2  2.41  0.00
 3 20  80 20.25  3.20  0.00  0.00 298.5   0.0   0.0  3.01  57.2 105.9  2.37  0.00
 3 20  80 20.50  3.20  0.00  0.00 299.5   0.0   0.0  2.46  46.6  84.9  2.47  0.00
 3 20  80 20.75  3.20  0.00  0.00 290.4   0.0   0.0  2.68  50.9  91.8  2.58  0.00
 3 20  80 21.00  3.12  0.00  0.00 286.5   0.0   0.0  2.63  52.7  96.0  2.48  0.00
 3 20  80 21.25  3.12  0.00  0.00 287.6   0.0   0.0  2.65  53.0  96.9  2.45  0.00
 3 20  80 21.50  3.04  0.00  0.00 287.2   0.0   0.0  2.20  46.1  83.4  2.55  0.00
 3 20  80 21.75  3.04  0.00  0.00 278.2   0.0   0.0  2.33  48.9  87.5  2.67  0.00
 3 20  80 22.00  2.96  0.00  0.00 268.1   0.0   0.0  2.09  46.3  82.1  2.80  0.00
 3 20  80 22.25  3.00  0.00  0.00 275.9   0.0   0.0  2.37  51.5  78.8  5.18  0.00
 3 20  80 22.50  2.97  0.00  0.00 252.8   0.0   0.0  1.63  34.6  59.8  2.89  0.00
 3 20  80 22.75  3.28  0.00  0.00 261.2   0.0   0.0  2.78  49.0  85.1  3.05  0.00
 3 20  80 23.00  3.53  0.00  0.00 224.4   0.0   0.0  1.85  26.5  41.9  3.74  0.00
 3 20  80 23.25  3.61  0.00  0.00 220.7   0.0   0.0  2.15  29.3  43.5  4.90  0.00
 3 20  80 23.50  3.85  0.00  1.54 218.9   0.0 113.4  2.58  30.9  51.2  3.01  0.00
 3 20  80 23.75  3.94  0.00  1.70 224.5   0.0 122.2  2.59  29.1  40.5  5.80  0.00
