mo da yda  time  FoF2  FoF1   FoE  HmF2  HmF1   HmE   Tec  HTop    B0    B1    D1
 2  4  35  0.00  2.96  0.00  0.00 257.7   0.0   0.0  1.31  27.2  51.3  2.12  0.00
 2  4  35  0.25  3.12  0.00  0.00 260.3   0.0   0.0  2.01  38.5  63.3  3.44  0.00
 2  4  35  0.50  3.44  0.00  0.00 235.0   0.0   0.0  1.93  29.3  51.5  2.42  0.00
 2  4  35  0.75  3.54  0.00  0.00 234.3   0.0   0.0  2.35  34.0  52.4  4.11  0.00
 2  4  35  1.00  3.52  0.00  0.00 209.9   0.0   0.0  2.01  28.0  56.2  1.83  0.00
 2  4  35  1.25  3.78  0.00  0.00 230.7   0.0   0.0  3.03  37.8  65.7  2.65  0.00
 2  4  35  1.50  4.08  0.00  0.00 214.6   0.0   0.0  3.24  34.5  69.6  1.91  0.00
 2  4  35  1.75  4.48  0.00  0.00 211.4   0.0   0.0  3.39  29.3  65.9  1.32  0.00
 2  4  35  2.00  4.48  0.00  0.00 207.4   0.0   0.0  3.56  31.1  65.2  1.57  0.00
 2  4  35  2.25  4.98  3.32  0.00 221.4 177.4   0.0  4.31  31.2  56.0  2.01  0.50
 2  4  35  2.50  4.96  0.00  0.00 211.0   0.0   0.0  4.06  28.4  63.1  1.29  0.00
 2  4  35  2.75  4.90  3.13  0.00 210.2 165.5   0.0  3.95  29.3  53.4  1.97  0.50
 2  4  35  3.00  4.64  0.00  0.00 219.0   0.0   0.0  5.55  47.5  83.7  2.67  0.00
 2  4  35  3.25  5.36  0.00  2.34 224.4   0.0  96.2  6.47  40.4  89.7  1.36  0.00
 2  4  35  3.50  5.85  3.64  0.00 209.9 171.7   0.0  4.75  24.3  42.0  2.06  0.54
 2  4  35  3.75  4.96  0.00  0.00 208.7   0.0   0.0  5.06  36.7  75.1  1.74  0.00
 2  4  35  4.00  5.21  3.48  0.00 213.3 170.0   0.0  4.74  31.2  56.2  2.00  0.50
 2  4  35  4.25  5.21  3.56  0.00 209.7 170.3   0.0  4.49  29.3  54.6  1.80  0.50
 2  4  35  4.50  4.90  3.48  0.00 205.4 158.2   0.0  4.71  35.8  65.7  2.04  0.50
 2  4  35  4.75  5.04  0.00  0.00 210.3   0.0   0.0  5.90  42.5  86.5  1.86  0.00
 2  4  35  5.00  5.46  3.83  0.00 213.7 171.9   0.0  5.32  31.7  57.1  1.68  0.59
 2  4  35  5.25  5.52  0.00  0.00 221.7   0.0   0.0  7.06  42.2  80.8  1.94  0.00
 2  4  35  5.50  5.70  3.72  0.00 217.4 177.4   0.0  5.34  29.2  47.3  2.42  0.50
 2  4  35  5.75  5.56  3.64  0.00 228.8 166.5   0.0  7.67  46.8  70.7  3.70  0.50
 2  4  35  6.00  5.38  3.56  0.00 211.2 166.8   0.0  5.00  30.9  55.0  2.02  0.50
 2  4  35  6.25  5.30  3.56  0.00 208.4 161.6   0.0  5.11  32.9  58.8  2.04  0.50
 2  4  35  6.50  5.30  3.48  0.00 215.8 161.7   0.0  5.61  36.4  67.7  1.97  0.50
 2  4  35  6.75  5.22  3.48  0.00 210.7 167.3   0.0  4.71  31.0  54.9  2.09  0.50
 2  4  35  7.00  5.20  0.00  0.00 215.4   0.0   0.0  5.56  36.8  70.4  1.94  0.00
 2  4  35  7.25  5.54  3.34  0.00 220.0 165.4   0.0  5.49  32.1  60.7  1.82  0.55
 2  4  35  7.50  5.38  3.32  0.00 216.1 170.4   0.0  4.72  29.1  53.0  1.98  0.50
 2  4  35  7.75  5.37  3.19  0.00 227.6 194.4   0.0  4.02  24.1  36.5  3.36  0.50
 2  4  35  8.00  5.36  0.00  0.00 216.8   0.0   0.0  5.37  33.2  69.9  1.54  0.00
 2  4  35  8.25  5.36  0.00  0.00 220.8   0.0   0.0  5.50  34.3  69.1  1.75  0.00
 2  4  35  8.50  5.52  0.00  0.00 218.7   0.0   0.0  5.07  29.4  61.4  1.53  0.00
 2  4  35  8.75  5.20  0.00  0.00 208.9   0.0   0.0  4.10  26.7  54.1  1.67  0.00
 2  4  35  9.00  5.52  0.00  0.00 220.0   0.0   0.0  4.83  28.4  55.6  1.79  0.00
 2  4  35  9.25  5.20  0.00  0.00 205.6   0.0   0.0  3.64  24.0  46.4  1.88  0.00
 2  4  35  9.50  4.80  0.00  0.00 214.2   0.0   0.0  3.44  26.8  52.2  1.94  0.00
 2  4  35  9.75  4.48  0.00  0.00 215.7   0.0   0.0  2.84  25.5  45.1  2.55  0.00
 2  4  35 10.00  4.24  0.00  0.00 220.7   0.0   0.0  2.58  26.2  46.9  2.52  0.00
 2  4  35 10.25  3.84  0.00  0.00 246.8   0.0   0.0  3.01  38.8  68.3  2.86  0.00
 2  4  35 10.50  3.36  0.00  0.00 249.6   0.0   0.0  2.00  33.9  51.2  5.67  0.00
 2  4  35 10.75  3.04  0.00  0.00 260.0   0.0   0.0  1.99  41.3  73.0  2.82  0.00
 2  4  35 11.00  2.96  0.00  0.00 268.8   0.0   0.0  1.41  30.8  51.3  3.47  0.00
 2  4  35 11.25  2.96  0.00  0.00 264.8   0.0   0.0  1.60  35.5  58.8  3.73  0.00
 2  4  35 11.50  2.96  0.00  0.00 289.2   0.0   0.0  1.95  44.3  64.8  6.00  0.00
 2  4  35 11.75  3.04  0.00  0.00 302.5   0.0   0.0  2.14  46.0  67.9  6.00  0.00
 2  4  35 12.00  3.04  0.00  0.00 284.9   0.0   0.0  1.83  39.3  57.5  6.00  0.00
 2  4  35 12.25  2.96  0.00  0.00 284.7   0.0   0.0  1.68  38.0  55.7  6.00  0.00
 2  4  35 12.50  2.80  0.00  0.00 266.2   0.0   0.0  1.34  33.8  49.6  6.00  0.00
 2  4  35 12.75  2.72  0.00  0.00 283.1   0.0   0.0  1.34  34.7  63.2  2.48  0.00
 2  4  35 13.00  0.00  0.00  0.00   0.0   0.0   0.0  0.00   0.0   0.0  0.00  0.00
 2  4  35 13.25  2.88  0.00  0.00 304.7   0.0   0.0  1.87  44.7  65.9  6.00  0.00
 2  4  35 13.50  2.96  0.00  0.00 292.3   0.0   0.0  1.67  36.8  67.2  2.45  0.00
 2  4  35 13.75  3.04  0.00  0.00 284.6   0.0   0.0  1.66  34.6  63.1  2.46  0.00
 2  4  35 14.00  3.20  0.00  0.00 292.0   0.0   0.0  1.95  36.9  67.1  2.48  0.00
 2  4  35 14.25  3.12  0.00  0.00 260.1   0.0   0.0  1.21  24.0  40.0  3.47  0.00
 2  4  35 14.50  3.20  0.00  0.00 281.3   0.0   0.0  1.59  29.9  52.5  2.86  0.00
 2  4  35 14.75  3.12  0.00  0.00 283.7   0.0   0.0  1.68  33.2  60.5  2.46  0.00
 2  4  35 15.00  3.12  0.00  0.00 297.2   0.0   0.0  2.08  41.2  75.2  2.45  0.00
 2  4  35 15.25  3.20  0.00  0.00 301.2   0.0   0.0  1.85  35.4  53.7  5.53  0.00
 2  4  35 15.50  3.28  0.00  0.00 278.9   0.0   0.0  1.39  24.7  43.1  2.82  0.00
 2  4  35 15.75  3.28  0.00  0.00 282.3   0.0   0.0  1.62  29.1  49.3  3.27  0.00
 2  4  35 16.00  3.36  0.00  0.00 284.6   0.0   0.0  2.00  35.0  52.2  6.00  0.00
 2  4  35 16.25  3.76  0.00  0.00 277.7   0.0   0.0  1.93  26.3  47.3  2.58  0.00
 2  4  35 16.50  3.76  0.00  0.00 267.9   0.0   0.0  1.80  24.4  43.8  2.60  0.00
 2  4  35 16.75  3.76  0.00  0.00 278.3   0.0   0.0  1.88  25.6  46.1  2.54  0.00
 2  4  35 17.00  3.76  0.00  0.00 290.2   0.0   0.0  2.28  31.2  55.2  2.74  0.00
 2  4  35 17.25  3.76  0.00  0.00 285.3   0.0   0.0  2.37  32.9  52.8  4.19  0.00
 2  4  35 17.50  3.76  0.00  0.00 290.4   0.0   0.0  2.60  35.9  61.0  3.25  0.00
 2  4  35 17.75  3.84  0.00  0.00 291.9   0.0   0.0  2.58  34.2  57.9  3.29  0.00
 2  4  35 18.00  3.84  0.00  0.00 285.8   0.0   0.0  2.12  27.8  48.8  2.78  0.00
 2  4  35 18.25  3.84  0.00  0.00 278.4   0.0   0.0  1.85  24.1  43.2  2.57  0.00
 2  4  35 18.50  3.76  0.00  0.00 293.9   0.0   0.0  2.25  30.7  54.4  2.70  0.00
 2  4  35 18.75  3.76  0.00  0.00 292.4   0.0   0.0  2.27  31.0  56.6  2.46  0.00
 2  4  35 19.00  3.76  0.00  0.00 279.1   0.0   0.0  1.92  26.2  45.9  2.80  0.00
 2  4  35 19.25  3.76  0.00  0.00 274.1   0.0   0.0  1.60  21.6  39.9  2.32  0.00
 2  4  35 19.50  3.84  0.00  0.00 284.0   0.0   0.0  2.07  26.9  49.7  2.35  0.00
 2  4  35 19.75  3.76  0.00  0.00 279.8   0.0   0.0  1.97  27.0  46.0  3.14  0.00
 2  4  35 20.00  3.76  0.00  0.00 274.3   0.0   0.0  1.89  25.9  45.2  2.88  0.00
 2  4  35 20.25  3.84  0.00  0.00 280.9   0.0   0.0  2.15  28.3  48.6  3.10  0.00
 2  4  35 20.50  3.76  0.00  0.00 266.7   0.0   0.0  1.96  26.9  47.0  2.91  0.00
 2  4  35 20.75  3.76  0.00  0.00 267.1   0.0   0.0  1.85  25.3  44.3  2.85  0.00
 2  4  35 21.00  3.68  0.00  0.00 264.9   0.0   0.0  1.79  25.6  43.5  3.24  0.00
 2  4  35 21.25  3.76  0.00  0.00 283.7   0.0   0.0  3.00  42.6  62.4  6.00  0.00
 2  4  35 21.50  3.76  0.00  0.00 243.2   0.0   0.0  1.40  19.2  32.2  3.37  0.00
 2  4  35 21.75  3.76  0.00  0.00 237.7   0.0   0.0  1.90  26.6  40.8  5.25  0.00
 2  4  35 22.00  3.28  0.00  0.00 231.4   0.0   0.0  1.19  21.6  35.5  3.73  0.00
 2  4  35 22.25  2.96  0.00  0.00 268.5   0.0   0.0  1.86  42.5  62.0  6.00  0.00
 2  4  35 22.50  2.56  0.00  0.00 260.3   0.0   0.0  1.11  32.8  59.5  2.51  0.00
 2  4  35 22.75  2.48  0.00  0.00 260.3   0.0   0.0  0.84  26.2  45.7  2.87  0.00
 2  4  35 23.00  2.48  0.00  0.00 263.4   0.0   0.0  0.84  26.1  42.7  3.76  0.00
 2  4  35 23.25  2.48  0.00  0.00 259.1   0.0   0.0  0.79  24.3  40.8  3.31  0.00
 2  4  35 23.50  2.40  0.00  0.00 256.4   0.0   0.0  0.82  26.8  44.0  3.67  0.00
 2  4  35 23.75  2.48  0.00  0.00 264.4   0.0   0.0  1.08  33.1  55.0  3.48  0.00
