mo da yda  time  FoF2  FoF1   FoE  HmF2  HmF1   HmE   Tec  HTop    B0    B1    D1
 2  2  33  0.00  3.52  0.00  0.00 281.1   0.0   0.0  2.59  40.1  66.0  3.57  0.00
 2  2  33  0.25  3.60  0.00  0.00 274.9   0.0   0.0  3.46  51.3  90.0  2.91  0.00
 2  2  33  0.50  3.68  0.00  0.00 245.6   0.0   0.0  3.20  44.9  78.1  3.04  0.00
 2  2  33  0.75  3.84  0.00  0.00 249.8   0.0   0.0  4.45  59.0  80.1  6.00  0.00
 2  2  33  1.00  3.84  0.00  0.00 247.4   0.0   0.0  4.68  61.4  89.4  6.00  0.00
 2  2  33  1.25  4.56  0.00  0.00 224.8   0.0   0.0  4.18  37.0  66.3  2.44  0.00
 2  2  33  1.50  4.96  0.00  0.00 215.8   0.0   0.0  4.13  30.4  51.3  3.03  0.00
 2  2  33  1.75  4.96  0.00  0.00 237.0   0.0   0.0  7.55  59.6  86.9  6.00  0.00
 2  2  33  2.00  5.60  0.00  0.00 239.7   0.0   0.0  8.15  49.2  73.7  4.84  0.00
 2  2  33  2.25  5.28  0.00  0.00 205.7   0.0   0.0  4.64  30.0  53.9  2.18  0.00
 2  2  33  2.50  4.96  0.00  0.00 207.0   0.0   0.0  4.51  32.8  63.1  1.88  0.00
 2  2  33  2.75  5.44  3.32  0.00 219.1 165.6   0.0  5.56  34.5  61.1  2.35  0.50
 2  2  33  3.25  6.00  0.00  0.00 223.1   0.0   0.0  7.30  36.6  76.7  1.60  0.00
 2  2  33  3.50  6.96  0.00  0.00 224.7   0.0   0.0  7.53  27.5  51.9  1.69  0.00
 2  2  33  3.75  6.48  0.00  0.00 228.3   0.0   0.0  8.42  36.1  79.8  1.43  0.00
 2  2  33  4.00  6.72  3.48  0.00 224.2 167.1   0.0  7.70  31.1  54.0  2.19  1.00
 2  2  33  4.25  7.04  3.56  0.00 225.0 169.0   0.0  7.79  28.3  52.4  1.85  0.66
 2  2  33  4.50  6.08  3.22  0.00 199.0 155.2   0.0  4.78  22.9  41.5  1.90  0.70
 2  2  33  4.75  5.38  3.64  0.00 219.1 166.2   0.0  6.60  42.8  62.2  4.19  0.50
 2  2  33  5.00  5.84  0.00  0.00 238.4   0.0   0.0 10.68  59.9  95.0  4.02  0.00
 2  2  33  5.25  5.68  3.72  0.00 210.9 166.2   0.0  5.68  32.0  52.5  2.55  0.50
 2  2  33  5.50  5.92  0.00  0.00 265.2   0.0   0.0 12.65  68.5 139.3  2.01  0.00
 2  2  33  5.75  6.16  0.00  0.00 225.2   0.0   0.0  7.25  33.9  70.8  1.43  0.00
 2  2  33  6.00  6.24  0.00  0.00 221.1   0.0   0.0  7.37  34.1  63.5  1.91  0.00
 2  2  33  6.25  6.40  0.00  0.00 216.5   0.0   0.0  6.82  29.3  64.0  1.28  0.00
 2  2  33  6.50  6.40  3.48  0.00 214.4 170.4   0.0  5.72  24.8  42.6  2.11  0.60
 2  2  33  6.75  5.94  3.40  0.00 240.1 164.0   0.0  9.46  51.1  79.5  4.15  0.50
 2  2  33  7.00  6.08  3.40  0.00 231.4 166.9   0.0  7.04  34.4  67.6  1.68  0.50
 2  2  33  7.25  6.00  3.40  0.00 220.0 168.3   0.0  6.26  31.8  54.6  2.45  0.50
 2  2  33  7.50  5.76  0.00  2.34 224.0   0.0 102.6  6.73  36.6  65.9  2.16  0.00
 2  2  33  7.75  6.08  0.00  0.00 222.5   0.0   0.0  6.22  29.7  61.4  1.47  0.00
 2  2  33  8.00  5.84  0.00  0.00 211.2   0.0   0.0  5.57  29.3  54.0  1.94  0.00
 2  2  33  8.25  5.60  0.00  0.00 212.1   0.0   0.0  5.29  30.3  56.4  2.00  0.00
 2  2  33  8.50  5.12  0.00  0.00 215.9   0.0   0.0  5.25  36.7  66.5  2.31  0.00
 2  2  33  8.75  5.44  0.00  0.00 242.2   0.0   0.0  8.29  53.9  75.0  6.00  0.00
 2  2  33  9.00  5.36  0.00  0.00 224.5   0.0   0.0  4.86  30.9  49.3  3.77  0.00
 2  2  33  9.25  5.28  0.00  0.00 215.1   0.0   0.0  3.74  23.8  41.6  2.32  0.00
 2  2  33  9.50  5.04  0.00  0.00 229.2   0.0   0.0  4.69  34.4  57.8  3.28  0.00
 2  2  33  9.75  5.12  0.00  0.00 255.8   0.0   0.0  7.55  56.8  78.6  6.00  0.00
 2  2  33 10.00  5.12  0.00  0.00 249.4   0.0   0.0  6.58  49.7  69.2  6.00  0.00
 2  2  33 10.25  4.64  0.00  0.00 244.0   0.0   0.0  4.49  40.3  71.0  2.88  0.00
 2  2  33 10.50  4.16  0.00  0.00 259.2   0.0   0.0  4.36  49.0  86.7  2.80  0.00
 2  2  33 10.75  3.28  0.00  0.00 268.3   0.0   0.0  3.13  56.5 105.6  2.40  0.00
 2  2  33 11.00  2.96  0.00  0.00 280.3   0.0   0.0  2.36  52.4  93.0  2.77  0.00
 2  2  33 11.25  3.04  0.00  0.00 296.2   0.0   0.0  2.42  51.0  91.6  2.63  0.00
 2  2  33 11.50  2.80  0.00  0.00 285.5   0.0   0.0  1.85  45.9  82.4  2.64  0.00
 2  2  33 11.75  3.04  0.00  0.00 304.1   0.0   0.0  2.42  51.0  92.1  2.57  0.00
 2  2  33 12.00  2.88  0.00  0.00 303.2   0.0   0.0  2.32  54.5  98.3  2.58  0.00
 2  2  33 12.25  2.32  0.00  0.00 293.4   0.0   0.0  1.27  45.7  82.0  2.63  0.00
 2  2  33 12.75  2.24  0.00  0.00 309.6   0.0   0.0  1.32  51.0  91.3  2.65  0.00
 2  2  33 13.00  2.32  0.00  0.00 303.0   0.0   0.0  1.33  47.9  86.0  2.64  0.00
 2  2  33 13.50  0.00  0.00  0.00   0.0   0.0   0.0  0.00   0.0   0.0  0.00  0.00
 2  2  33 13.75  0.00  0.00  0.00   0.0   0.0   0.0  0.00   0.0   0.0  0.00  0.00
 2  2  33 14.00  0.00  0.00  0.00   0.0   0.0   0.0  0.00   0.0   0.0  0.00  0.00
 2  2  33 14.25  0.00  0.00  0.00   0.0   0.0   0.0  0.00   0.0   0.0  0.00  0.00
 2  2  33 14.50  0.00  0.00  0.00   0.0   0.0   0.0  0.00   0.0   0.0  0.00  0.00
 2  2  33 14.75  0.00  0.00  0.00   0.0   0.0   0.0  0.00   0.0   0.0  0.00  0.00
 2  2  33 15.00  0.00  0.00  0.00   0.0   0.0   0.0  0.00   0.0   0.0  0.00  0.00
 2  2  33 15.25  0.00  0.00  0.00   0.0   0.0   0.0  0.00   0.0   0.0  0.00  0.00
 2  2  33 15.50  0.00  0.00  0.00   0.0   0.0   0.0  0.00   0.0   0.0  0.00  0.00
 2  2  33 15.75  0.00  0.00  0.00   0.0   0.0   0.0  0.00   0.0   0.0  0.00  0.00
 2  2  33 16.00  0.00  0.00  0.00   0.0   0.0   0.0  0.00   0.0   0.0  0.00  0.00
 2  2  33 16.25  0.00  0.00  0.00   0.0   0.0   0.0  0.00   0.0   0.0  0.00  0.00
 2  2  33 16.50  0.00  0.00  0.00   0.0   0.0   0.0  0.00   0.0   0.0  0.00  0.00
 2  2  33 16.75  0.00  0.00  0.00   0.0   0.0   0.0  0.00   0.0   0.0  0.00  0.00
 2  2  33 17.00  0.00  0.00  0.00   0.0   0.0   0.0  0.00   0.0   0.0  0.00  0.00
 2  2  33 17.25  0.00  0.00  0.00   0.0   0.0   0.0  0.00   0.0   0.0  0.00  0.00
 2  2  33 17.50  0.00  0.00  0.00   0.0   0.0   0.0  0.00   0.0   0.0  0.00  0.00
 2  2  33 17.75  0.00  0.00  0.00   0.0   0.0   0.0  0.00   0.0   0.0  0.00  0.00
 2  2  33 18.00  0.00  0.00  0.00   0.0   0.0   0.0  0.00   0.0   0.0  0.00  0.00
 2  2  33 18.25  0.00  0.00  0.00   0.0   0.0   0.0  0.00   0.0   0.0  0.00  0.00
 2  2  33 18.50  0.00  0.00  0.00   0.0   0.0   0.0  0.00   0.0   0.0  0.00  0.00
 2  2  33 18.75  0.00  0.00  0.00   0.0   0.0   0.0  0.00   0.0   0.0  0.00  0.00
 2  2  33 19.00  0.00  0.00  0.00   0.0   0.0   0.0  0.00   0.0   0.0  0.00  0.00
 2  2  33 19.50  0.00  0.00  0.00   0.0   0.0   0.0  0.00   0.0   0.0  0.00  0.00
 2  2  33 19.75  0.00  0.00  0.00   0.0   0.0   0.0  0.00   0.0   0.0  0.00  0.00
 2  2  33 20.00  0.00  0.00  0.00   0.0   0.0   0.0  0.00   0.0   0.0  0.00  0.00
 2  2  33 20.25  0.00  0.00  0.00   0.0   0.0   0.0  0.00   0.0   0.0  0.00  0.00
 2  2  33 20.50  0.00  0.00  0.00   0.0   0.0   0.0  0.00   0.0   0.0  0.00  0.00
 2  2  33 20.75  0.00  0.00  0.00   0.0   0.0   0.0  0.00   0.0   0.0  0.00  0.00
 2  2  33 21.00  0.00  0.00  0.00   0.0   0.0   0.0  0.00   0.0   0.0  0.00  0.00
 2  2  33 21.25  0.00  0.00  0.00   0.0   0.0   0.0  0.00   0.0   0.0  0.00  0.00
 2  2  33 21.50  0.00  0.00  0.00   0.0   0.0   0.0  0.00   0.0   0.0  0.00  0.00
 2  2  33 21.75  0.00  0.00  0.00   0.0   0.0   0.0  0.00   0.0   0.0  0.00  0.00
 2  2  33 22.00  0.00  0.00  0.00   0.0   0.0   0.0  0.00   0.0   0.0  0.00  0.00
 2  2  33 22.25  0.00  0.00  0.00   0.0   0.0   0.0  0.00   0.0   0.0  0.00  0.00
 2  2  33 22.50  0.00  0.00  0.00   0.0   0.0   0.0  0.00   0.0   0.0  0.00  0.00
 2  2  33 22.75  0.00  0.00  0.00   0.0   0.0   0.0  0.00   0.0   0.0  0.00  0.00
 2  2  33 23.00  0.00  0.00  0.00   0.0   0.0   0.0  0.00   0.0   0.0  0.00  0.00
 2  2  33 23.25  0.00  0.00  0.00   0.0   0.0   0.0  0.00   0.0   0.0  0.00  0.00
 2  2  33 23.50  0.00  0.00  0.00   0.0   0.0   0.0  0.00   0.0   0.0  0.00  0.00
 2  2  33 23.75  0.00  0.00  0.00   0.0   0.0   0.0  0.00   0.0   0.0  0.00  0.00
