mo da yda  time  FoF2  FoF1   FoE  HmF2  HmF1   HmE   Tec  HTop    B0    B1    D1
 1 14  14  0.00  0.00  0.00  0.00   0.0   0.0   0.0  0.00   0.0   0.0  0.00  0.00
 1 14  14  0.25  0.00  0.00  0.00   0.0   0.0   0.0  0.00   0.0   0.0  0.00  0.00
 1 14  14  0.50  0.00  0.00  0.00   0.0   0.0   0.0  0.00   0.0   0.0  0.00  0.00
 1 14  14  0.75  3.04  0.00  0.00 255.5   0.0   0.0  1.78  35.0  64.0  2.33  0.00
 1 14  14  1.00  3.52  0.00  0.00 255.7   0.0   0.0  3.49  54.1  77.4  6.00  0.00
 1 14  14  1.25  4.24  0.00  0.00 239.0   0.0   0.0  3.64  37.4  66.5  2.56  0.00
 1 14  14  1.50  4.72  0.00  0.00 232.5   0.0   0.0  4.19  34.8  55.7  3.59  0.00
 1 14  14  1.75  5.04  0.00  0.00 220.0   0.0   0.0  3.60  25.1  43.6  2.41  0.00
 1 14  14  2.00  5.28  0.00  0.00 225.6   0.0   0.0  4.59  29.6  51.9  2.53  0.00
 1 14  14  2.50  6.00  2.92  0.00 217.0 172.8   0.0  4.96  25.1  41.1  2.96  0.60
 1 14  14  2.75  5.76  2.90  2.02 213.0 163.9 109.1  5.27  29.6  47.0  3.50  0.52
 1 14  14  3.00  5.36  2.88  2.10 207.6 158.5 106.4  4.36  27.5  49.3  2.16  0.50
 1 14  14  3.25  5.36  0.00  2.18 208.8   0.0 104.5  5.03  31.3  60.5  1.83  0.00
 1 14  14  3.50  5.53  3.08  0.00 200.1 165.6   0.0  3.67  21.2  32.8  2.94  0.70
 1 14  14  3.75  5.36  3.00  2.26 217.4 148.2 102.8  6.25  40.7  78.2  2.05  0.13
 1 14  14  4.00  5.45  3.24  2.34 212.1 159.0 103.6  5.71  35.7  55.4  3.46  0.53
 1 14  14  4.25  5.44  0.00  2.34 226.1   0.0 104.8  7.64  48.2  89.3  2.39  0.00
 1 14  14  4.50  5.77  3.40  2.34 219.4 153.6  98.8  6.89  38.3  74.2  1.87  0.50
 1 14  14  4.75  6.08  3.56  2.42 219.0 176.3  99.9  5.77  28.0  46.2  2.66  0.50
 1 14  14  5.00  6.08  3.37  2.42 206.6 156.9 104.6  5.63  27.5  50.8  1.93  0.50
 1 14  14  5.25  5.93  3.40  2.42 204.5 156.1 101.0  5.73  30.0  50.6  2.55  0.50
 1 14  14  5.50  6.08  0.00  2.42 215.2   0.0 103.3  6.46  30.7  73.5  1.21  0.00
 1 14  14  5.75  5.85  3.56  0.00 202.2 167.3   0.0  4.69  24.7  37.5  3.54  0.50
 1 14  14  6.00  6.01  3.80  2.42 221.2 182.8 101.5  5.42  26.6  45.6  2.38  0.50
 1 14  14  6.25  6.08  0.00  2.34 200.5   0.0 103.4  4.98  23.4  47.1  1.51  0.00
 1 14  14  6.50  5.68  3.32  0.00 208.0 161.4   0.0  5.07  28.5  49.2  2.34  0.53
 1 14  14  6.75  5.20  0.00  2.34 195.9   0.0 108.9  4.14  26.8  54.7  1.61  0.00
 1 14  14  7.00  5.60  0.00  2.26 214.1   0.0 105.8  5.42  30.4  65.9  1.43  0.00
 1 14  14  7.25  5.20  0.00  2.18 200.8   0.0 110.0  3.83  24.3  53.5  1.32  0.00
 1 14  14  7.50  5.68  0.00  2.10 210.6   0.0 105.5  4.93  26.8  58.8  1.31  0.00
 1 14  14  7.75  5.12  0.00  2.02 210.8   0.0 104.7  5.60  39.8  65.2  3.35  0.00
 1 14  14  8.00  4.88  0.00  1.94 221.4   0.0 104.1  6.84  55.7  80.0  6.00  0.00
 1 14  14  8.25  4.56  0.00  0.00 219.0   0.0   0.0  5.55  51.4  71.5  6.00  0.00
 1 14  14  8.50  4.72  0.00  0.00 215.8   0.0   0.0  4.23  34.8  62.8  2.53  0.00
 1 14  14  8.75  4.24  0.00  0.00 200.3   0.0   0.0  2.65  26.3  43.9  3.14  0.00
 1 14  14  9.00  4.40  0.00  0.00 228.0   0.0   0.0  3.66  34.6  64.6  2.27  0.00
 1 14  14  9.25  4.56  0.00  0.00 253.4   0.0   0.0  5.94  55.9  79.6  6.00  0.00
 1 14  14  9.50  4.24  0.00  0.00 259.7   0.0   0.0  4.92  52.6  93.6  2.78  0.00
 1 14  14  9.75  3.84  0.00  0.00 264.5   0.0   0.0  3.54  46.2  81.2  2.88  0.00
 1 14  14 10.00  3.60  0.00  0.00 258.5   0.0   0.0  2.89  42.9  76.1  2.78  0.00
 1 14  14 10.25  3.52  0.00  0.00 263.1   0.0   0.0  2.90  46.7  65.8  6.00  0.00
 1 14  14 10.50  3.20  0.00  0.00 285.8   0.0   0.0  2.51  47.5  85.1  2.67  0.00
 1 14  14 10.75  2.96  0.00  0.00 267.5   0.0   0.0  1.99  44.1  78.9  2.68  0.00
 1 14  14 11.00  2.80  0.00  0.00 280.5   0.0   0.0  2.10  52.3  94.1  2.61  0.00
 1 14  14 11.25  2.72  0.00  0.00 296.6   0.0   0.0  1.78  46.6  84.3  2.54  0.00
 1 14  14 11.50  2.64  0.00  0.00 299.7   0.0   0.0  1.69  46.8  84.6  2.56  0.00
 1 14  14 11.75  2.72  0.00  0.00 308.3   0.0   0.0  1.92  50.3  90.9  2.57  0.00
 1 14  14 12.00  2.80  0.00  0.00 312.4   0.0   0.0  2.44  60.7 111.2  2.46  0.00
 1 14  14 12.25  2.88  0.00  0.00 315.3   0.0   0.0  2.13  49.8  90.5  2.51  0.00
 1 14  14 12.50  2.96  0.00  0.00 301.9   0.0   0.0  2.25  49.8  89.9  2.57  0.00
 1 14  14 12.75  3.20  0.00  0.00 307.8   0.0   0.0  2.72  51.6  94.0  2.47  0.00
 1 14  14 13.00  3.04  0.00  0.00 300.4   0.0   0.0  2.54  53.5  96.7  2.56  0.00
 1 14  14 13.25  2.96  0.00  0.00 318.1   0.0   0.0  2.41  53.5  96.9  2.53  0.00
 1 14  14 13.50  3.04  0.00  0.00 315.2   0.0   0.0  2.35  49.4  89.5  2.53  0.00
 1 14  14 13.75  3.20  0.00  0.00 306.6   0.0   0.0  2.67  50.6  92.0  2.49  0.00
 1 14  14 14.00  3.28  0.00  0.00 301.5   0.0   0.0  2.64  47.5  86.8  2.44  0.00
 1 14  14 14.25  3.36  0.00  0.00 300.5   0.0   0.0  2.47  42.4  77.5  2.44  0.00
 1 14  14 14.50  3.36  0.00  0.00 295.1   0.0   0.0  2.74  47.1  85.7  2.49  0.00
 1 14  14 14.75  3.28  0.00  0.00 308.4   0.0   0.0  2.92  52.8  95.9  2.50  0.00
 1 14  14 15.00  3.36  0.00  0.00 313.7   0.0   0.0  2.81  48.2  88.2  2.43  0.00
 1 14  14 15.25  3.44  0.00  0.00 307.4   0.0   0.0  2.77  45.3  83.0  2.41  0.00
 1 14  14 15.50  3.52  0.00  0.00 305.5   0.0   0.0  2.89  45.1  82.7  2.41  0.00
 1 14  14 15.75  3.52  0.00  0.00 288.3   0.0   0.0  2.22  35.0  56.6  4.03  0.00
 1 14  14 16.00  3.60  0.00  0.00 310.0   0.0   0.0  3.16  47.2  86.4  2.42  0.00
 1 14  14 16.25  3.60  0.00  0.00 306.0   0.0   0.0  3.19  47.8  87.3  2.45  0.00
 1 14  14 16.50  3.44  0.00  0.00 317.3   0.0   0.0  3.19  52.2  95.1  2.48  0.00
 1 14  14 16.75  3.36  0.00  0.00 314.3   0.0   0.0  2.70  46.2  84.6  2.43  0.00
 1 14  14 17.00  3.28  0.00  0.00 310.5   0.0   0.0  2.49  44.7  81.6  2.44  0.00
 1 14  14 17.25  3.20  0.00  0.00 328.2   0.0   0.0  2.61  49.3  90.2  2.42  0.00
 1 14  14 17.50  3.44  0.00  0.00 317.2   0.0   0.0  2.85  46.6  85.4  2.42  0.00
 1 14  14 17.75  3.44  0.00  0.00 310.3   0.0   0.0  2.79  45.6  83.4  2.43  0.00
 1 14  14 18.00  3.28  0.00  0.00 294.1   0.0   0.0  2.56  46.3  84.1  2.50  0.00
 1 14  14 18.25  3.28  0.00  0.00 301.7   0.0   0.0  2.52  45.4  83.0  2.43  0.00
 1 14  14 18.50  3.28  0.00  0.00 307.4   0.0   0.0  2.68  48.2  88.0  2.45  0.00
 1 14  14 18.75  3.12  0.00  0.00 311.7   0.0   0.0  2.32  46.2  84.3  2.45  0.00
 1 14  14 19.00  3.28  0.00  0.00 311.1   0.0   0.0  2.84  53.0  77.2  6.00  0.00
 1 14  14 19.25  3.52  0.00  0.00 309.5   0.0   0.0  3.26  52.8  77.4  6.00  0.00
 1 14  14 19.50  3.68  0.00  0.00 298.4   0.0   0.0  3.01  43.1  79.1  2.39  0.00
 1 14  14 19.75  3.44  0.00  0.00 284.4   0.0   0.0  2.19  36.1  60.9  3.34  0.00
 1 14  14 20.00  3.60  0.00  0.00 310.0   0.0   0.0  3.20  47.9  87.6  2.43  0.00
 1 14  14 20.25  3.52  0.00  0.00 315.3   0.0   0.0  2.90  45.3  83.0  2.41  0.00
 1 14  14 20.50  3.36  0.00  0.00 323.2   0.0   0.0  2.83  48.5  88.7  2.43  0.00
 1 14  14 20.75  3.52  0.00  0.00 316.9   0.0   0.0  2.87  44.8  82.1  2.41  0.00
 1 14  14 21.00  3.36  0.00  0.00 302.0   0.0   0.0  2.57  44.1  80.6  2.43  0.00
 1 14  14 21.25  3.20  0.00  0.00 313.0   0.0   0.0  2.77  54.0  79.6  6.00  0.00
 1 14  14 21.50  3.20  0.00  0.00 290.4   0.0   0.0  1.69  31.7  58.2  2.42  0.00
 1 14  14 21.75  3.20  0.00  0.00 307.9   0.0   0.0  2.49  47.1  86.1  2.44  0.00
 1 14  14 22.00  3.20  0.00  0.00 313.4   0.0   0.0  2.64  50.0  91.2  2.46  0.00
 1 14  14 22.25  2.88  0.00  0.00 301.0   0.0   0.0  2.07  48.4  87.4  2.57  0.00
 1 14  14 22.50  2.56  0.00  0.00 298.9   0.0   0.0  1.50  44.2  79.7  2.59  0.00
 1 14  14 22.75  2.40  0.00  0.00 292.0   0.0   0.0  1.35  45.6  81.6  2.66  0.00
 1 14  14 23.00  2.48  0.00  0.00 289.1   0.0   0.0  1.41  44.3  79.7  2.62  0.00
 1 14  14 23.25  2.08  0.00  0.00 291.1   0.0   0.0  1.01  44.9  80.2  2.69  0.00
 1 14  14 23.50  2.16  0.00  0.00 281.5   0.0   0.0  1.04  42.9  76.2  2.76  0.00
 1 14  14 23.75  2.16  0.00  0.00 276.3   0.0   0.0  1.03  42.4  74.6  2.87  0.00
