mo da yda  time  FoF2  FoF1   FoE  HmF2  HmF1   HmE   Tec  HTop    B0    B1    D1
 3 18  77  0.00  3.92  0.00  0.00 211.9   0.0   0.0  2.80  31.9  59.2  2.05  0.00
 3 18  77  0.50  4.20  3.00  2.10 234.5 174.3 104.8  4.91  53.0  76.9  4.85  0.50
 3 18  77  0.75  4.33  3.00  2.18 215.8 163.8 105.7  4.13  40.9  65.5  3.07  0.50
 3 18  77  1.00  4.50  3.24  2.26 219.2 164.9 102.0  4.93  45.8  69.6  3.71  0.50
 3 18  77  1.25  4.50  3.40  2.34 215.0 168.4 104.4  4.69  43.2  64.5  3.46  0.50
 3 18  77  1.50  4.50  3.40  2.42 217.0 160.6 101.1  5.26  49.1  83.2  2.76  0.50
 3 18  77  1.75  4.66  3.64  0.00 222.1 174.3   0.0  5.27  45.1  74.4  2.60  0.50
 3 18  77  2.00  4.68  3.64  2.58 222.7 158.3 103.1  6.83  60.3  95.1  3.55  0.50
 3 18  77  2.25  4.68  3.80  2.66 227.9 160.6 103.5  7.37  65.0 119.5  2.37  0.50
 3 18  77  2.50  4.90  3.88  2.66 219.1 165.6 104.5  6.74  53.5  80.4  3.16  0.50
 3 18  77  2.75  4.92  4.04  2.66 238.5 169.5 100.6  8.88  71.4 112.9  3.24  0.50
 3 18  77  3.00  5.14  3.88  2.74 225.1 164.2 103.4  7.54  53.9  84.7  2.57  1.00
 3 18  77  3.25  5.14  3.88  2.74 213.6 157.1 100.8  6.82  48.7  80.6  2.28  0.60
 3 18  77  3.50  5.06  3.96  2.82 224.1 158.2 101.8  7.99  59.7 103.1  2.26  0.54
 3 18  77  4.00  5.38  4.04  2.82 222.9 161.5 103.0  8.16  53.4  86.4  2.43  0.68
 3 18  77  4.25  5.54  4.14  2.82 223.1 166.2 101.3  8.39  51.5  85.1  2.24  0.60
 3 18  77  4.50  5.46  4.04  2.82 236.3 182.0 102.5  7.83  48.6  73.2  2.77  0.50
 3 18  77  4.75  5.69  4.04  2.82 235.8 158.7 102.8  9.62  55.9 106.2  1.78  0.60
 3 18  77  5.00  6.09  4.07  2.82 232.3 177.1 101.9  9.03  44.7  64.9  2.69  1.54
 3 18  77  5.25  6.09  3.96  2.82 225.7 178.6 102.3  6.99  33.6  47.9  2.75  0.50
 3 18  77  5.50  6.01  4.22  2.82 219.1 172.4 104.1  7.69  39.1  60.2  2.56  0.60
 3 18  77  5.75  5.69  4.12  2.82 225.7 175.1 104.9  7.54  42.9  66.9  2.48  0.50
 3 18  77  6.00  5.86  4.04  2.82 229.5 166.3 104.5  8.92  48.6  74.9  2.77  1.00
 3 18  77  6.25  5.93  3.99  2.82 211.3 167.5 106.0  6.60  33.9  50.2  2.62  1.00
 3 18  77  6.50  5.54  4.04  2.82 208.0 160.0 105.3  6.93  42.3  61.3  3.25  0.69
 3 18  77  6.75  5.06  3.96  2.74 209.8 165.7 104.0  5.99  43.8  65.0  3.30  0.50
 3 18  77  7.00  5.00  3.96  2.74 226.5 160.0 103.9  8.07  62.4 101.9  3.26  0.50
 3 18  77  7.25  4.84  3.96  2.74 216.1 152.1 103.3  7.52  62.6 105.6  3.06  0.10
 3 18  77  7.50  5.14  3.86  2.66 224.4 159.0 102.5  7.61  54.8  94.1  2.44  0.50
 3 18  77  7.75  5.14  3.80  2.66 224.7 156.0 104.4  7.69  55.5  99.6  2.29  0.50
 3 18  77  8.00  5.14  3.72  2.58 222.6 159.6 103.7  7.12  51.1  85.0  2.67  0.50
 3 18  77  8.25  5.21  3.60  2.58 212.9 158.0 105.6  5.87  39.9  68.1  2.23  0.60
 3 18  77  8.50  5.06  3.64  2.50 229.1 177.3 106.0  6.00  43.3  69.4  2.92  0.50
 3 18  77  8.75  5.06  3.32  2.42 222.4 155.5 104.4  6.44  47.4  80.0  2.69  0.50
 3 18  77  9.00  4.89  2.97  2.34 219.0 144.6 102.0  5.89  46.5  80.1  2.56  0.55
 3 18  77  9.25  4.73  0.00  2.26 224.4   0.0 105.1  4.68  37.2  60.2  2.79  0.00
 3 18  77  9.50  4.57  0.00  2.18 225.7   0.0 106.4  4.75  40.9  70.0  2.56  0.00
 3 18  77  9.75  4.73  0.00  2.10 234.5   0.0 107.9  5.49  44.8  74.9  2.87  0.00
 3 18  77 10.00  4.57  0.00  2.02 220.2   0.0 109.2  4.10  35.1  62.6  2.20  0.00
 3 18  77 10.25  4.40  0.00  0.00 229.8   0.0   0.0  4.12  38.3  65.9  2.64  0.00
 3 18  77 10.50  4.40  0.00  1.70 230.1   0.0 111.8  3.57  32.9  56.7  2.65  0.00
 3 18  77 10.75  4.40  0.00  0.00 229.0   0.0   0.0  3.38  31.5  51.0  3.45  0.00
 3 18  77 11.00  4.32  0.00  1.38 232.3   0.0 105.8  3.29  32.2  52.0  3.58  0.00
 3 18  77 11.25  4.32  0.00  0.00 228.2   0.0   0.0  2.52  24.6  41.0  3.25  0.00
 3 18  77 11.50  4.00  0.00  0.00 253.3   0.0   0.0  3.70  44.5  77.9  2.94  0.00
 3 18  77 11.75  3.92  0.00  0.00 249.6   0.0   0.0  2.68  33.4  54.6  3.81  0.00
 3 18  77 12.00  3.84  0.00  0.00 267.6   0.0   0.0  3.61  47.6  84.7  2.74  0.00
 3 18  77 12.25  3.60  0.00  0.00 264.5   0.0   0.0  2.93  43.8  79.0  2.59  0.00
 3 18  77 12.50  3.52  0.00  0.00 297.4   0.0   0.0  3.12  48.8  88.7  2.51  0.00
 3 18  77 12.75  3.52  0.00  0.00 277.5   0.0   0.0  2.59  40.4  73.8  2.45  0.00
 3 18  77 13.00  3.36  0.00  0.00 288.9   0.0   0.0  2.76  47.4  86.3  2.48  0.00
 3 18  77 13.25  3.28  0.00  0.00 289.7   0.0   0.0  2.61  47.1  85.7  2.49  0.00
 3 18  77 13.50  3.20  0.00  0.00 295.7   0.0   0.0  2.63  49.8  90.5  2.51  0.00
 3 18  77 13.75  3.12  0.00  0.00 289.3   0.0   0.0  2.37  47.3  86.0  2.49  0.00
 3 18  77 14.00  3.20  0.00  0.00 295.1   0.0   0.0  2.36  44.7  81.4  2.47  0.00
 3 18  77 14.25  3.20  0.00  0.00 288.8   0.0   0.0  2.40  45.4  82.5  2.49  0.00
 3 18  77 14.50  3.12  0.00  0.00 274.0   0.0   0.0  2.13  42.4  77.1  2.49  0.00
 3 18  77 14.75  2.96  0.00  0.00 283.7   0.0   0.0  2.08  46.0  83.5  2.52  0.00
 3 18  77 15.00  2.96  0.00  0.00 292.8   0.0   0.0  2.04  45.3  82.0  2.55  0.00
 3 18  77 15.25  2.80  0.00  0.00 283.7   0.0   0.0  1.63  40.2  72.8  2.52  0.00
 3 18  77 15.50  2.88  0.00  0.00 292.1   0.0   0.0  1.78  41.6  75.4  2.52  0.00
 3 18  77 15.75  2.80  0.00  0.00 287.7   0.0   0.0  1.76  43.3  78.9  2.48  0.00
 3 18  77 16.00  2.88  0.00  0.00 294.1   0.0   0.0  1.72  40.0  73.0  2.47  0.00
 3 18  77 16.25  2.88  0.00  0.00 293.2   0.0   0.0  1.72  40.1  73.1  2.47  0.00
 3 18  77 16.50  2.88  0.00  0.00 301.6   0.0   0.0  1.80  41.9  76.1  2.49  0.00
 3 18  77 16.75  2.88  0.00  0.00 287.5   0.0   0.0  1.50  34.8  63.6  2.45  0.00
 3 18  77 17.00  2.96  0.00  0.00 298.2   0.0   0.0  1.93  42.7  77.5  2.50  0.00
 3 18  77 17.25  2.96  0.00  0.00 298.0   0.0   0.0  2.06  45.5  82.4  2.54  0.00
 3 18  77 17.50  2.96  0.00  0.00 301.2   0.0   0.0  2.08  46.1  83.7  2.50  0.00
 3 18  77 17.75  3.04  0.00  0.00 293.9   0.0   0.0  1.88  39.2  71.6  2.45  0.00
 3 18  77 18.00  3.04  0.00  0.00 301.9   0.0   0.0  2.16  45.3  82.2  2.51  0.00
 3 18  77 18.25  2.96  0.00  0.00 287.6   0.0   0.0  1.82  40.1  72.8  2.52  0.00
 3 18  77 18.50  3.04  0.00  0.00 309.1   0.0   0.0  2.46  51.7  93.9  2.49  0.00
 3 18  77 18.75  3.12  0.00  0.00 309.5   0.0   0.0  2.48  49.3  89.9  2.47  0.00
 3 18  77 19.00  3.04  0.00  0.00 302.1   0.0   0.0  2.19  45.8  83.6  2.46  0.00
 3 18  77 19.25  2.96  0.00  0.00 297.5   0.0   0.0  2.04  45.3  81.9  2.55  0.00
 3 18  77 19.50  2.96  0.00  0.00 289.1   0.0   0.0  1.91  42.3  76.8  2.51  0.00
 3 18  77 19.75  2.96  0.00  0.00 303.1   0.0   0.0  2.28  50.5  91.6  2.52  0.00
 3 18  77 20.00  2.88  0.00  0.00 297.2   0.0   0.0  2.12  49.5  89.8  2.51  0.00
 3 18  77 20.25  2.88  0.00  0.00 270.7   0.0   0.0  1.27  29.6  51.1  3.03  0.00
 3 18  77 20.50  3.04  0.00  0.00 304.9   0.0   0.0  2.24  46.8  85.5  2.44  0.00
 3 18  77 20.75  3.04  0.00  0.00 302.3   0.0   0.0  2.08  43.7  79.4  2.49  0.00
 3 18  77 21.00  3.04  0.00  0.00 299.2   0.0   0.0  1.93  40.4  74.0  2.42  0.00
 3 18  77 21.25  2.96  0.00  0.00 284.8   0.0   0.0  1.90  42.0  76.6  2.47  0.00
 3 18  77 21.50  2.96  0.00  0.00 290.6   0.0   0.0  2.02  44.6  81.3  2.48  0.00
 3 18  77 21.75  2.96  0.00  0.00 281.3   0.0   0.0  1.85  40.9  74.3  2.49  0.00
 3 18  77 22.00  2.96  0.00  0.00 296.3   0.0   0.0  2.23  49.3  88.5  2.63  0.00
 3 18  77 22.25  2.88  0.00  0.00 286.2   0.0   0.0  2.13  49.7  88.1  2.78  0.00
 3 18  77 22.50  2.88  0.00  0.00 281.1   0.0   0.0  2.18  50.6  88.8  2.91  0.00
 3 18  77 22.75  2.96  0.00  0.00 281.2   0.0   0.0  2.65  58.1 102.1  2.93  0.00
 3 18  77 23.00  3.20  0.00  0.00 262.3   0.0   0.0  3.10  57.7 107.6  2.50  0.00
 3 18  77 23.25  3.37  0.00  0.00 235.6   0.0   0.0  2.24  35.7  56.3  3.79  0.00
 3 18  77 23.50  3.85  0.00  0.00 236.1   0.0   0.0  2.74  33.2  47.4  5.50  0.00
 3 18  77 23.75  4.00  0.00  0.00 241.5   0.0   0.0  4.94  59.2  82.9  6.00  0.00
