mo da yda  time  FoF2  FoF1   FoE  HmF2  HmF1   HmE   Tec  HTop    B0    B1    D1
 1 15  15  0.00  2.96  0.00  0.00 266.5   0.0   0.0  2.07  45.8  80.9  2.82  0.00
 1 15  15  0.25  2.88  0.00  0.00 232.6   0.0   0.0  1.59  36.8  63.7  3.14  0.00
 1 15  15  0.50  2.81  0.00  0.00 214.8   0.0   0.0  1.27  30.5  44.5  6.00  0.00
 1 15  15  0.75  2.80  0.00  0.00 242.5   0.0   0.0  2.05  49.6  81.6  4.09  0.00
 1 15  15  1.00  3.12  0.00  0.00 251.0   0.0   0.0  2.89  56.3 101.9  2.80  0.00
 1 15  15  1.25  3.52  0.00  0.00 222.5   0.0   0.0  2.41  35.4  60.7  3.06  0.00
 1 15  15  1.50  4.24  0.00  0.00 229.7   0.0   0.0  4.43  47.1  66.8  6.00  0.00
 1 15  15  1.75  4.72  0.00  0.00 224.0   0.0   0.0  4.96  42.5  57.7  6.00  0.00
 1 15  15  2.00  4.57  0.00  1.78 206.5   0.0 100.0  3.44  29.7  44.3  4.59  0.00
 1 15  15  2.25  4.40  0.00  1.94 210.3   0.0 104.3  3.85  35.6  70.1  1.93  0.00
 1 15  15  2.50  4.80  0.00  2.02 203.4   0.0 103.2  4.10  31.7  61.3  1.85  0.00
 1 15  15  2.75  5.14  0.00  2.10 218.7   0.0 100.4  5.25  35.8  66.0  2.15  0.00
 1 15  15  3.00  5.44  2.92  2.18 205.7 154.5 105.1  4.65  28.6  52.8  2.06  0.50
 1 15  15  3.25  5.68  0.00  2.18 242.9   0.0 102.6  9.53  56.1 116.9  2.11  0.00
 1 15  15  3.50  6.01  3.32  2.26 238.1 162.5 102.1  8.79  45.8  81.8  2.45  0.50
 1 15  15  3.75  5.84  3.32  2.26 210.5 166.1 101.5  4.97  26.0  44.9  2.12  0.69
 1 15  15  4.00  5.36  0.00  2.26 225.6   0.0 102.0  7.33  47.6  77.3  3.22  0.00
 1 15  15  4.25  5.12  0.00  2.26 197.8   0.0 102.0  4.55  31.1  61.6  1.73  0.00
 1 15  15  4.50  5.36  0.00  2.34 222.8   0.0 103.9  6.50  40.9 101.2  1.27  0.00
 1 15  15  4.75  5.76  3.53  2.34 228.5 166.4 102.7  7.10  39.4  68.7  2.29  0.52
 1 15  15  5.00  6.17  3.48  2.34 213.7 182.9 102.5  4.71  21.8  30.1  4.97  0.50
 1 15  15  5.25  6.09  3.24  0.00 219.2 157.8   0.0  6.78  33.6  66.2  1.92  0.50
 1 15  15  5.50  5.20  3.13  2.34 205.9 169.4 101.4  3.88  25.4  39.5  2.99  0.50
 1 15  15  5.75  5.76  3.40  2.34 250.7 158.6 102.9  9.30  52.2 117.4  1.47  0.10
 1 15  15  6.00  5.61  3.24  0.00 209.9 167.1   0.0  4.55  25.7  42.6  2.37  0.70
 1 15  15  6.25  5.13  3.00  2.34 217.3 149.9 103.0  5.92  42.2  72.0  2.69  0.50
 1 15  15  6.50  5.76  0.00  2.26 232.0   0.0 102.2  6.42  34.0  81.9  1.10  0.00
 1 15  15  6.75  5.76  3.32  2.26 207.9 169.9  99.3  4.66  25.1  39.6  2.93  0.50
 1 15  15  7.00  5.37  3.08  2.26 206.5 156.5 105.8  4.69  29.6  53.2  2.15  0.50
 1 15  15  7.25  5.12  0.00  2.18 212.0   0.0 104.6  4.69  31.5  70.4  1.36  0.00
 1 15  15  7.50  5.04  0.00  0.00 231.5   0.0   0.0  7.05  52.7  77.1  6.00  0.00
 1 15  15  8.00  4.92  3.72  0.00 249.0 184.0   0.0  6.88  54.3 103.9  2.30  0.00
 1 15  15  8.25  4.73  2.60  0.00 212.5 173.1   0.0  3.01  24.0  39.6  2.75  0.50
 1 15  15  8.50  4.48  0.00  0.00 218.3   0.0   0.0  3.52  31.4  55.1  2.39  0.00
 1 15  15  8.75  4.48  0.00  0.00 209.7   0.0   0.0  2.77  24.3  43.4  2.19  0.00
 1 15  15  9.00  4.00  0.00  0.00 217.9   0.0   0.0  2.76  31.2  54.1  2.68  0.00
 1 15  15  9.25  3.84  0.00  0.00 257.4   0.0   0.0  4.49  58.8  89.3  6.00  0.00
 1 15  15  9.50  3.44  0.00  0.00 239.6   0.0   0.0  2.71  43.1  74.7  3.09  0.00
 1 15  15  9.75  3.20  0.00  0.00 296.2   0.0   0.0  3.51  66.9  96.9  6.00  0.00
 1 15  15 10.00  2.96  0.00  0.00 263.4   0.0   0.0  2.30  50.5  87.6  3.09  0.00
 1 15  15 10.25  2.88  0.00  0.00 277.6   0.0   0.0  2.14  49.7  87.6  2.87  0.00
 1 15  15 10.50  2.96  0.00  0.00 283.9   0.0   0.0  2.05  45.4  80.9  2.71  0.00
 1 15  15 10.75  2.96  0.00  0.00 274.6   0.0   0.0  1.84  40.6  73.2  2.58  0.00
 1 15  15 11.00  2.72  0.00  0.00 263.6   0.0   0.0  1.59  41.7  74.8  2.63  0.00
 1 15  15 11.25  2.64  0.00  0.00 283.2   0.0   0.0  1.67  46.4  83.6  2.60  0.00
 1 15  15 11.50  2.24  0.00  0.00 279.0   0.0   0.0  1.09  42.1  75.6  2.63  0.00
 1 15  15 11.75  2.32  0.00  0.00 301.6   0.0   0.0  1.30  46.6  84.0  2.59  0.00
 1 15  15 12.00  2.24  0.00  0.00 279.9   0.0   0.0  1.12  43.0  77.2  2.63  0.00
 1 15  15 12.25  2.16  0.00  0.00 293.5   0.0   0.0  1.29  53.8  96.2  2.68  0.00
 1 15  15 12.50  0.00  0.00  0.00   0.0   0.0   0.0  0.00   0.0   0.0  0.00  0.00
 1 15  15 12.75  0.00  0.00  0.00   0.0   0.0   0.0  0.00   0.0   0.0  0.00  0.00
 1 15  15 13.00  0.00  0.00  0.00   0.0   0.0   0.0  0.00   0.0   0.0  0.00  0.00
 1 15  15 13.25  1.76  0.00  0.00 314.6   0.0   0.0  0.85  52.7  93.5  2.77  0.00
 1 15  15 13.50  1.68  0.00  0.00 297.1   0.0   0.0  0.72  49.0  86.2  2.89  0.00
 1 15  15 13.75  1.68  0.00  0.00 330.7   0.0   0.0  0.87  58.9 104.9  2.73  0.00
 1 15  15 14.00  1.68  0.00  0.00 352.8   0.0   0.0  1.06  73.8 107.9  6.00  0.00
 1 15  15 14.25  1.92  0.00  0.00 364.7   0.0   0.0  1.44  77.1 114.1  6.00  0.00
 1 15  15 14.75  2.08  0.00  0.00 318.9   0.0   0.0  1.12  49.8  89.5  2.63  0.00
 1 15  15 15.00  2.08  0.00  0.00 310.7   0.0   0.0  1.05  46.5  83.3  2.66  0.00
 1 15  15 15.25  2.16  0.00  0.00 316.3   0.0   0.0  1.17  48.4  86.9  2.63  0.00
 1 15  15 15.50  2.24  0.00  0.00 317.7   0.0   0.0  1.27  48.7  87.5  2.62  0.00
 1 15  15 15.75  2.16  0.00  0.00 315.9   0.0   0.0  1.14  46.9  84.4  2.60  0.00
 1 15  15 16.00  2.32  0.00  0.00 321.6   0.0   0.0  1.35  48.4  87.6  2.55  0.00
 1 15  15 16.25  2.32  0.00  0.00 319.7   0.0   0.0  1.37  49.1  88.3  2.61  0.00
 1 15  15 16.50  2.56  0.00  0.00 319.7   0.0   0.0  1.68  49.7  89.6  2.58  0.00
 1 15  15 16.75  2.48  0.00  0.00 304.5   0.0   0.0  1.31  40.9  73.9  2.55  0.00
 1 15  15 17.00  2.48  0.00  0.00 326.3   0.0   0.0  1.60  50.3  91.1  2.55  0.00
 1 15  15 17.25  2.48  0.00  0.00 314.4   0.0   0.0  1.55  48.6  87.7  2.57  0.00
 1 15  15 17.50  2.48  0.00  0.00 315.3   0.0   0.0  1.57  49.5  89.2  2.58  0.00
 1 15  15 17.75  2.48  0.00  0.00 311.3   0.0   0.0  1.43  44.8  81.0  2.54  0.00
 1 15  15 18.00  2.56  0.00  0.00 310.8   0.0   0.0  1.43  42.0  76.3  2.51  0.00
 1 15  15 18.25  2.56  0.00  0.00 303.6   0.0   0.0  1.49  43.8  79.0  2.58  0.00
 1 15  15 18.50  2.56  0.00  0.00 286.5   0.0   0.0  1.48  43.6  78.7  2.58  0.00
 1 15  15 18.75  2.64  0.00  0.00 294.9   0.0   0.0  1.62  45.0  81.3  2.57  0.00
 1 15  15 19.00  2.56  0.00  0.00 303.7   0.0   0.0  1.64  48.3  87.3  2.56  0.00
 1 15  15 19.25  2.48  0.00  0.00 307.4   0.0   0.0  1.57  49.4  89.0  2.60  0.00
 1 15  15 19.50  2.48  0.00  0.00 314.1   0.0   0.0  1.44  45.2  81.9  2.54  0.00
 1 15  15 19.75  2.48  0.00  0.00 305.8   0.0   0.0  1.44  45.1  81.5  2.56  0.00
 1 15  15 20.00  2.56  0.00  0.00 321.4   0.0   0.0  1.63  48.1  87.4  2.51  0.00
 1 15  15 20.25  2.56  0.00  0.00 314.6   0.0   0.0  1.69  49.8  89.9  2.57  0.00
 1 15  15 20.50  2.48  0.00  0.00 311.4   0.0   0.0  1.55  48.6  87.6  2.59  0.00
 1 15  15 20.75  2.48  0.00  0.00 312.1   0.0   0.0  1.63  51.2  92.2  2.60  0.00
 1 15  15 21.00  2.40  0.00  0.00 309.1   0.0   0.0  1.38  46.1  83.2  2.58  0.00
 1 15  15 21.25  2.40  0.00  0.00 314.6   0.0   0.0  1.46  49.0  88.2  2.59  0.00
 1 15  15 21.50  2.40  0.00  0.00 304.0   0.0   0.0  1.32  44.2  79.6  2.58  0.00
 1 15  15 21.75  2.40  0.00  0.00 306.9   0.0   0.0  1.42  47.8  86.0  2.61  0.00
 1 15  15 22.00  2.40  0.00  0.00 297.6   0.0   0.0  1.42  47.9  86.2  2.60  0.00
 1 15  15 22.25  2.40  0.00  0.00 295.8   0.0   0.0  1.46  49.2  88.5  2.61  0.00
 1 15  15 22.50  2.16  0.00  0.00 314.6   0.0   0.0  1.26  52.2  93.8  2.61  0.00
 1 15  15 22.75  2.16  0.00  0.00 305.2   0.0   0.0  1.18  48.7  87.5  2.62  0.00
 1 15  15 23.00  2.08  0.00  0.00 305.0   0.0   0.0  1.12  49.8  89.3  2.64  0.00
 1 15  15 23.50  2.00  0.00  0.00 295.6   0.0   0.0  1.04  50.3  89.1  2.80  0.00
 1 15  15 23.75  2.16  0.00  0.00 301.8   0.0   0.0  1.36  56.4  99.3  2.87  0.00
