mo da yda  time  FoF2  FoF1   FoE  HmF2  HmF1   HmE   Tec  HTop    B0    B1    D1
 3 24  83  0.00  3.93  0.00  1.94 211.1   0.0 109.2  3.12  35.5  71.7  1.77  0.00
 3 24  83  0.25  4.25  0.00  2.02 215.6   0.0 105.9  3.44  33.3  63.4  1.83  0.00
 3 24  83  0.50  4.33  2.82  2.10 214.6 168.6 102.5  3.50  33.8  53.6  2.88  0.50
 3 24  83  0.75  4.24  0.00  2.18 202.8   0.0 101.6  3.72  36.9  70.6  1.98  0.00
 3 24  83  1.00  4.36  3.48  2.34 220.2 170.4 102.2  5.01  49.8  77.6  3.38  0.50
 3 24  83  1.25  4.33  0.00  2.34 204.8   0.0 101.0  4.17  40.1  72.3  2.25  0.00
 3 24  83  1.50  4.68  3.72  2.42 237.5 176.8 105.5  6.75  58.7  94.0  3.13  0.50
 3 24  83  1.75  4.68  3.64  2.50 232.6 178.6 103.4  6.02  51.6  78.9  3.42  0.50
 3 24  83  2.25  4.76  3.88  2.58 230.7 170.2 102.2  7.27  61.6  97.3  3.10  0.50
 3 24  83  2.50  5.00  3.88  2.66 249.9 171.3 104.4  9.18  70.4 122.9  2.31  0.50
 3 24  83  2.75  5.24  3.99  2.74 231.9 167.9 102.0  8.54  59.3  92.5  2.88  0.53
 3 24  83  3.00  5.30  3.96  2.74 242.3 188.0  99.3  7.50  49.0  75.4  2.39  0.50
 3 24  83  3.25  5.46  4.04  2.74 224.5 175.8 101.0  6.99  42.8  70.5  1.94  0.60
 3 24  83  3.50  5.32  4.04  2.82 222.4 166.6 100.5  7.72  51.2  82.3  2.28  0.66
 3 24  83  3.75  5.38  4.04  2.82 222.5 168.9 102.0  7.32  46.9  78.4  1.93  0.67
 3 24  83  4.00  5.38  4.12  2.82 223.4 171.3 100.2  7.51  48.2  81.9  1.88  0.60
 3 24  83  4.25  5.54  4.04  2.90 224.8 164.8 102.8  7.94  47.9  79.3  1.95  1.00
 3 24  83  4.50  5.64  4.12  2.90 237.3 164.4 100.4 10.04  59.8 100.5  2.26  1.00
 3 24  83  4.75  5.88  4.12  2.90 238.1 166.1 100.4 10.27  55.8  90.8  2.41  1.00
 3 24  83  5.00  6.02  4.12  2.90 231.3 164.1  99.6  9.63  49.4  80.2  2.28  1.03
 3 24  83  5.25  6.02  4.04  2.90 225.8 164.2 101.6  8.47  42.7  71.0  2.03  1.17
 3 24  83  5.50  6.18  4.04  2.90 223.9 176.4  98.7  7.50  35.2  51.6  2.61  1.00
 3 24  83  5.75  5.72  4.12  2.90 226.4 170.4 102.6  8.34  47.5  73.0  2.79  0.53
 3 24  83  6.00  5.40  4.04  2.90 231.3 164.1 100.7  8.87  57.7  97.5  2.39  0.50
 3 24  83  6.25  5.45  4.02  2.82 230.7 172.3 103.3  7.56  46.9  84.9  1.77  0.50
 3 24  83  6.50  5.56  4.12  2.82 242.2 170.6 101.0 10.03  61.6  98.9  2.58  0.60
 3 24  83  6.75  5.86  4.09  2.82 243.3 188.9 100.1  8.10  42.6  68.3  2.18  0.60
 3 24  83  7.00  5.93  3.93  2.82 227.3 167.9 102.9  7.74  40.0  68.0  2.05  1.00
 3 24  83  7.25  5.80  3.92  2.74 243.4 190.3 100.5  7.65  41.2  61.8  2.96  0.50
 3 24  83  7.50  5.86  3.96  2.74 229.6 171.7 104.5  7.91  42.3  69.4  2.29  0.70
 3 24  83  7.75  5.78  3.88  2.66 228.7 163.9 102.7  8.36  46.7  76.9  2.46  0.70
 3 24  83  8.00  5.54  3.80  2.66 228.8 169.2 102.6  7.52  45.5  75.0  2.46  0.52
 3 24  83  8.25  5.46  3.80  2.58 228.1 169.1 101.8  7.42  46.3  75.1  2.51  0.60
 3 24  83  8.75  5.38  3.64  2.50 232.2 168.5 109.1  7.29  47.1  79.1  2.57  0.50
 3 24  83  9.00  5.38  3.48  2.42 227.7 166.7 106.4  6.63  42.5  70.7  2.56  0.53
 3 24  83  9.25  5.21  3.32  2.34 218.3 166.4 111.1  5.06  33.7  61.4  2.02  0.50
 3 24  83  9.50  5.05  3.16  2.26 231.7 176.4 102.9  5.53  40.1  61.4  3.51  0.50
 3 24  83  9.75  4.97  3.08  2.18 229.5 170.3 109.5  5.30  39.5  68.0  2.49  0.50
 3 24  83 10.00  5.05  0.00  2.10 231.3   0.0 107.5  5.10  35.7  64.7  2.15  0.00
 3 24  83 10.25  4.90  0.00  1.94 232.1   0.0 107.7  4.94  37.4  62.1  2.95  0.00
 3 24  83 10.50  4.66  0.00  1.78 237.5   0.0 105.9  4.59  38.4  65.7  2.69  0.00
 3 24  83 10.75  4.73  0.00  1.70 239.0   0.0 114.9  4.68  38.4  64.6  3.03  0.00
 3 24  83 11.00  4.57  0.00  0.00 243.6   0.0   0.0  4.07  35.6  60.6  2.93  0.00
 3 24  83 11.25  4.64  0.00  0.00 241.3   0.0   0.0  3.56  30.1  53.2  2.60  0.00
 3 24  83 11.50  4.56  0.00  0.00 241.1   0.0   0.0  3.35  29.9  52.2  2.73  0.00
 3 24  83 11.75  4.48  0.00  0.00 265.0   0.0   0.0  4.59  44.0  78.7  2.67  0.00
 3 24  83 12.00  4.24  0.00  0.00 270.6   0.0   0.0  4.32  46.5  83.1  2.69  0.00
 3 24  83 12.25  3.84  0.00  0.00 269.9   0.0   0.0  3.68  48.5  86.6  2.69  0.00
 3 24  83 12.50  3.68  0.00  0.00 290.2   0.0   0.0  3.42  49.0  88.9  2.52  0.00
 3 24  83 12.75  3.68  0.00  0.00 292.0   0.0   0.0  3.15  45.1  82.0  2.48  0.00
 3 24  83 13.00  3.60  0.00  0.00 285.4   0.0   0.0  2.69  40.2  73.7  2.42  0.00
 3 24  83 13.25  3.44  0.00  0.00 287.4   0.0   0.0  2.54  41.6  76.3  2.41  0.00
 3 24  83 13.50  3.28  0.00  0.00 306.9   0.0   0.0  2.52  45.3  83.0  2.42  0.00
 3 24  83 13.75  3.36  0.00  0.00 295.3   0.0   0.0  1.94  33.4  57.3  3.13  0.00
 3 24  83 14.00  3.36  0.00  0.00 294.1   0.0   0.0  1.91  32.6  58.4  2.64  0.00
 3 24  83 14.25  3.52  0.00  0.00 298.8   0.0   0.0  2.21  34.8  56.6  3.85  0.00
 3 24  83 14.50  3.60  0.00  0.00 319.0   0.0   0.0  3.09  46.0  84.6  2.39  0.00
 3 24  83 14.75  3.68  0.00  0.00 320.4   0.0   0.0  3.27  46.7  85.9  2.38  0.00
 3 24  83 15.00  3.60  0.00  0.00 317.4   0.0   0.0  3.04  45.4  83.4  2.39  0.00
 3 24  83 15.25  3.68  0.00  0.00 301.8   0.0   0.0  2.56  36.8  63.8  3.01  0.00
 3 24  83 15.50  3.68  0.00  0.00 295.7   0.0   0.0  2.23  31.9  56.6  2.75  0.00
 3 24  83 15.75  3.60  0.00  0.00 311.5   0.0   0.0  2.94  43.8  80.5  2.38  0.00
 3 24  83 16.00  3.60  0.00  0.00 300.9   0.0   0.0  2.21  33.1  57.3  3.00  0.00
 3 24  83 16.25  3.68  0.00  0.00 315.9   0.0   0.0  3.56  52.5  77.8  6.00  0.00
 3 24  83 16.50  3.68  0.00  0.00 293.8   0.0   0.0  2.39  34.5  58.2  3.30  0.00
 3 24  83 16.75  3.76  0.00  0.00 288.6   0.0   0.0  2.48  34.4  56.1  3.89  0.00
 3 24  83 17.00  3.84  0.00  0.00 297.1   0.0   0.0  3.04  40.4  68.9  3.24  0.00
 3 24  83 17.25  3.60  0.00  0.00 305.1   0.0   0.0  3.17  47.4  86.8  2.42  0.00
 3 24  83 17.50  3.60  0.00  0.00 294.2   0.0   0.0  2.72  40.7  74.6  2.40  0.00
 3 24  83 17.75  3.52  0.00  0.00 288.6   0.0   0.0  2.62  40.9  75.0  2.42  0.00
 3 24  83 18.00  3.52  0.00  0.00 278.6   0.0   0.0  2.34  36.5  67.1  2.40  0.00
 3 24  83 18.25  3.44  0.00  0.00 280.3   0.0   0.0  2.72  44.6  81.1  2.49  0.00
 3 24  83 18.50  3.20  0.00  0.00 276.4   0.0   0.0  2.06  39.0  70.7  2.51  0.00
 3 24  83 18.75  3.20  0.00  0.00 287.8   0.0   0.0  2.35  44.5  81.1  2.47  0.00
 3 24  83 19.00  3.12  0.00  0.00 288.5   0.0   0.0  2.31  46.0  83.6  2.49  0.00
 3 24  83 19.25  3.12  0.00  0.00 289.1   0.0   0.0  2.23  44.5  81.1  2.47  0.00
 3 24  83 19.50  2.96  0.00  0.00 284.9   0.0   0.0  1.97  43.6  79.0  2.53  0.00
 3 24  83 19.75  2.96  0.00  0.00 295.7   0.0   0.0  2.20  48.7  88.4  2.51  0.00
 3 24  83 20.00  2.96  0.00  0.00 293.4   0.0   0.0  2.06  45.6  83.1  2.47  0.00
 3 24  83 20.25  3.04  0.00  0.00 296.3   0.0   0.0  2.18  45.7  83.1  2.48  0.00
 3 24  83 20.50  3.12  0.00  0.00 283.9   0.0   0.0  2.07  41.2  75.2  2.45  0.00
 3 24  83 20.75  3.12  0.00  0.00 291.3   0.0   0.0  2.52  50.4  91.4  2.52  0.00
 3 24  83 21.00  3.20  0.00  0.00 306.5   0.0   0.0  2.74  52.0  94.7  2.49  0.00
 3 24  83 21.25  3.20  0.00  0.00 301.5   0.0   0.0  2.45  46.4  84.7  2.46  0.00
 3 24  83 21.50  3.20  0.00  0.00 283.5   0.0   0.0  2.14  40.4  73.6  2.48  0.00
 3 24  83 21.75  3.20  0.00  0.00 281.9   0.0   0.0  2.28  43.0  77.9  2.54  0.00
 3 24  83 22.00  3.12  0.00  0.00 275.6   0.0   0.0  2.21  43.8  78.0  2.74  0.00
 3 24  83 22.25  3.04  0.00  0.00 275.6   0.0   0.0  2.39  50.0  87.7  2.92  0.00
 3 24  83 22.50  3.36  0.00  0.00 280.3   0.0   0.0  3.11  52.8  93.6  2.79  0.00
 3 24  83 22.75  3.92  0.00  0.00 249.4   0.0   0.0  3.49  44.2  59.9  6.00  0.00
 3 24  83 23.00  3.76  0.00  0.00 217.5   0.0   0.0  2.10  26.8  43.5  3.40  0.00
 3 24  83 23.25  4.08  0.00  0.00 222.7   0.0   0.0  2.58  27.5  47.5  2.39  0.00
 3 24  83 23.50  4.25  0.00  0.00 214.3   0.0   0.0  2.81  27.8  40.1  5.81  0.00
 3 24  83 23.75  4.52  3.08  1.78 238.9 178.2 103.9  5.25  49.2  72.5  4.62  0.50
