mo da yda  time  FoF2  FoF1   FoE  HmF2  HmF1   HmE   Tec  HTop    B0    B1    D1
 3 26  85  0.25  5.04  3.00  2.02 226.7 175.0 102.8  4.75  34.1  67.3  1.85  0.50
 3 26  85  0.50  5.05  3.16  2.18 210.7 166.3 105.5  4.42  31.8  47.3  3.58  0.52
 3 26  85  0.75  4.64  0.00  2.26 216.3   0.0 103.9  5.53  47.8  74.8  3.82  0.00
 3 26  85  1.00  4.84  3.64  2.34 217.2 170.0 101.7  5.42  43.3  64.9  3.41  0.50
 3 26  85  1.25  4.68  3.64  2.42 221.5 167.5 101.1  5.89  51.0  79.6  3.43  0.50
 3 26  85  1.50  5.08  3.64  2.42 242.1 164.4 100.2  8.28  61.3 108.4  2.45  0.50
 3 26  85  1.75  5.30  3.96  2.50 251.4 204.4 104.1  6.51  41.9  75.2  2.19  0.50
 3 26  85  2.00  5.29  3.56  2.58 212.6 163.6 102.6  5.41  34.9  56.9  2.23  0.70
 3 26  85  2.25  5.14  3.88  2.66 220.6 169.9 105.1  6.46  45.6  76.8  2.43  0.50
 3 26  85  2.50  5.24  4.04  2.66 217.7 170.9  99.8  6.41  43.1  77.6  1.79  0.50
 3 26  85  2.75  5.36  4.06  2.74 230.8 184.4 102.1  6.51  40.8  84.1  1.44  0.50
 3 26  85  3.00  6.12  4.12  2.74 245.2 185.3 100.3  9.03  43.9  75.2  2.08  0.50
 3 26  85  3.25  6.02  3.96  2.82 219.7 163.4 103.1  7.39  36.8  60.3  2.11  1.05
 3 26  85  3.50  5.88  4.20  2.82 241.1 177.4 103.4  9.77  53.2  82.6  3.15  0.50
 3 26  85  3.75  5.62  4.12  2.82 230.0 179.6 102.6  7.49  43.5  72.8  2.14  0.50
 3 26  85  4.00  5.64  4.04  2.90 227.1 162.1 104.3  8.54  50.2  86.4  2.15  0.60
 3 26  85  4.25  5.86  4.12  2.90 235.9 176.3 100.7  8.58  45.8  77.5  1.97  0.70
 3 26  85  4.50  6.12  4.12  0.00 229.8 167.3   0.0  8.88  43.6  73.5  2.16  1.00
 3 26  85  4.75  5.86  4.12  2.90 230.2 164.4 100.8  9.38  51.1  86.1  2.22  0.68
 3 26  85  5.00  6.25  4.20  2.90 231.8 170.2  99.4  9.10  42.3  73.7  1.82  1.00
 3 26  85  5.25  6.32  3.96  2.90 217.0 158.6 100.0  7.84  35.4  61.3  1.93  1.06
 3 26  85  5.50  6.09  4.20  2.90 236.5 173.0 101.6  9.62  48.2  85.4  2.10  0.50
 3 26  85  5.75  5.94  4.04  2.90 226.3 167.5  99.2  8.11  42.0  67.8  2.18  1.00
 3 26  85  6.00  5.86  4.08  2.90 232.9 161.4  99.2  9.63  52.7  96.3  2.03  0.50
 3 26  85  6.25  6.28  4.12  0.00 254.4 170.4   0.0 11.89  56.4 101.9  2.09  0.60
 3 26  85  6.50  6.18  4.12  2.82 229.2 168.7 102.6  8.70  41.5  68.6  2.10  1.00
 3 26  85  6.75  6.02  4.12  2.82 230.8 174.0 101.3  8.48  42.9  77.4  1.90  0.50
 3 26  85  7.00  6.04  4.08  2.82 241.4 175.8 101.0  9.43  47.8  80.6  2.29  0.50
 3 26  85  7.50  6.17  3.88  2.74 225.1 165.4 100.3  7.82  37.1  65.0  1.92  1.00
 3 26  85  7.75  6.17  3.88  2.74 225.7 167.9 104.7  7.64  36.1  63.0  1.97  1.00
 3 26  85  8.00  6.01  3.80  2.66 224.7 173.1 100.1  7.02  35.2  57.1  2.46  0.50
 3 26  85  8.25  5.94  3.80  2.58 226.3 180.9 103.2  6.73  34.7  50.3  3.68  0.50
 3 26  85  8.50  5.61  3.80  2.58 219.3 165.6 103.4  6.56  38.2  67.8  2.07  0.50
 3 26  85  8.75  5.70  3.64  2.50 234.4 164.9 102.8  7.93  45.3  82.2  2.10  0.50
 3 26  85  9.00  5.69  3.68  2.42 234.8 207.5 103.1  4.47  23.4  30.2  4.64  0.50
 3 26  85  9.25  5.69  3.48  2.34 219.5 167.8 104.7  5.92  33.3  57.0  2.29  0.58
 3 26  85  9.50  5.37  3.24  2.34 212.6 161.9 103.9  4.88  30.4  58.1  1.80  0.50
 3 26  85  9.75  5.46  3.16  2.18 220.7 167.4 106.8  5.32  32.6  56.8  2.34  0.50
 3 26  85 10.00  5.21  0.00  2.10 219.5   0.0 109.4  4.72  30.8  59.1  1.81  0.00
 3 26  85 10.25  5.12  0.00  1.94 227.1   0.0 103.0  5.66  39.6  67.4  2.64  0.00
 3 26  85 10.50  5.14  0.00  1.86 235.5   0.0 110.5  5.42  37.7  60.3  3.64  0.00
 3 26  85 10.75  4.96  0.00  1.70 225.8   0.0 115.3  3.86  28.1  43.5  3.95  0.00
 3 26  85 11.00  4.58  0.00  0.00 231.5   0.0   0.0  3.99  35.3  53.6  4.68  0.00
 3 26  85 11.25  4.32  0.00  0.00 225.6   0.0   0.0  2.72  26.0  46.6  2.42  0.00
 3 26  85 11.50  4.08  0.00  0.00 239.4   0.0   0.0  2.76  30.5  52.2  3.03  0.00
 3 26  85 11.75  4.17  0.00  0.00 248.6   0.0   0.0  2.61  28.2  48.1  3.11  0.00
 3 26  85 12.00  4.08  0.00  0.00 271.3   0.0   0.0  3.96  46.0  81.9  2.73  0.00
 3 26  85 12.25  3.92  0.00  0.00 268.6   0.0   0.0  3.69  46.6  83.2  2.71  0.00
 3 26  85 12.50  3.76  0.00  0.00 278.9   0.0   0.0  3.23  44.2  80.2  2.51  0.00
 3 26  85 12.75  3.52  0.00  0.00 286.0   0.0   0.0  3.21  50.3  91.0  2.54  0.00
 3 26  85 13.00  3.60  0.00  0.00 301.5   0.0   0.0  3.08  46.1  84.2  2.43  0.00
 3 26  85 13.25  3.44  0.00  0.00 296.4   0.0   0.0  2.66  43.6  79.8  2.42  0.00
 3 26  85 13.50  3.44  0.00  0.00 302.3   0.0   0.0  2.74  44.8  82.2  2.40  0.00
 3 26  85 13.75  3.44  0.00  0.00 301.7   0.0   0.0  2.67  43.7  80.1  2.41  0.00
 3 26  85 14.00  3.36  0.00  0.00 298.6   0.0   0.0  2.57  44.0  80.6  2.41  0.00
 3 26  85 14.25  3.44  0.00  0.00 295.6   0.0   0.0  2.86  48.3  71.5  6.00  0.00
 3 26  85 14.50  3.36  0.00  0.00 309.6   0.0   0.0  2.63  45.0  82.4  2.41  0.00
 3 26  85 14.75  3.36  0.00  0.00 294.3   0.0   0.0  1.98  34.1  57.2  3.42  0.00
 3 26  85 15.00  3.36  0.00  0.00 283.5   0.0   0.0  1.77  30.4  51.7  3.25  0.00
 3 26  85 15.25  3.36  0.00  0.00 318.4   0.0   0.0  3.36  57.9 105.9  2.45  0.00
 3 26  85 15.50  3.28  0.00  0.00 305.1   0.0   0.0  2.42  43.6  79.6  2.45  0.00
 3 26  85 15.75  3.36  0.00  0.00 320.8   0.0   0.0  3.03  53.7  78.7  6.00  0.00
 3 26  85 16.00  3.28  0.00  0.00 290.0   0.0   0.0  1.66  29.7  53.1  2.64  0.00
 3 26  85 16.25  3.36  0.00  0.00 319.5   0.0   0.0  2.88  49.4  90.3  2.43  0.00
 3 26  85 16.50  3.60  0.00  0.00 321.3   0.0   0.0  3.16  48.4  72.4  6.00  0.00
 3 26  85 16.75  3.52  0.00  0.00 278.1   0.0   0.0  1.92  30.1  52.3  2.96  0.00
 3 26  85 17.00  3.60  0.00  0.00 276.8   0.0   0.0  2.19  32.9  57.6  2.90  0.00
 3 26  85 17.25  3.36  0.00  0.00 277.7   0.0   0.0  2.49  42.8  78.1  2.46  0.00
 3 26  85 17.50  3.36  0.00  0.00 295.6   0.0   0.0  2.58  44.3  81.0  2.44  0.00
 3 26  85 17.75  3.36  0.00  0.00 298.6   0.0   0.0  3.03  52.2  95.1  2.48  0.00
 3 26  85 18.00  3.36  0.00  0.00 292.4   0.0   0.0  2.63  45.2  82.5  2.45  0.00
 3 26  85 18.25  3.20  0.00  0.00 290.3   0.0   0.0  2.25  42.5  77.6  2.44  0.00
 3 26  85 18.50  3.28  0.00  0.00 308.2   0.0   0.0  2.58  46.5  85.1  2.42  0.00
 3 26  85 18.75  3.36  0.00  0.00 301.1   0.0   0.0  2.55  43.7  79.9  2.43  0.00
 3 26  85 19.00  3.28  0.00  0.00 293.3   0.0   0.0  2.80  50.7  92.0  2.51  0.00
 3 26  85 19.25  3.28  0.00  0.00 304.0   0.0   0.0  2.54  45.8  83.7  2.44  0.00
 3 26  85 19.50  3.20  0.00  0.00 296.9   0.0   0.0  2.24  42.2  77.3  2.43  0.00
 3 26  85 19.75  3.20  0.00  0.00 310.3   0.0   0.0  2.44  46.1  84.4  2.42  0.00
 3 26  85 20.00  3.28  0.00  0.00 292.3   0.0   0.0  1.72  31.0  53.2  3.12  0.00
 3 26  85 20.25  3.44  0.00  0.00 290.2   0.0   0.0  2.02  33.2  55.7  3.32  0.00
 3 26  85 20.50  3.44  0.00  0.00 266.7   0.0   0.0  1.67  27.4  46.9  3.14  0.00
 3 26  85 20.75  3.44  0.00  0.00 270.3   0.0   0.0  1.92  31.8  52.6  3.68  0.00
 3 26  85 21.00  3.44  0.00  0.00 280.5   0.0   0.0  2.66  43.5  79.6  2.43  0.00
 3 26  85 21.25  3.36  0.00  0.00 265.4   0.0   0.0  1.77  30.6  50.6  3.68  0.00
 3 26  85 21.50  3.36  0.00  0.00 273.6   0.0   0.0  1.95  33.7  56.0  3.60  0.00
 3 26  85 21.75  3.44  0.00  0.00 288.4   0.0   0.0  2.68  43.8  79.5  2.51  0.00
 3 26  85 22.00  3.52  0.00  0.00 277.2   0.0   0.0  2.94  46.0  82.3  2.68  0.00
 3 26  85 22.25  3.68  0.00  0.00 276.4   0.0   0.0  3.15  44.7  80.1  2.65  0.00
 3 26  85 22.50  3.84  0.00  0.00 277.8   0.0   0.0  4.22  56.4  80.3  6.00  0.00
 3 26  85 22.75  4.08  0.00  0.00 251.1   0.0   0.0  3.37  38.1  60.6  3.88  0.00
 3 26  85 23.00  4.25  0.00  0.00 238.4   0.0   0.0  3.08  31.0  54.6  2.57  0.00
 3 26  85 23.25  4.49  0.00  0.00 231.4   0.0   0.0  3.04  26.8  45.0  2.95  0.00
 3 26  85 23.50  4.49  0.00  1.62 216.3   0.0 106.4  3.22  28.8  45.1  3.79  0.00
 3 26  85 23.75  4.26  0.00  1.86 215.4   0.0 106.4  3.50  34.6  54.8  3.53  0.00
