mo da yda  time  FoF2  FoF1   FoE  HmF2  HmF1   HmE   Tec  HTop    B0    B1    D1
 2 19  50  0.00  3.28  0.00  0.00 245.3   0.0   0.0  2.72  47.9  81.9  3.30  0.00
 2 19  50  0.25  3.76  0.00  0.00 236.7   0.0   0.0  3.66  49.2  85.5  3.11  0.00
 2 19  50  0.50  4.16  0.00  0.00 209.8   0.0   0.0  2.39  24.4  42.5  2.53  0.00
 2 19  50  0.75  4.33  0.00  0.00 207.9   0.0   0.0  2.88  27.6  43.4  3.77  0.00
 2 19  50  1.00  4.64  0.00  0.00 209.0   0.0   0.0  3.29  27.1  48.0  2.32  0.00
 2 19  50  1.25  5.05  2.84  1.94 203.2 158.1 104.8  3.89  28.2  45.6  3.05  0.50
 2 19  50  1.50  5.06  2.81  2.02 209.6 154.5 103.7  4.83  35.6  55.5  3.86  0.50
 2 19  50  1.75  5.44  2.98  2.10 213.4 153.2 102.4  5.59  35.2  64.0  2.26  0.50
 2 19  50  2.00  5.68  3.16  2.18 208.6 155.2 101.1  5.44  31.1  54.7  2.29  0.50
 2 19  50  2.25  6.00  3.40  2.26 205.9 162.5 101.5  5.10  25.5  44.5  2.17  0.52
 2 19  50  2.50  5.85  3.48  2.34 199.5 163.5 103.9  4.55  23.9  37.1  2.98  0.57
 2 19  50  2.75  5.61  3.56  2.42 210.3 158.4 101.2  6.13  36.2  58.3  2.88  0.50
 2 19  50  3.00  5.53  3.53  2.50 200.1 155.6 101.3  5.26  31.7  48.8  3.17  0.52
 2 19  50  3.25  5.70  3.64  2.50 220.7 155.9 102.7  7.99  46.8  73.0  3.76  0.50
 2 19  50  3.50  5.61  3.64  2.58 190.9 151.9 103.3  4.81  27.9  43.2  2.91  0.60
 2 19  50  3.75  5.13  3.72  2.58 194.5 152.3 101.5  4.92  34.5  58.4  2.33  0.50
 2 19  50  4.00  5.05  3.64  2.58 194.6 148.3 101.5  5.17  38.0  60.5  2.99  0.50
 2 19  50  4.25  5.13  3.72  2.58 207.2 153.6 101.5  5.89  41.7  76.2  2.03  0.50
 2 19  50  4.50  5.14  3.80  2.66 211.4 157.7 103.2  6.36  45.4  76.6  2.72  0.50
 2 19  50  4.75  5.46  3.72  2.66 226.6 151.1 103.2  8.50  54.3  98.6  2.34  0.50
 2 19  50  5.00  5.45  3.68  2.66 207.6 150.0 101.7  6.25  38.9  71.4  1.97  0.50
 2 19  50  5.25  5.77  3.80  2.66 218.5 157.1 101.4  7.47  41.5  75.9  1.98  0.55
 2 19  50  5.50  5.93  3.86  2.66 221.0 171.2 103.1  7.00  36.5  56.0  2.94  0.50
 2 19  50  5.75  6.00  3.74  2.66 212.3 163.5 106.6  6.16  30.5  54.4  1.96  0.60
 2 19  50  6.00  5.69  3.88  2.66 203.8 167.4 103.5  5.48  30.7  43.0  3.69  0.50
 2 19  50  6.25  5.29  3.72  2.66 215.0 154.1 106.4  6.70  45.0  91.2  1.82  0.00
 2 19  50  6.75  5.13  3.72  2.58 216.4 157.3 102.7  6.40  45.5  84.6  2.00  0.50
 2 19  50  7.00  5.21  3.72  2.58 208.9 160.6 105.0  5.56  37.7  67.9  2.07  0.50
 2 19  50  7.25  5.13  3.64  2.50 219.5 160.7 103.5  6.13  43.1  82.0  1.80  0.50
 2 19  50  7.50  5.46  3.56  2.50 226.1 160.4 102.3  7.38  46.4  77.6  2.60  0.53
 2 19  50  7.75  5.29  3.56  2.42 213.4 168.4 102.4  5.23  34.1  54.9  2.61  0.50
 2 19  50  8.00  5.05  3.48  2.34 199.9 166.7 103.5  3.89  27.3  40.2  3.11  0.50
 2 19  50  8.25  4.74  3.08  2.26 212.7 157.0 102.0  4.94  41.2  63.6  3.35  0.50
 2 19  50  8.50  4.32  0.00  2.18 192.2   0.0 100.3  3.35  31.9  58.4  2.06  0.00
 2 19  50  8.75  4.89  3.16  2.10 220.0 174.2 102.8  4.19  31.6  54.0  2.35  0.50
 2 19  50  9.00  4.40  0.00  2.02 203.0   0.0 101.9  3.37  30.7  53.7  2.21  0.00
 2 19  50  9.25  4.33  0.00  0.00 210.6   0.0   0.0  3.59  34.5  54.0  3.66  0.00
 2 19  50  9.50  4.24  0.00  0.00 214.4   0.0   0.0  3.63  36.5  66.2  2.34  0.00
 2 19  50  9.75  4.00  0.00  0.00 208.8   0.0   0.0  2.67  29.7  44.8  4.42  0.00
 2 19  50 10.00  4.08  0.00  0.00 216.8   0.0   0.0  2.97  32.4  55.2  2.84  0.00
 2 19  50 10.25  4.00  0.00  0.00 218.0   0.0   0.0  2.49  28.4  44.1  4.30  0.00
 2 19  50 10.50  3.52  0.00  0.00 243.8   0.0   0.0  3.46  53.6  92.9  3.26  0.00
 2 19  50 10.75  3.20  0.00  0.00 249.6   0.0   0.0  2.58  48.2  82.4  3.32  0.00
 2 19  50 11.00  2.72  0.00  0.00 269.6   0.0   0.0  2.40  62.7 121.3  2.38  0.00
 2 19  50 11.25  2.64  0.00  0.00 287.6   0.0   0.0  1.88  52.0  91.3  2.90  0.00
 2 19  50 11.50  2.56  0.00  0.00 287.8   0.0   0.0  1.67  49.4  87.5  2.80  0.00
 2 19  50 11.75  2.48  0.00  0.00 296.6   0.0   0.0  1.60  50.4  90.2  2.67  0.00
 2 19  50 12.00  2.48  0.00  0.00 308.5   0.0   0.0  1.68  52.9  95.1  2.62  0.00
 2 19  50 12.25  2.56  0.00  0.00 300.6   0.0   0.0  1.71  50.6  91.1  2.59  0.00
 2 19  50 12.50  2.72  0.00  0.00 291.6   0.0   0.0  1.84  48.3  87.0  2.60  0.00
 2 19  50 12.75  2.72  0.00  0.00 295.9   0.0   0.0  1.85  48.4  87.5  2.56  0.00
 2 19  50 13.00  2.72  0.00  0.00 283.3   0.0   0.0  1.55  40.6  73.3  2.57  0.00
 2 19  50 13.25  2.80  0.00  0.00 301.2   0.0   0.0  1.95  48.2  87.3  2.54  0.00
 2 19  50 13.50  2.88  0.00  0.00 291.5   0.0   0.0  1.92  44.8  81.0  2.57  0.00
 2 19  50 13.75  2.88  0.00  0.00 285.8   0.0   0.0  2.02  47.3  85.3  2.59  0.00
 2 19  50 14.00  2.88  0.00  0.00 280.2   0.0   0.0  1.80  42.0  75.9  2.55  0.00
 2 19  50 14.25  2.88  0.00  0.00 293.6   0.0   0.0  2.13  49.8  90.1  2.55  0.00
 2 19  50 14.50  2.88  0.00  0.00 293.9   0.0   0.0  2.09  49.1  88.6  2.57  0.00
 2 19  50 14.75  2.88  0.00  0.00 301.6   0.0   0.0  2.13  49.7  89.9  2.56  0.00
 2 19  50 15.00  2.88  0.00  0.00 296.7   0.0   0.0  1.96  45.9  83.2  2.53  0.00
 2 19  50 15.25  2.88  0.00  0.00 294.2   0.0   0.0  2.01  47.1  85.1  2.56  0.00
 2 19  50 15.50  2.88  0.00  0.00 295.3   0.0   0.0  1.98  46.4  84.0  2.54  0.00
 2 19  50 15.75  2.96  0.00  0.00 302.1   0.0   0.0  2.12  47.0  85.2  2.53  0.00
 2 19  50 16.00  3.12  0.00  0.00 303.9   0.0   0.0  2.30  45.7  83.4  2.46  0.00
 2 19  50 16.25  3.12  0.00  0.00 300.8   0.0   0.0  2.45  48.8  88.7  2.50  0.00
 2 19  50 16.50  3.12  0.00  0.00 302.2   0.0   0.0  2.51  50.1  91.1  2.48  0.00
 2 19  50 16.75  3.12  0.00  0.00 304.1   0.0   0.0  2.28  45.3  82.6  2.46  0.00
 2 19  50 17.00  3.12  0.00  0.00 296.0   0.0   0.0  2.29  45.7  83.1  2.48  0.00
 2 19  50 17.25  3.12  0.00  0.00 289.4   0.0   0.0  2.06  40.9  74.6  2.45  0.00
 2 19  50 17.50  3.12  0.00  0.00 297.9   0.0   0.0  2.32  46.1  83.9  2.48  0.00
 2 19  50 17.75  3.12  0.00  0.00 294.3   0.0   0.0  2.43  48.4  87.9  2.52  0.00
 2 19  50 18.00  3.20  0.00  0.00 302.5   0.0   0.0  2.43  45.9  84.0  2.44  0.00
 2 19  50 18.25  3.20  0.00  0.00 291.5   0.0   0.0  2.22  42.0  76.6  2.45  0.00
 2 19  50 18.50  2.96  0.00  0.00 282.2   0.0   0.0  2.25  50.0  90.4  2.57  0.00
 2 19  50 18.75  3.04  0.00  0.00 302.7   0.0   0.0  2.22  46.7  84.7  2.52  0.00
 2 19  50 19.00  2.96  0.00  0.00 291.4   0.0   0.0  2.14  47.4  86.0  2.52  0.00
 2 19  50 19.25  2.96  0.00  0.00 286.0   0.0   0.0  1.99  44.0  79.7  2.54  0.00
 2 19  50 19.50  2.96  0.00  0.00 283.7   0.0   0.0  2.04  45.2  81.8  2.55  0.00
 2 19  50 19.75  2.96  0.00  0.00 289.8   0.0   0.0  2.09  46.4  84.0  2.55  0.00
 2 19  50 20.00  2.96  0.00  0.00 293.5   0.0   0.0  2.09  46.3  84.0  2.53  0.00
 2 19  50 20.25  2.96  0.00  0.00 294.9   0.0   0.0  2.16  47.9  86.9  2.53  0.00
 2 19  50 20.50  2.96  0.00  0.00 289.2   0.0   0.0  2.01  44.5  80.5  2.53  0.00
 2 19  50 20.75  2.96  0.00  0.00 289.2   0.0   0.0  2.06  45.6  82.6  2.54  0.00
 2 19  50 21.00  2.96  0.00  0.00 285.2   0.0   0.0  1.96  43.3  78.5  2.53  0.00
 2 19  50 21.25  2.96  0.00  0.00 275.1   0.0   0.0  1.93  42.7  77.6  2.51  0.00
 2 19  50 21.50  2.88  0.00  0.00 273.3   0.0   0.0  1.81  42.4  76.5  2.57  0.00
 2 19  50 21.75  2.88  0.00  0.00 279.7   0.0   0.0  1.90  44.5  80.3  2.58  0.00
 2 19  50 22.00  2.80  0.00  0.00 281.0   0.0   0.0  1.91  47.5  85.4  2.62  0.00
 2 19  50 22.25  2.80  0.00  0.00 279.4   0.0   0.0  1.86  46.2  83.2  2.60  0.00
 2 19  50 22.50  2.72  0.00  0.00 277.3   0.0   0.0  1.82  47.9  86.1  2.62  0.00
 2 19  50 22.75  2.56  0.00  0.00 269.6   0.0   0.0  1.52  45.0  80.5  2.66  0.00
 2 19  50 23.00  2.32  0.00  0.00 279.5   0.0   0.0  1.35  48.5  85.6  2.83  0.00
 2 19  50 23.25  2.32  0.00  0.00 289.0   0.0   0.0  1.67  60.2 106.6  2.86  0.00
 2 19  50 23.50  2.32  0.00  0.00 276.1   0.0   0.0  1.49  52.7  89.7  3.38  0.00
 2 19  50 23.75  2.56  0.00  0.00 276.1   0.0   0.0  2.02  58.7 101.2  3.25  0.00
