mo da yda  time  FoF2  FoF1   FoE  HmF2  HmF1   HmE   Tec  HTop    B0    B1    D1
 3  2  61  0.00  3.92  0.00  0.00 245.7   0.0   0.0  4.13  50.9  80.5  4.40  0.00
 3  2  61  0.25  4.32  0.00  1.54 213.6   0.0 111.5  2.65  25.1  40.5  3.50  0.00
 3  2  61  0.50  4.88  0.00  1.70 206.7   0.0 107.7  3.14  22.9  45.2  1.71  0.00
 3  2  61  0.75  4.88  0.00  1.86 199.5   0.0 108.1  3.72  28.3  46.0  3.43  0.00
 3  2  61  1.00  4.89  3.00  1.94 211.7 166.4 107.3  4.04  31.1  49.1  3.31  0.50
 3  2  61  1.25  5.13  3.32  2.10 209.3 171.9 106.3  4.43  31.3  41.9  5.89  0.50
 3  2  61  1.50  5.05  3.22  2.18 208.4 171.6 105.6  4.05  29.1  41.0  4.83  0.50
 3  2  61  1.75  5.05  3.40  2.26 211.8 164.0 102.8  4.94  35.8  57.9  2.94  0.50
 3  2  61  2.00  5.76  3.48  2.34 216.9 168.2 105.2  5.73  31.5  53.6  2.46  0.50
 3  2  61  2.25  5.85  3.56  2.42 201.4 163.8 104.1  4.86  25.6  39.6  2.99  0.50
 3  2  61  2.50  5.45  3.56  2.50 204.4 154.1 103.6  5.82  36.5  57.7  3.03  0.53
 3  2  61  2.75  5.68  3.64  2.58 238.6 152.8 102.9  9.64  56.7 119.7  1.71  0.10
 3  2  61  3.00  5.85  3.76  2.58 210.7 159.3 102.1  6.09  32.1  57.9  1.90  0.70
 3  2  61  3.25  5.68  3.72  2.66 204.8 156.4 103.4  5.90  33.3  55.2  2.38  0.66
 3  2  61  3.50  5.69  3.88  2.66 203.8 157.8  99.1  5.81  32.4  57.2  1.83  0.67
 3  2  61  3.75  6.08  3.80  2.66 236.9 153.9 104.6 10.25  52.1 113.0  1.59  0.00
 3  2  61  4.00  6.49  3.96  2.66 222.1 163.6 101.2  8.01  34.3  58.0  2.09  1.09
 3  2  61  4.25  6.40  3.96  2.66 209.8 169.0 101.4  6.31  27.4  42.2  2.51  1.00
 3  2  61  4.50  6.01  3.96  2.74 207.8 160.0 102.4  6.87  35.0  54.5  2.76  0.68
 3  2  61  4.75  5.69  3.86  2.74 204.5 154.6  99.9  6.34  36.0  60.3  2.29  0.58
 3  2  61  5.00  5.69  3.96  2.74 207.1 157.8 102.6  6.67  38.2  62.2  2.46  0.57
 3  2  61  5.25  6.00  3.96  2.74 244.0 156.7 103.8 11.05  58.1 125.3  1.61  0.00
 3  2  61  5.50  6.00  4.04  2.74 215.0 159.2 102.9  7.64  39.0  68.2  2.05  0.68
 3  2  61  5.75  5.86  3.96  2.74 216.9 166.3  99.4  7.51  40.7  58.8  3.70  0.50
 3  2  61  6.00  5.40  3.80  2.74 224.1 151.3 100.9  8.71  57.5  91.5  3.37  0.50
 3  2  61  6.25  5.62  3.80  2.74 223.5 152.4 101.9  8.59  51.6  87.6  2.59  0.50
 3  2  61  6.50  5.70  3.88  2.66 216.2 164.0 101.0  6.99  39.8  63.1  2.60  0.60
 3  2  61  6.75  5.54  3.86  2.66 213.5 167.9 101.8  6.39  38.5  54.7  3.75  0.50
 3  2  61  7.00  5.30  3.72  2.66 226.7 158.9 104.5  7.93  53.8  85.6  3.45  0.50
 3  2  61  7.25  5.54  3.72  2.58 221.5 154.5 101.8  7.54  46.0  85.9  2.04  0.50
 3  2  61  7.50  5.46  3.56  2.58 210.5 155.0 104.4  6.27  39.1  63.9  2.64  0.66
 3  2  61  7.75  5.37  3.54  2.50 213.6 158.6 103.5  6.16  39.7  66.0  2.67  0.50
 3  2  61  8.00  5.08  3.32  2.50 237.4 151.6 103.1  8.49  63.6  96.2  4.85  0.50
 3  2  61  8.25  5.06  3.48  2.42 218.9 159.6 104.4  5.95  43.3  79.3  2.12  0.50
 3  2  61  8.50  4.97  3.24  2.34 212.7 166.1 108.6  4.51  33.1  55.0  2.57  0.50
 3  2  61  8.75  4.57  0.00  2.26 206.1   0.0 104.1  4.10  35.1  61.1  2.37  0.00
 3  2  61  9.00  4.74  3.40  2.18 229.4 170.5 101.4  5.76  48.3  78.2  2.98  0.50
 3  2  61  9.25  4.57  0.00  2.10 213.1   0.0 107.1  3.88  32.7  62.7  1.85  0.00
 3  2  61  9.50  4.57  0.00  2.02 230.1   0.0 105.5  4.93  43.0  72.6  2.85  0.00
 3  2  61  9.75  4.40  0.00  0.00 217.2   0.0   0.0  3.55  32.5  58.6  2.21  0.00
 3  2  61 10.00  4.40  0.00  0.00 219.9   0.0   0.0  3.28  29.9  53.5  2.31  0.00
 3  2  61 10.25  4.49  0.00  1.54 230.7   0.0 105.0  3.61  32.2  58.1  2.23  0.00
 3  2  61 10.50  4.40  0.00  0.00 227.5   0.0   0.0  3.08  28.7  50.4  2.59  0.00
 3  2  61 10.75  4.32  0.00  0.00 231.4   0.0   0.0  3.01  29.7  52.7  2.60  0.00
 3  2  61 11.00  4.40  0.00  0.00 251.3   0.0   0.0  4.31  42.7  75.5  2.82  0.00
 3  2  61 11.25  4.08  0.00  0.00 255.5   0.0   0.0  4.04  47.0  82.8  2.86  0.00
 3  2  61 11.50  3.84  0.00  0.00 268.3   0.0   0.0  3.58  47.1  84.2  2.67  0.00
 3  2  61 11.75  3.44  0.00  0.00 263.6   0.0   0.0  2.59  42.4  76.5  2.57  0.00
 3  2  61 12.00  3.60  0.00  0.00 288.3   0.0   0.0  2.91  43.5  79.3  2.46  0.00
 3  2  61 12.25  3.60  0.00  0.00 281.7   0.0   0.0  2.56  38.2  70.1  2.41  0.00
 3  2  61 12.50  3.60  0.00  0.00 278.1   0.0   0.0  2.59  38.7  71.0  2.41  0.00
 3  2  61 12.75  3.60  0.00  0.00 287.6   0.0   0.0  2.56  38.2  70.3  2.38  0.00
 3  2  61 13.00  3.52  0.00  0.00 283.1   0.0   0.0  2.55  39.7  72.9  2.40  0.00
 3  2  61 13.25  3.52  0.00  0.00 278.3   0.0   0.0  2.43  38.0  69.7  2.40  0.00
 3  2  61 13.50  3.44  0.00  0.00 277.1   0.0   0.0  2.45  40.1  73.3  2.43  0.00
 3  2  61 13.75  3.60  0.00  0.00 292.2   0.0   0.0  2.86  42.7  78.4  2.39  0.00
 3  2  61 14.00  3.60  0.00  0.00 278.7   0.0   0.0  2.68  40.1  73.4  2.43  0.00
 3  2  61 14.25  3.76  0.00  0.00 280.5   0.0   0.0  2.94  40.3  73.8  2.42  0.00
 3  2  61 14.50  3.76  0.00  0.00 274.9   0.0   0.0  3.07  42.1  76.8  2.46  0.00
 3  2  61 14.75  3.68  0.00  0.00 266.0   0.0   0.0  2.42  34.6  63.7  2.38  0.00
 3  2  61 15.00  3.60  0.00  0.00 259.4   0.0   0.0  2.58  40.1  58.8  6.00  0.00
 3  2  61 15.25  3.60  0.00  0.00 261.5   0.0   0.0  2.54  38.0  69.3  2.46  0.00
 3  2  61 15.50  3.60  0.00  0.00 268.0   0.0   0.0  2.52  37.7  69.0  2.42  0.00
 3  2  61 15.75  3.60  0.00  0.00 281.4   0.0   0.0  3.14  47.1  85.7  2.48  0.00
 3  2  61 16.00  3.60  0.00  0.00 274.1   0.0   0.0  2.50  37.3  68.4  2.41  0.00
 3  2  61 16.25  3.60  0.00  0.00 272.6   0.0   0.0  2.61  39.0  71.5  2.42  0.00
 3  2  61 16.50  3.60  0.00  0.00 286.7   0.0   0.0  3.18  47.7  87.0  2.46  0.00
 3  2  61 16.75  3.44  0.00  0.00 283.5   0.0   0.0  2.62  42.9  78.4  2.43  0.00
 3  2  61 17.00  3.44  0.00  0.00 285.6   0.0   0.0  2.54  41.6  76.2  2.42  0.00
 3  2  61 17.25  3.60  0.00  0.00 290.2   0.0   0.0  3.23  48.5  88.0  2.50  0.00
 3  2  61 17.50  3.60  0.00  0.00 283.3   0.0   0.0  2.79  41.7  76.4  2.42  0.00
 3  2  61 17.75  3.60  0.00  0.00 277.4   0.0   0.0  2.48  37.0  68.0  2.39  0.00
 3  2  61 18.00  3.60  0.00  0.00 282.6   0.0   0.0  3.00  44.9  81.9  2.45  0.00
 3  2  61 18.25  3.60  0.00  0.00 292.7   0.0   0.0  2.93  43.7  80.1  2.42  0.00
 3  2  61 18.50  3.60  0.00  0.00 289.3   0.0   0.0  3.04  45.5  83.2  2.44  0.00
 3  2  61 18.75  3.60  0.00  0.00 295.4   0.0   0.0  2.77  41.4  76.0  2.39  0.00
 3  2  61 19.00  3.60  0.00  0.00 284.0   0.0   0.0  2.79  41.8  76.5  2.42  0.00
 3  2  61 19.25  3.60  0.00  0.00 271.2   0.0   0.0  2.04  30.8  51.7  3.44  0.00
 3  2  61 19.50  3.60  0.00  0.00 293.9   0.0   0.0  2.92  43.7  79.9  2.42  0.00
 3  2  61 19.75  3.60  0.00  0.00 291.3   0.0   0.0  2.81  42.0  77.1  2.40  0.00
 3  2  61 20.00  3.60  0.00  0.00 286.2   0.0   0.0  2.64  39.3  72.2  2.40  0.00
 3  2  61 20.25  3.68  0.00  0.00 287.3   0.0   0.0  3.24  48.1  70.6  6.00  0.00
 3  2  61 20.50  3.68  0.00  0.00 266.1   0.0   0.0  1.96  28.3  45.9  3.94  0.00
 3  2  61 20.75  3.68  0.00  0.00 286.2   0.0   0.0  2.83  40.5  74.4  2.39  0.00
 3  2  61 21.00  3.76  0.00  0.00 284.6   0.0   0.0  3.03  41.5  76.1  2.40  0.00
 3  2  61 21.25  3.76  0.00  0.00 286.2   0.0   0.0  2.89  39.6  72.8  2.38  0.00
 3  2  61 21.50  3.84  0.00  0.00 279.2   0.0   0.0  2.93  38.4  70.6  2.39  0.00
 3  2  61 21.75  3.84  0.00  0.00 276.4   0.0   0.0  3.39  46.3  68.4  6.00  0.00
 3  2  61 22.00  3.92  0.00  0.00 283.8   0.0   0.0  3.29  41.5  76.2  2.40  0.00
 3  2  61 22.25  3.84  0.00  0.00 251.1   0.0   0.0  1.98  26.1  44.6  3.16  0.00
 3  2  61 22.50  3.68  0.00  0.00 264.7   0.0   0.0  2.92  41.8  75.7  2.53  0.00
 3  2  61 22.75  3.68  0.00  0.00 261.9   0.0   0.0  2.85  40.7  73.6  2.55  0.00
 3  2  61 23.00  3.68  0.00  0.00 251.9   0.0   0.0  2.78  39.7  71.0  2.66  0.00
 3  2  61 23.25  3.60  0.00  0.00 258.7   0.0   0.0  3.20  47.7  83.5  2.96  0.00
 3  2  61 23.50  3.60  0.00  0.00 227.0   0.0   0.0  2.00  28.9  47.2  3.70  0.00
 3  2  61 23.75  3.68  0.00  0.00 237.8   0.0   0.0  3.40  47.7  82.2  3.19  0.00
