mo da yda  time  FoF2  FoF1   FoE  HmF2  HmF1   HmE   Tec  HTop    B0    B1    D1
 3 17  76  0.00  3.86  0.00  1.86 224.2   0.0 102.0  3.62  44.0  67.9  3.86  0.00
 3 17  76  0.25  4.08  0.00  2.02 228.5   0.0 102.9  4.50  49.6  75.4  4.04  0.00
 3 17  76  0.50  4.24  0.00  2.10 213.2   0.0 101.3  4.23  42.6  77.1  2.31  0.00
 3 17  76  0.75  4.48  0.00  2.18 215.0   0.0 101.2  4.43  39.5  76.3  1.89  0.00
 3 17  76  1.00  4.81  3.48  2.26 221.4 186.8 102.3  4.12  31.6  47.4  2.80  0.50
 3 17  76  1.25  4.81  3.40  2.34 211.9 178.4 101.2  3.89  30.0  41.4  3.74  0.50
 3 17  76  1.50  4.58  3.56  2.42 214.5 172.8 102.1  4.72  41.7  62.1  3.50  0.50
 3 17  76  1.75  4.80  3.61  2.42 243.4 177.1 102.2  6.55  53.1 112.8  1.70  0.50
 3 17  76  2.00  5.08  3.64  2.58 232.2 160.8 103.1  7.72  57.0  91.4  3.04  0.50
 3 17  76  2.25  4.96  3.64  2.58 223.7 163.5 105.1  6.16  46.5 101.9  1.54  0.50
 3 17  76  2.50  5.13  3.80  2.66 221.1 174.4 107.0  5.78  39.9  65.2  2.10  0.60
 3 17  76  2.75  4.90  3.88  2.66 225.0 176.0  99.8  6.41  50.0  74.8  2.80  0.50
 3 17  76  3.00  5.14  3.96  2.74 216.3 166.9 103.7  6.58  46.5  76.6  2.22  0.51
 3 17  76  3.25  5.08  4.04  2.74 250.2 184.5 102.2  8.60  63.3 107.8  2.65  0.50
 3 17  76  3.50  5.04  4.06  2.74 223.5 165.5 100.9  7.70  57.6 117.0  1.61  0.50
 3 17  76  3.75  5.22  3.96  2.82 228.4 168.6 103.1  7.56  51.7  89.1  1.85  1.00
 3 17  76  4.00  5.56  4.04  2.82 235.0 182.5 102.8  7.95  47.6  66.7  3.35  0.50
 3 17  76  4.25  5.62  3.96  2.82 220.5 172.4 102.5  6.92  39.7  56.2  2.40  1.50
 3 17  76  4.50  5.46  3.88  2.82 215.3 153.8 102.0  7.49  47.2  77.4  2.44  0.70
 3 17  76  4.75  5.48  4.12  2.82 235.6 168.6 103.2  9.37  59.3  96.2  2.49  0.60
 3 17  76  5.00  5.61  3.88  0.00 223.6 165.9   0.0  7.30  42.6  67.3  2.34  1.20
 3 17  76  5.25  5.46  4.04  2.90 210.6 159.1 104.0  7.02  43.9  71.4  2.34  0.60
 3 17  76  5.50  5.22  4.04  2.82 214.7 161.5 102.5  7.15  49.5  82.6  2.23  0.51
 3 17  76  5.75  5.32  4.02  2.82 229.4 163.0 105.4  8.44  56.6  93.2  2.50  0.55
 3 17  76  6.00  5.30  4.04  2.82 218.9 163.9 103.2  7.36  49.3  82.8  2.26  0.50
 3 17  76  6.25  5.40  3.96  2.82 231.0 162.3 103.8  8.65  56.1  93.5  2.38  0.60
 3 17  76  6.50  5.30  3.88  2.74 216.3 158.0 103.7  7.13  47.7  78.1  2.44  0.60
 3 17  76  6.75  4.98  3.80  2.74 208.5 154.3 102.0  6.26  47.6  81.6  2.20  0.52
 3 17  76  7.00  4.76  3.80  2.74 226.7 156.8 101.4  7.80  66.9 108.6  3.22  0.50
 3 17  76  7.25  5.00  4.04  2.66 237.1 177.7 101.8  8.01  61.0  95.4  2.85  0.50
 3 17  76  7.50  5.24  3.88  2.66 235.5 172.1 106.2  7.90  54.0  88.9  2.52  0.50
 3 17  76  7.75  5.08  3.88  2.66 226.9 170.9 106.3  7.17  52.4  81.2  3.03  0.50
 3 17  76  8.00  5.08  3.94  2.58 244.6 184.2 104.3  7.81  57.1  89.4  3.03  0.50
 3 17  76  8.25  5.30  3.64  2.58 225.3 169.4 104.1  6.53  42.8  68.0  2.61  0.59
 3 17  76  8.50  5.06  3.56  2.50 220.8 188.4 106.2  4.33  29.7  39.6  4.06  0.50
 3 17  76  8.75  4.66  3.40  2.42 207.9 165.5 106.1  4.26  35.8  59.6  2.51  0.50
 3 17  76  9.00  4.65  3.40  2.34 217.7 167.3 106.1  4.64  39.2  79.6  1.63  0.50
 3 17  76  9.25  4.66  0.00  2.26 221.7   0.0 106.1  4.90  40.6  73.5  2.21  0.00
 3 17  76  9.50  4.58  0.00  2.18 227.7   0.0 111.3  4.89  42.2  69.5  3.02  0.00
 3 17  76  9.75  4.34  0.00  2.10 225.0   0.0 103.9  4.43  42.5  70.0  2.96  0.00
 3 17  76 10.00  4.42  0.00  2.02 229.6   0.0 105.8  4.68  43.3  81.4  2.09  0.00
 3 17  76 10.25  4.41  0.00  1.86 226.2   0.0 110.5  3.56  32.2  58.0  2.21  0.00
 3 17  76 10.50  4.34  0.00  0.00 233.9   0.0   0.0  3.70  35.4  57.3  3.27  0.00
 3 17  76 10.75  4.40  0.00  0.00 227.2   0.0   0.0  3.33  30.8  56.5  2.11  0.00
 3 17  76 11.00  4.49  0.00  0.00 232.7   0.0   0.0  3.18  28.8  48.3  3.05  0.00
 3 17  76 11.25  4.24  0.00  0.00 235.6   0.0   0.0  3.29  34.4  55.7  3.68  0.00
 3 17  76 11.50  4.00  0.00  0.00 240.8   0.0   0.0  2.49  29.3  50.3  3.03  0.00
 3 17  76 11.75  3.76  0.00  0.00 250.0   0.0   0.0  2.44  33.1  55.3  3.49  0.00
 3 17  76 12.00  3.92  0.00  0.00 263.8   0.0   0.0  2.44  30.6  51.4  3.33  0.00
 3 17  76 12.25  3.76  0.00  0.00 269.0   0.0   0.0  2.83  38.7  70.4  2.48  0.00
 3 17  76 12.50  3.68  0.00  0.00 281.7   0.0   0.0  2.84  40.5  74.2  2.43  0.00
 3 17  76 12.75  3.68  0.00  0.00 258.6   0.0   0.0  1.91  27.5  46.2  3.37  0.00
 3 17  76 13.00  3.60  0.00  0.00 268.1   0.0   0.0  2.52  37.7  69.0  2.42  0.00
 3 17  76 13.25  3.44  0.00  0.00 280.5   0.0   0.0  2.63  43.1  78.6  2.46  0.00
 3 17  76 13.50  3.36  0.00  0.00 265.4   0.0   0.0  1.80  31.2  50.8  3.94  0.00
 3 17  76 14.00  3.28  0.00  0.00 277.7   0.0   0.0  2.08  37.4  68.3  2.44  0.00
 3 17  76 14.25  3.28  0.00  0.00 287.1   0.0   0.0  2.28  41.0  75.1  2.41  0.00
 3 17  76 14.50  3.28  0.00  0.00 281.0   0.0   0.0  2.05  37.7  58.2  5.15  0.00
 3 17  76 14.75  3.36  0.00  0.00 294.1   0.0   0.0  2.44  41.9  76.7  2.42  0.00
 3 17  76 15.00  3.36  0.00  0.00 292.7   0.0   0.0  2.38  40.7  74.6  2.40  0.00
 3 17  76 15.25  3.44  0.00  0.00 279.6   0.0   0.0  2.38  38.9  71.4  2.40  0.00
 3 17  76 15.50  3.36  0.00  0.00 276.0   0.0   0.0  2.17  37.1  68.0  2.41  0.00
 3 17  76 15.75  3.28  0.00  0.00 285.3   0.0   0.0  2.45  44.2  80.6  2.45  0.00
 3 17  76 16.00  3.20  0.00  0.00 276.6   0.0   0.0  1.96  37.0  67.8  2.41  0.00
 3 17  76 16.25  3.12  0.00  0.00 267.8   0.0   0.0  1.62  32.9  50.1  5.51  0.00
 3 17  76 16.50  3.12  0.00  0.00 294.1   0.0   0.0  2.25  44.8  81.7  2.46  0.00
 3 17  76 16.75  3.04  0.00  0.00 292.3   0.0   0.0  2.07  43.4  78.9  2.49  0.00
 3 17  76 17.00  3.04  0.00  0.00 300.2   0.0   0.0  1.88  39.3  71.8  2.45  0.00
 3 17  76 17.25  3.04  0.00  0.00 306.2   0.0   0.0  2.16  45.3  82.6  2.46  0.00
 3 17  76 17.50  3.04  0.00  0.00 302.3   0.0   0.0  2.09  43.8  79.7  2.49  0.00
 3 17  76 17.75  3.04  0.00  0.00 310.2   0.0   0.0  2.06  43.0  78.4  2.47  0.00
 3 17  76 18.00  3.04  0.00  0.00 300.0   0.0   0.0  2.09  43.8  79.8  2.47  0.00
 3 17  76 18.25  2.96  0.00  0.00 296.3   0.0   0.0  1.89  41.7  76.0  2.47  0.00
 3 17  76 18.50  3.04  0.00  0.00 313.4   0.0   0.0  2.15  44.9  82.0  2.44  0.00
 3 17  76 18.75  2.96  0.00  0.00 305.5   0.0   0.0  1.86  41.1  74.8  2.47  0.00
 3 17  76 19.00  3.04  0.00  0.00 306.0   0.0   0.0  2.24  47.0  85.7  2.45  0.00
 3 17  76 19.25  3.04  0.00  0.00 281.3   0.0   0.0  1.53  32.2  53.2  3.62  0.00
 3 17  76 19.50  3.04  0.00  0.00 297.6   0.0   0.0  1.82  38.8  60.4  4.80  0.00
 3 17  76 19.75  2.96  0.00  0.00 313.6   0.0   0.0  2.19  48.5  88.2  2.49  0.00
 3 17  76 20.00  2.88  0.00  0.00 308.5   0.0   0.0  1.91  44.5  80.9  2.48  0.00
 3 17  76 20.25  3.04  0.00  0.00 310.7   0.0   0.0  2.18  45.7  83.2  2.48  0.00
 3 17  76 20.50  3.04  0.00  0.00 302.5   0.0   0.0  1.99  41.7  76.1  2.45  0.00
 3 17  76 20.75  3.04  0.00  0.00 285.2   0.0   0.0  1.61  34.1  55.9  3.76  0.00
 3 17  76 21.00  3.04  0.00  0.00 298.9   0.0   0.0  1.98  41.3  75.4  2.46  0.00
 3 17  76 21.25  3.04  0.00  0.00 300.7   0.0   0.0  2.36  51.2  74.5  6.00  0.00
 3 17  76 21.50  3.04  0.00  0.00 293.8   0.0   0.0  1.95  40.7  74.3  2.46  0.00
 3 17  76 21.75  3.04  0.00  0.00 297.5   0.0   0.0  2.20  46.1  83.4  2.54  0.00
 3 17  76 22.00  3.04  0.00  0.00 278.3   0.0   0.0  1.51  31.5  54.2  3.02  0.00
 3 17  76 22.25  3.04  0.00  0.00 290.8   0.0   0.0  2.42  51.9  75.2  6.00  0.00
 3 17  76 22.50  3.12  0.00  0.00 269.2   0.0   0.0  1.82  35.8  58.9  3.58  0.00
 3 17  76 22.75  3.28  0.00  0.00 276.8   0.0   0.0  2.88  51.5  90.4  2.90  0.00
 3 17  76 23.00  3.36  0.00  0.00 236.7   0.0   0.0  2.06  33.8  55.4  3.56  0.00
 3 17  76 23.25  3.69  0.00  0.00 235.1   0.0   0.0  2.43  32.4  57.0  2.63  0.00
 3 17  76 23.50  3.84  0.00  0.00 216.2   0.0   0.0  2.30  27.6  48.7  2.30  0.00
 3 17  76 23.75  3.93  0.00  1.62 210.2   0.0 103.1  2.26  25.0  45.3  2.01  0.00
