mo da yda  time  FoF2  FoF1   FoE  HmF2  HmF1   HmE   Tec  HTop    B0    B1    D1
 1 21  21  0.00  2.32  0.00  0.00 241.2   0.0   0.0  1.49  53.8  97.6  2.79  0.00
 1 21  21  0.25  2.32  0.00  0.00 282.7   0.0   0.0  1.60  56.9  96.6  3.41  0.00
 1 21  21  0.50  2.58  0.00  0.00 233.6   0.0   0.0  1.26  35.4  51.8  6.00  0.00
 1 21  21  0.75  2.96  0.00  0.00 236.8   0.0   0.0  2.18  47.0  78.6  3.69  0.00
 1 21  21  1.00  3.36  0.00  0.00 239.5   0.0   0.0  2.98  49.8  86.0  3.19  0.00
 1 21  21  1.25  4.24  0.00  0.00 235.3   0.0   0.0  3.38  33.9  70.2  1.72  0.00
 1 21  21  1.50  4.80  0.00  1.54 208.8   0.0 101.4  2.82  21.2  40.3  1.78  0.00
 1 21  21  1.75  4.72  0.00  0.00 206.6   0.0   0.0  3.08  24.6  38.2  4.00  0.00
 1 21  21  2.00  4.49  2.24  1.94 196.7 141.8 103.2  3.26  30.0  51.2  2.68  0.58
 1 21  21  2.25  4.64  0.00  1.94 215.6   0.0 102.1  4.06  33.4  69.5  1.77  0.00
 1 21  21  2.50  4.73  3.00  2.02 199.3 165.2 103.2  2.98  23.6  37.8  2.64  0.50
 1 21  21  2.75  4.76  0.00  2.10 220.2   0.0 102.8  5.88  48.7  72.7  6.00  0.00
 1 21  21  3.00  5.13  0.00  2.10 232.3   0.0 102.7  5.38  36.2  85.2  1.22  0.00
 1 21  21  3.25  4.97  3.24  2.18 202.9 162.5 101.5  4.02  29.6  44.9  2.95  0.60
 1 21  21  3.50  5.76  0.00  2.26 253.0   0.0 104.9  8.74  48.0 117.1  1.27  0.00
 1 21  21  3.75  5.62  0.00  2.34 236.4   0.0 103.1  7.75  44.9  82.5  2.12  0.00
 1 21  21  4.00  5.45  3.64  2.34 226.9 169.1  98.9  6.57  40.7  70.6  2.17  0.52
 1 21  21  4.25  5.13  3.48  2.34 205.5 162.6  99.5  4.67  32.2  51.6  2.43  0.60
 1 21  21  4.50  4.97  3.56  2.42 212.8 165.9 102.7  5.10  37.9  63.4  2.36  0.50
 1 21  21  4.75  5.06  3.48  2.42 219.2 160.5 101.3  6.27  46.3  71.7  3.75  0.50
 1 21  21  5.00  5.46  3.56  2.42 253.8 166.1 102.5  9.23  58.4 123.2  1.67  0.00
 1 21  21  5.25  5.29  3.56  0.00 215.4 166.6   0.0  5.52  36.2  58.4  2.63  0.59
 1 21  21  5.50  5.76  0.00  0.00 234.7   0.0   0.0  7.19  39.0  73.9  1.92  0.00
 1 21  21  5.75  5.85  3.56  2.42 215.8 171.2  99.3  5.88  31.3  47.2  3.40  0.50
 1 21  21  6.00  5.45  3.56  2.34 210.7 168.7 101.1  5.22  32.1  47.9  3.36  0.50
 1 21  21  6.25  5.06  3.40  2.34 201.6 157.0 101.7  4.74  34.2  52.9  3.23  0.50
 1 21  21  6.50  4.73  3.32  2.34 198.4 155.1 102.5  4.11  33.8  56.6  2.62  0.50
 1 21  21  6.75  4.26  3.24  2.34 192.4 150.0 105.7  3.69  38.3  60.1  3.75  0.05
 1 21  21  7.00  5.04  3.43  2.26 238.9 169.1 102.8  6.69  48.9 103.9  1.55  0.50
 1 21  21  7.25  5.68  3.24  2.26 231.3 160.3 105.1  6.51  36.6  77.3  1.43  0.50
 1 21  21  7.50  5.77  3.24  2.18 230.1 199.4 104.8  4.93  26.8  34.4  6.00  0.50
 1 21  21  7.75  5.53  3.05  2.10 210.1 183.1 104.2  3.47  20.0  26.8  5.62  0.50
 1 21  21  8.00  5.06  2.92  2.02 218.6 160.5 104.7  5.46  40.5  60.9  4.70  0.50
 1 21  21  8.25  4.64  0.00  1.94 211.2   0.0 106.5  3.93  32.7  57.3  2.43  0.00
 1 21  21  8.50  4.56  0.00  0.00 208.8   0.0   0.0  3.51  30.0  59.3  1.89  0.00
 1 21  21  8.75  4.08  0.00  0.00 213.9   0.0   0.0  3.55  39.5  61.2  4.46  0.00
 1 21  21  9.00  3.60  0.00  0.00 212.9   0.0   0.0  2.44  33.7  54.3  3.70  0.00
 1 21  21  9.25  4.00  0.00  0.00 234.1   0.0   0.0  2.90  32.2  68.2  1.60  0.00
 1 21  21  9.50  3.92  0.00  0.00 247.7   0.0   0.0  4.34  55.1  75.8  6.00  0.00
 1 21  21  9.75  3.52  0.00  0.00 255.4   0.0   0.0  3.22  49.7  85.9  3.12  0.00
 1 21  21 10.00  3.52  0.00  0.00 260.4   0.0   0.0  3.03  47.0  82.0  3.01  0.00
 1 21  21 10.25  2.80  0.00  0.00 275.8   0.0   0.0  1.97  48.3  84.3  2.98  0.00
 1 21  21 10.75  2.40  0.00  0.00 295.9   0.0   0.0  1.48  49.5  88.5  2.67  0.00
 1 21  21 11.00  2.32  0.00  0.00 288.8   0.0   0.0  1.20  43.0  77.4  2.59  0.00
 1 21  21 11.25  2.32  0.00  0.00 299.6   0.0   0.0  1.37  49.3  88.3  2.66  0.00
 1 21  21 11.50  2.32  0.00  0.00 288.9   0.0   0.0  1.30  46.9  84.0  2.66  0.00
 1 21  21 11.75  2.24  0.00  0.00 278.1   0.0   0.0  1.17  45.4  81.3  2.66  0.00
 1 21  21 12.00  2.16  0.00  0.00 272.8   0.0   0.0  1.06  44.1  78.8  2.68  0.00
 1 21  21 12.25  2.08  0.00  0.00 276.6   0.0   0.0  0.86  38.1  68.4  2.65  0.00
 1 21  21 12.50  2.08  0.00  0.00 276.6   0.0   0.0  0.86  38.1  68.4  2.65  0.00
 1 21  21 12.75  2.08  0.00  0.00 277.0   0.0   0.0  0.86  38.0  68.1  2.65  0.00
 1 21  21 13.00  1.92  0.00  0.00 292.2   0.0   0.0  0.81  41.9  74.8  2.68  0.00
 1 21  21 13.25  2.16  0.00  0.00 308.3   0.0   0.0  1.12  46.3  83.3  2.61  0.00
 1 21  21 13.50  2.16  0.00  0.00 309.8   0.0   0.0  1.12  46.1  83.0  2.59  0.00
 1 21  21 13.75  2.40  0.00  0.00 313.9   0.0   0.0  1.42  47.7  86.0  2.58  0.00
 1 21  21 14.00  2.48  0.00  0.00 293.5   0.0   0.0  1.29  40.6  73.3  2.56  0.00
 1 21  21 14.25  2.72  0.00  0.00 304.6   0.0   0.0  1.73  45.3  82.2  2.52  0.00
 1 21  21 14.50  2.88  0.00  0.00 301.7   0.0   0.0  1.91  44.6  80.9  2.52  0.00
 1 21  21 14.75  2.96  0.00  0.00 295.7   0.0   0.0  1.99  44.0  80.0  2.50  0.00
 1 21  21 15.00  2.96  0.00  0.00 306.8   0.0   0.0  2.16  47.8  86.9  2.49  0.00
 1 21  21 15.25  2.96  0.00  0.00 304.5   0.0   0.0  2.27  50.3  91.3  2.51  0.00
 1 21  21 15.50  3.04  0.00  0.00 301.2   0.0   0.0  2.25  47.1  85.8  2.48  0.00
 1 21  21 15.75  3.04  0.00  0.00 301.2   0.0   0.0  2.23  46.8  85.2  2.48  0.00
 1 21  21 16.00  3.12  0.00  0.00 295.9   0.0   0.0  2.28  45.4  82.7  2.47  0.00
 1 21  21 16.25  3.04  0.00  0.00 286.2   0.0   0.0  2.27  47.8  86.8  2.51  0.00
 1 21  21 16.50  3.04  0.00  0.00 286.8   0.0   0.0  2.23  46.8  84.7  2.55  0.00
 1 21  21 16.75  3.20  0.00  0.00 294.2   0.0   0.0  2.57  48.8  88.6  2.50  0.00
 1 21  21 17.00  3.04  0.00  0.00 286.7   0.0   0.0  2.23  46.9  85.0  2.52  0.00
 1 21  21 17.25  3.28  0.00  0.00 297.5   0.0   0.0  2.67  48.1  87.5  2.48  0.00
 1 21  21 17.50  3.28  0.00  0.00 298.8   0.0   0.0  2.44  44.0  80.2  2.47  0.00
 1 21  21 17.75  3.28  0.00  0.00 291.7   0.0   0.0  2.29  41.2  75.4  2.44  0.00
 1 21  21 18.00  3.36  0.00  0.00 258.0   0.0   0.0  1.54  26.5  44.7  3.34  0.00
 1 21  21 18.25  3.36  0.00  0.00 274.7   0.0   0.0  2.44  41.9  76.4  2.46  0.00
 1 21  21 18.50  2.88  0.00  0.00 268.2   0.0   0.0  1.93  45.2  81.4  2.61  0.00
 1 21  21 18.75  2.80  0.00  0.00 302.8   0.0   0.0  1.96  48.6  87.7  2.56  0.00
 1 21  21 19.00  2.88  0.00  0.00 298.3   0.0   0.0  1.93  45.1  81.7  2.54  0.00
 1 21  21 19.25  2.80  0.00  0.00 275.6   0.0   0.0  1.67  41.3  74.8  2.54  0.00
 1 21  21 19.50  2.72  0.00  0.00 272.1   0.0   0.0  1.52  39.8  71.9  2.55  0.00
 1 21  21 19.75  2.72  0.00  0.00 285.5   0.0   0.0  1.69  44.2  79.9  2.56  0.00
 1 21  21 20.00  2.72  0.00  0.00 292.0   0.0   0.0  1.66  43.5  78.6  2.56  0.00
 1 21  21 20.25  2.88  0.00  0.00 290.2   0.0   0.0  1.86  43.3  78.9  2.48  0.00
 1 21  21 20.50  3.04  0.00  0.00 297.6   0.0   0.0  2.33  49.1  88.9  2.53  0.00
 1 21  21 20.75  2.96  0.00  0.00 294.6   0.0   0.0  2.10  46.6  84.3  2.55  0.00
 1 21  21 21.00  3.04  0.00  0.00 278.2   0.0   0.0  1.94  40.8  73.9  2.55  0.00
 1 21  21 21.25  3.20  0.00  0.00 283.9   0.0   0.0  2.29  43.4  79.1  2.46  0.00
 1 21  21 21.50  3.36  0.00  0.00 285.1   0.0   0.0  2.57  44.2  80.7  2.44  0.00
 1 21  21 21.75  3.36  0.00  0.00 271.9   0.0   0.0  2.42  41.6  75.7  2.50  0.00
 1 21  21 22.00  3.44  0.00  0.00 271.1   0.0   0.0  2.38  38.9  71.2  2.43  0.00
 1 21  21 22.25  3.44  0.00  0.00 265.6   0.0   0.0  2.34  38.4  70.0  2.45  0.00
 1 21  21 22.50  3.36  0.00  0.00 258.5   0.0   0.0  2.16  37.1  67.7  2.44  0.00
 1 21  21 22.75  3.36  0.00  0.00 273.0   0.0   0.0  2.72  46.8  85.1  2.48  0.00
 1 21  21 23.00  3.36  0.00  0.00 280.0   0.0   0.0  2.36  40.5  74.1  2.44  0.00
 1 21  21 23.25  3.36  0.00  0.00 288.1   0.0   0.0  2.88  49.5  90.2  2.48  0.00
 1 21  21 23.50  3.28  0.00  0.00 280.8   0.0   0.0  2.42  43.6  78.7  2.58  0.00
 1 21  21 23.75  3.28  0.00  0.00 264.4   0.0   0.0  2.23  40.2  72.4  2.58  0.00
