mo da yda  time  FoF2  FoF1   FoE  HmF2  HmF1   HmE   Tec  HTop    B0    B1    D1
 3 15  74  0.00  3.40  2.50  1.70 233.6 166.4 111.5  3.41  56.5  89.2  4.00  0.01
 3 15  74  0.25  3.48  2.52  1.86 230.1 166.9 113.6  3.42  53.5  81.7  4.22  0.16
 3 15  74  0.50  3.77  0.00  1.94 227.2   0.0 112.6  3.67  46.7  85.5  2.37  0.00
 3 15  74  0.75  3.78  2.64  2.02 219.4 155.3 110.7  3.68  48.4  82.5  2.99  0.10
 3 15  74  1.00  3.88  2.92  2.18 228.0 161.0 113.4  4.63  59.0  93.1  3.92  0.08
 3 15  74  1.25  4.01  0.00  2.26 214.6   0.0 107.9  4.25  48.2  93.8  2.10  0.00
 3 15  74  1.50  4.20  3.56  2.34 232.9 172.6 104.7  5.93  64.6 111.3  2.69  0.50
 3 15  74  1.75  4.28  3.56  2.42 229.7 168.5 105.9  6.01  63.1 103.0  3.20  0.50
 3 15  74  2.00  4.44  3.60  2.50 241.8 166.5 107.7  7.25  71.1 125.3  2.59  0.50
 3 15  74  2.25  4.84  3.61  2.50 236.6 168.5 108.5  7.08  57.2  93.0  2.66  0.52
 3 15  74  2.50  4.90  3.80  2.58 227.1 174.5 104.0  6.42  49.8  82.9  2.16  0.50
 3 15  74  2.75  5.14  3.80  2.66 231.4 172.2 102.6  7.18  50.5  83.1  2.23  0.60
 3 15  74  3.00  5.32  3.88  2.66 235.6 175.3 103.4  8.17  54.4  77.5  3.47  0.70
 3 15  74  3.25  5.46  3.88  2.74 228.6 173.2 103.3  7.42  46.0  68.6  2.75  1.00
 3 15  74  3.50  5.46  3.96  2.74 221.8 172.4 102.6  6.96  43.0  64.2  2.66  0.70
 3 15  74  3.75  5.22  3.96  2.74 220.7 170.8 100.7  6.83  46.7  72.1  2.49  0.55
 3 15  74  4.25  5.38  3.96  2.82 236.5 167.7 101.3  8.73  56.7  94.3  2.16  1.00
 3 15  74  4.50  5.80  3.96  2.82 246.8 169.0 102.4 10.63  59.8  93.5  2.87  1.00
 3 15  74  4.75  5.78  3.96  2.82 219.9 168.8  99.4  7.35  40.2  57.9  2.70  1.08
 3 15  74  5.00  5.64  4.04  2.82 224.6 166.3 103.7  8.49  50.4  71.3  3.65  0.70
 3 15  74  5.25  5.53  4.04  2.82 217.8 168.5 101.9  7.15  43.2  66.3  2.41  1.00
 3 15  74  5.50  5.54  3.96  2.82 213.0 160.5 101.4  7.09  43.0  65.4  2.69  1.00
 3 15  74  5.75  5.22  3.96  2.82 210.2 159.2 103.5  6.67  46.0  72.1  2.61  0.57
 3 15  74  6.00  5.40  3.96  2.82 243.4 159.7 110.0 10.26  67.9 115.3  2.84  0.50
 3 15  74  6.25  5.30  3.88  2.82 218.4 159.1 105.7  7.22  48.2  82.9  2.19  0.57
 3 15  74  6.50  5.24  3.88  2.74 220.6 158.4 102.3  7.64  52.8  86.7  2.64  0.50
 3 15  74  6.75  5.16  3.88  2.74 229.4 162.6 108.6  7.96  56.9  96.9  2.59  0.50
 3 15  74  7.00  5.22  3.88  2.66 233.2 163.3 101.2  8.12  56.3 105.2  1.93  0.50
 3 15  74  7.25  5.38  3.88  2.66 228.7 169.8 103.6  7.56  48.8  77.6  2.53  0.60
 3 15  74  7.50  5.54  3.86  2.66 224.6 168.4 103.5  7.35  44.4  69.3  2.69  0.65
 3 15  74  7.75  5.46  3.78  2.66 225.2 165.6 102.9  7.34  45.8  73.4  2.63  0.58
 3 15  74  8.00  5.14  3.64  2.58 220.5 165.5 104.3  6.37  45.0  69.5  2.99  0.51
 3 15  74  8.25  4.98  3.56  2.50 225.4 161.5 104.2  6.64  50.5  87.2  2.51  0.50
 3 15  74  8.50  5.22  3.53  2.50 232.0 163.5 107.2  7.36  50.4  85.0  2.65  0.50
 3 15  74  8.75  5.29  3.48  2.42 219.4 168.7 112.6  5.56  36.0  60.5  2.50  0.50
 3 15  74  9.00  4.97  3.24  2.34 213.3 162.5 108.7  4.98  37.3  57.3  3.27  0.55
 3 15  74  9.25  4.73  0.00  2.26 221.6   0.0 112.6  5.08  41.1  71.5  2.51  0.00
 3 15  74  9.50  4.81  3.16  2.18 224.2 170.3 109.1  4.96  39.7  63.7  3.00  0.50
 3 15  74  9.75  4.57  0.00  2.02 220.0   0.0 108.7  4.37  37.8  66.6  2.37  0.00
 3 15  74 10.00  4.65  0.00  1.94 226.9   0.0 106.3  4.02  32.8  59.8  2.10  0.00
 3 15  74 10.25  4.57  0.00  1.86 225.2   0.0 110.6  3.88  32.9  52.0  3.60  0.00
 3 15  74 10.50  4.57  0.00  1.70 242.3   0.0 117.1  4.44  38.7  66.5  2.80  0.00
 3 15  74 10.75  4.56  0.00  1.54 225.3   0.0 109.8  3.29  28.3  48.6  2.64  0.00
 3 15  74 11.00  4.24  0.00  0.00 236.8   0.0   0.0  3.46  35.7  58.7  3.37  0.00
 3 15  74 11.50  3.84  0.00  0.00 270.2   0.0   0.0  3.89  50.9  89.3  2.94  0.00
 3 15  74 11.75  3.68  0.00  0.00 259.9   0.0   0.0  2.29  32.3  54.0  3.46  0.00
 3 15  74 12.00  3.68  0.00  0.00 298.5   0.0   0.0  3.68  52.7  94.7  2.63  0.00
 3 15  74 12.25  3.68  0.00  0.00 290.3   0.0   0.0  3.10  44.3  80.5  2.51  0.00
 3 15  74 12.50  3.68  0.00  0.00 272.7   0.0   0.0  2.18  31.2  53.7  3.05  0.00
 3 15  74 12.75  3.68  0.00  0.00 294.8   0.0   0.0  2.88  41.1  75.4  2.39  0.00
 3 15  74 13.00  3.68  0.00  0.00 268.0   0.0   0.0  2.01  29.0  47.3  3.86  0.00
 3 15  74 13.25  3.60  0.00  0.00 285.5   0.0   0.0  2.64  39.5  72.3  2.41  0.00
 3 15  74 13.50  3.36  0.00  0.00 282.3   0.0   0.0  2.23  38.3  70.1  2.41  0.00
 3 15  74 13.75  3.20  0.00  0.00 289.6   0.0   0.0  2.20  41.6  76.0  2.44  0.00
 3 15  74 14.00  3.12  0.00  0.00 293.6   0.0   0.0  2.17  43.1  78.6  2.46  0.00
 3 15  74 14.25  3.12  0.00  0.00 296.9   0.0   0.0  2.11  41.9  76.7  2.43  0.00
 3 15  74 14.50  3.20  0.00  0.00 292.0   0.0   0.0  2.32  43.9  80.0  2.47  0.00
 3 15  74 14.75  3.12  0.00  0.00 285.6   0.0   0.0  2.11  42.0  76.6  2.47  0.00
 3 15  74 15.00  3.12  0.00  0.00 289.5   0.0   0.0  2.15  42.7  77.9  2.46  0.00
 3 15  74 15.25  3.04  0.00  0.00 284.5   0.0   0.0  2.32  48.9  88.5  2.55  0.00
 3 15  74 15.50  2.96  0.00  0.00 284.4   0.0   0.0  1.92  42.4  76.9  2.52  0.00
 3 15  74 15.75  2.96  0.00  0.00 303.1   0.0   0.0  2.16  47.8  86.7  2.53  0.00
 3 15  74 16.00  2.96  0.00  0.00 304.1   0.0   0.0  2.31  51.2  92.4  2.57  0.00
 3 15  74 16.25  2.88  0.00  0.00 302.7   0.0   0.0  2.09  48.8  88.4  2.54  0.00
 3 15  74 16.50  2.88  0.00  0.00 283.2   0.0   0.0  1.72  40.1  72.9  2.50  0.00
 3 15  74 16.75  2.80  0.00  0.00 291.1   0.0   0.0  1.75  43.3  78.5  2.52  0.00
 3 15  74 17.00  2.80  0.00  0.00 301.1   0.0   0.0  1.99  49.2  88.9  2.55  0.00
 3 15  74 17.25  2.64  0.00  0.00 285.4   0.0   0.0  1.51  42.0  75.9  2.56  0.00
 3 15  74 17.50  2.64  0.00  0.00 301.5   0.0   0.0  1.67  46.5  84.0  2.56  0.00
 3 15  74 17.75  2.64  0.00  0.00 303.9   0.0   0.0  1.55  43.0  77.9  2.52  0.00
 3 15  74 18.00  2.72  0.00  0.00 300.3   0.0   0.0  1.69  44.1  80.2  2.48  0.00
 3 15  74 18.25  2.64  0.00  0.00 303.7   0.0   0.0  1.68  46.7  84.5  2.54  0.00
 3 15  74 18.50  2.64  0.00  0.00 304.0   0.0   0.0  1.82  50.7  91.5  2.57  0.00
 3 15  74 18.75  2.64  0.00  0.00 313.1   0.0   0.0  1.71  47.6  86.0  2.55  0.00
 3 15  74 19.00  2.72  0.00  0.00 305.8   0.0   0.0  1.72  45.0  81.6  2.51  0.00
 3 15  74 19.25  2.72  0.00  0.00 318.7   0.0   0.0  1.92  50.2  90.9  2.54  0.00
 3 15  74 19.50  2.72  0.00  0.00 318.9   0.0   0.0  2.07  54.3  98.3  2.53  0.00
 3 15  74 19.75  2.80  0.00  0.00 315.2   0.0   0.0  1.91  47.1  85.6  2.49  0.00
 3 15  74 20.00  2.88  0.00  0.00 317.7   0.0   0.0  2.26  52.9  96.3  2.49  0.00
 3 15  74 20.25  2.88  0.00  0.00 312.9   0.0   0.0  2.02  47.2  85.8  2.50  0.00
 3 15  74 20.50  2.88  0.00  0.00 292.1   0.0   0.0  1.76  41.2  74.7  2.52  0.00
 3 15  74 20.75  2.88  0.00  0.00 303.1   0.0   0.0  2.02  47.2  85.4  2.55  0.00
 3 15  74 21.00  2.88  0.00  0.00 301.0   0.0   0.0  1.95  45.7  82.7  2.53  0.00
 3 15  74 21.25  2.88  0.00  0.00 296.8   0.0   0.0  1.99  46.5  84.5  2.50  0.00
 3 15  74 21.50  2.80  0.00  0.00 291.9   0.0   0.0  1.78  43.8  79.8  2.48  0.00
 3 15  74 21.75  2.88  0.00  0.00 288.7   0.0   0.0  1.86  43.4  78.5  2.55  0.00
 3 15  74 22.00  2.80  0.00  0.00 279.0   0.0   0.0  1.55  38.2  69.0  2.55  0.00
 3 15  74 22.25  2.72  0.00  0.00 279.1   0.0   0.0  1.92  50.1  89.1  2.75  0.00
 3 15  74 22.50  2.80  0.00  0.00 281.6   0.0   0.0  2.03  50.0  87.7  2.92  0.00
 3 15  74 22.75  2.80  0.00  0.00 268.9   0.0   0.0  1.93  46.8  81.6  3.01  0.00
 3 15  74 23.00  3.14  0.00  0.00 247.5   0.0   0.0  1.77  33.1  53.6  3.77  0.00
 3 15  74 23.25  3.29  0.00  0.00 239.9   0.0   0.0  1.90  31.5  48.7  4.24  0.00
 3 15  74 23.50  3.61  0.00  0.00 220.7   0.0   0.0  2.05  27.6  47.2  2.63  0.00
 3 15  74 23.75  3.78  0.00  1.54 227.0   0.0 114.7  2.60  32.2  51.9  3.32  0.00
