mo da yda  time  FoF2  FoF1   FoE  HmF2  HmF1   HmE   Tec  HTop    B0    B1    D1
 2  6  37  0.00  2.16  0.00  0.00 286.3   0.0   0.0  1.49  60.8 105.1  3.20  0.00
 2  6  37  0.50  3.21  0.00  0.00 243.1   0.0   0.0  1.91  33.4  52.8  4.04  0.00
 2  6  37  0.75  3.69  0.00  0.00 228.0   0.0   0.0  2.32  30.5  48.1  3.82  0.00
 2  6  37  1.00  4.25  0.00  0.00 224.0   0.0   0.0  2.90  28.9  45.8  3.87  0.00
 2  6  37  1.25  4.40  0.00  0.00 213.7   0.0   0.0  2.91  26.5  44.5  2.85  0.00
 2  6  37  1.50  4.74  0.00  0.00 216.7   0.0   0.0  3.37  26.5  40.5  3.97  0.00
 2  6  37  1.75  4.73  0.00  1.94 210.0   0.0 112.2  3.54  27.8  48.3  2.41  0.00
 2  6  37  2.00  4.81  0.00  2.02 211.5   0.0 111.7  4.15  32.2  57.2  2.35  0.00
 2  6  37  2.25  4.81  0.00  2.10 209.8   0.0 109.9  3.89  29.7  53.4  2.13  0.00
 2  6  37  2.50  5.05  0.00  2.18 219.8   0.0 110.6  4.88  34.2  62.7  2.14  0.00
 2  6  37  2.75  5.12  0.00  2.26 219.2   0.0 107.0  5.86  40.9  69.7  2.68  0.00
 2  6  37  3.00  5.30  3.32  2.34 218.5 162.1 105.3  5.73  37.7  64.2  2.55  0.50
 2  6  37  3.25  5.77  3.40  2.34 222.0 162.5 104.8  6.18  33.7  66.7  1.68  0.50
 2  6  37  3.50  5.93  3.48  2.42 214.3 163.4 104.9  5.92  30.4  54.5  2.08  0.52
 2  6  37  3.75  5.93  3.56  2.42 215.3 165.8 106.3  6.21  32.3  52.3  2.74  0.59
 2  6  37  4.00  5.77  3.64  2.50 218.5 166.2 107.6  6.42  35.4  60.5  2.40  0.50
 2  6  37  4.25  5.78  3.64  2.50 215.2 161.4 102.6  6.65  36.8  60.0  2.78  0.50
 2  6  37  4.50  5.69  3.72  2.50 208.8 161.4 102.2  5.90  33.3  57.4  2.23  0.50
 2  6  37  4.75  5.77  3.56  2.50 220.3 159.4 100.2  6.86  37.8  67.5  2.11  0.57
 2  6  37  5.00  5.78  3.64  2.58 219.1 161.7 106.0  6.83  37.6  64.2  2.36  0.58
 2  6  37  5.17  5.96  3.53  0.00 219.0 160.3   0.0  6.61  33.9  62.6  1.96  0.55
 2  6  37  5.22  5.95  3.74  0.00 215.8 166.0   0.0  6.29  32.1  57.0  2.07  0.56
 2  6  37  5.32  5.82  3.67  2.60 210.5 161.5 102.1  5.95  31.7  56.9  1.94  0.59
 2  6  37  5.42  5.82  3.60  2.53 212.9 156.8  98.5  6.43  34.7  62.7  2.01  0.55
 2  6  37  5.47  5.82  3.74  2.53 212.2 160.0  97.1  6.62  35.4  61.5  2.19  0.50
 2  6  37  5.75  5.94  3.56  2.50 213.9 158.8 101.8  6.30  32.4  59.5  1.91  0.57
 2  6  37  6.00  5.69  3.56  2.50 209.5 155.6 100.3  5.99  33.7  62.8  1.85  0.57
 2  6  37  6.25  5.53  3.53  2.50 211.4 155.3 100.2  6.10  36.7  65.7  2.09  0.52
 2  6  37  6.50  5.61  3.48  2.50 213.3 156.1 100.5  5.99  34.6  64.2  1.89  0.60
 2  6  37  6.75  5.37  3.32  2.42 209.0 156.7 100.2  5.11  32.1  57.9  2.02  0.50
 2  6  37  7.02  5.26  3.46  0.00 216.0 177.5   0.0  4.57  29.4  46.7  2.67  0.50
 2  6  37  7.07  5.20  3.46  0.00 217.5 174.5   0.0  4.98  33.4  50.6  3.14  0.50
 2  6  37  7.12  5.19  3.39  0.00 219.0 189.2   0.0  4.00  25.7  34.1  4.08  0.50
 2  6  37  7.17  5.12  3.56  0.00 208.6 167.7   0.0  4.66  32.3  54.2  2.45  0.50
 2  6  37  7.22  5.13  3.46  0.00 218.9 171.8   0.0  5.36  37.7  56.5  3.69  0.50
 2  6  37  7.27  5.11  0.00  0.00 210.9   0.0   0.0  4.82  32.6  66.9  1.60  0.00
 2  6  37  7.32  5.04  3.25  0.00 214.4 170.4   0.0  4.39  30.9  52.0  2.39  0.50
 2  6  37  7.37  5.05  3.39  0.00 215.3 173.8   0.0  4.55  32.2  52.2  2.69  0.50
 2  6  37  7.42  5.05  3.25  0.00 220.1 184.0   0.0  3.99  27.4  41.4  3.07  0.50
 2  6  37  7.47  5.04  3.18  0.00 225.7 196.1   0.0  3.85  26.4  33.5  6.00  0.50
 2  6  37  7.52  4.98  3.32  0.00 213.2 164.6   0.0  4.77  35.3  60.3  2.55  0.50
 2  6  37  7.57  4.91  3.32  0.00 218.4 172.8   0.0  4.66  35.4  55.6  3.17  0.50
 2  6  37  7.62  4.83  0.00  0.00 208.8   0.0   0.0  4.21  31.7  63.4  1.64  0.00
 2  6  37  7.67  4.77  3.31  0.00 210.8 167.8   0.0  4.20  33.6  54.8  2.80  0.50
 2  6  37  7.72  4.85  3.08  0.00 218.5 156.2   0.0  5.39  43.1  69.8  3.14  0.50
 2  6  37  7.77  4.83  0.00  0.00 209.3   0.0   0.0  4.08  30.4  64.0  1.48  0.00
 2  6  37  7.82  4.83  0.00  0.00 206.0   0.0   0.0  4.04  30.3  65.0  1.44  0.00
 2  6  37  7.87  4.83  0.00  0.00 209.9   0.0   0.0  4.33  32.8  66.3  1.67  0.00
 2  6  37  7.92  4.83  0.00  0.00 210.2   0.0   0.0  4.31  32.6  65.8  1.68  0.00
 2  6  37  7.97  4.83  0.00  0.00 210.3   0.0   0.0  4.32  32.7  66.0  1.68  0.00
 2  6  37  8.25  4.72  0.00  0.00 202.3   0.0   0.0  3.47  26.8  58.5  1.36  0.00
 2  6  37  8.50  4.66  0.00  2.02 209.2   0.0 103.1  3.26  25.7  45.7  2.00  0.00
 2  6  37  8.75  4.49  0.00  0.00 206.6   0.0   0.0  2.93  24.8  43.2  2.23  0.00
 2  6  37  9.00  4.33  0.00  1.86 211.0   0.0 106.2  3.38  32.0  58.6  2.12  0.00
 2  6  37  9.25  4.26  0.00  0.00 211.6   0.0   0.0  2.87  28.1  42.3  4.33  0.00
 2  6  37  9.50  3.94  0.00  0.00 218.1   0.0   0.0  2.72  31.8  44.0  6.00  0.00
 2  6  37  9.75  3.84  0.00  0.00 218.3   0.0   0.0  2.46  30.0  51.1  2.93  0.00
 2  6  37 10.00  3.76  0.00  0.00 233.1   0.0   0.0  3.38  45.5  77.6  3.33  0.00
 2  6  37 10.25  3.12  0.00  0.00 235.6   0.0   0.0  2.20  42.7  72.0  3.56  0.00
 2  6  37 10.50  2.81  0.00  0.00 237.0   0.0   0.0  1.30  30.7  48.4  4.41  0.00
 2  6  37 10.75  2.64  0.00  0.00 272.1   0.0   0.0  1.65  45.2  79.0  2.95  0.00
 2  6  37 11.00  2.64  0.00  0.00 285.7   0.0   0.0  1.82  50.5  89.3  2.81  0.00
 2  6  37 11.25  2.56  0.00  0.00 281.4   0.0   0.0  1.63  48.2  85.5  2.77  0.00
 2  6  37 11.50  2.48  0.00  0.00 272.4   0.0   0.0  1.26  39.7  71.3  2.63  0.00
 2  6  37 12.00  0.00  0.00  0.00   0.0   0.0   0.0  0.00   0.0   0.0  0.00  0.00
 2  6  37 12.25  2.40  0.00  0.00 275.9   0.0   0.0  1.12  37.6  67.9  2.56  0.00
 2  6  37 12.50  2.32  0.00  0.00 266.0   0.0   0.0  1.21  43.7  78.0  2.71  0.00
 2  6  37 12.75  2.16  0.00  0.00 279.3   0.0   0.0  1.08  44.8  80.3  2.66  0.00
 2  6  37 13.00  2.08  0.00  0.00 283.5   0.0   0.0  1.11  49.8  88.7  2.73  0.00
 2  6  37 13.25  2.08  0.00  0.00 280.3   0.0   0.0  1.07  48.1  85.5  2.77  0.00
 2  6  37 13.50  2.08  0.00  0.00 286.5   0.0   0.0  1.06  47.3  84.4  2.71  0.00
 2  6  37 13.75  2.16  0.00  0.00 317.8   0.0   0.0  1.28  53.1  95.4  2.63  0.00
 2  6  37 14.00  2.16  0.00  0.00 297.4   0.0   0.0  1.03  42.5  76.5  2.61  0.00
 2  6  37 14.25  2.16  0.00  0.00 286.0   0.0   0.0  1.13  47.0  84.2  2.67  0.00
 2  6  37 14.50  2.24  0.00  0.00 283.6   0.0   0.0  1.18  45.6  81.6  2.67  0.00
 2  6  37 14.75  2.24  0.00  0.00 300.1   0.0   0.0  1.29  49.6  88.9  2.66  0.00
 2  6  37 15.00  2.16  0.00  0.00 302.8   0.0   0.0  1.41  58.9 105.9  2.66  0.00
 2  6  37 15.25  2.40  0.00  0.00 275.3   0.0   0.0  1.12  38.4  56.9  6.00  0.00
 2  6  37 15.50  2.56  0.00  0.00 284.6   0.0   0.0  1.51  44.7  80.5  2.60  0.00
 2  6  37 15.75  2.56  0.00  0.00 299.9   0.0   0.0  1.61  47.6  85.6  2.61  0.00
 2  6  37 16.00  2.48  0.00  0.00 284.5   0.0   0.0  1.49  46.9  84.1  2.65  0.00
 2  6  37 16.25  2.40  0.00  0.00 267.5   0.0   0.0  1.19  40.0  71.7  2.65  0.00
 2  6  37 16.50  2.40  0.00  0.00 287.7   0.0   0.0  1.26  42.4  76.3  2.61  0.00
 2  6  37 16.75  2.32  0.00  0.00 288.1   0.0   0.0  1.32  47.4  85.1  2.63  0.00
 2  6  37 17.00  2.08  0.00  0.00 303.7   0.0   0.0  1.23  55.2  98.2  2.75  0.00
 2  6  37 17.25  2.00  0.00  0.00 286.6   0.0   0.0  0.96  46.2  82.0  2.78  0.00
 2  6  37 17.50  1.92  0.00  0.00 296.1   0.0   0.0  0.90  46.8  83.2  2.76  0.00
 2  6  37 17.75  2.00  0.00  0.00 317.0   0.0   0.0  1.04  50.2  89.5  2.70  0.00
 2  6  37 18.00  2.24  0.00  0.00 290.5   0.0   0.0  0.89  33.7  60.9  2.55  0.00
 2  6  37 18.25  2.40  0.00  0.00 285.9   0.0   0.0  1.25  42.0  75.7  2.60  0.00
 2  6  37 18.50  2.32  0.00  0.00 286.7   0.0   0.0  1.24  44.4  79.7  2.64  0.00
 2  6  37 18.75  2.32  0.00  0.00 300.9   0.0   0.0  1.15  41.2  74.2  2.58  0.00
 2  6  37 19.00  2.32  0.00  0.00 305.5   0.0   0.0  1.22  44.6  65.6  6.00  0.00
 2  6  37 19.25  2.40  0.00  0.00 288.6   0.0   0.0  1.25  42.0  75.7  2.58  0.00
 2  6  37 19.50  2.48  0.00  0.00 289.8   0.0   0.0  1.43  44.9  80.9  2.59  0.00
 2  6  37 19.75  2.96  0.00  0.00 307.0   0.0   0.0  2.39  54.4  80.5  6.00  0.00
 2  6  37 20.00  2.88  0.00  0.00 318.1   0.0   0.0  1.98  46.2  84.1  2.48  0.00
 2  6  37 20.25  2.96  0.00  0.00 308.5   0.0   0.0  1.51  33.2  58.0  2.80  0.00
 2  6  37 20.50  3.04  0.00  0.00 294.2   0.0   0.0  1.82  37.9  69.2  2.44  0.00
 2  6  37 20.75  2.88  0.00  0.00 302.0   0.0   0.0  1.84  43.0  78.2  2.48  0.00
 2  6  37 21.00  2.80  0.00  0.00 291.1   0.0   0.0  1.77  43.6  79.2  2.50  0.00
 2  6  37 21.25  2.88  0.00  0.00 294.1   0.0   0.0  1.77  41.3  75.0  2.50  0.00
 2  6  37 21.50  2.80  0.00  0.00 296.4   0.0   0.0  1.61  39.7  72.1  2.51  0.00
 2  6  37 21.75  2.72  0.00  0.00 298.9   0.0   0.0  1.65  43.0  77.9  2.53  0.00
 2  6  37 22.00  2.56  0.00  0.00 288.2   0.0   0.0  1.42  42.0  75.7  2.58  0.00
 2  6  37 22.25  2.48  0.00  0.00 302.4   0.0   0.0  1.47  46.2  83.2  2.58  0.00
 2  6  37 22.50  2.40  0.00  0.00 283.5   0.0   0.0  1.10  36.6  66.3  2.54  0.00
 2  6  37 22.75  2.32  0.00  0.00 287.0   0.0   0.0  1.12  40.2  72.4  2.58  0.00
 2  6  37 23.00  2.32  0.00  0.00 281.0   0.0   0.0  1.13  40.5  72.5  2.67  0.00
 2  6  37 23.25  2.32  0.00  0.00 286.6   0.0   0.0  1.25  44.6  79.6  2.70  0.00
 2  6  37 23.50  2.32  0.00  0.00 286.0   0.0   0.0  1.37  49.2  86.5  2.89  0.00
 2  6  37 23.75  2.40  0.00  0.00 275.2   0.0   0.0  1.41  46.9  81.6  3.02  0.00
